      0.150000000      0.00390625               0.9999998949920839             -1.9999994162437975              0.3999998117006234              0.9999995292515587              1.3999999999999999              1.3999999999999999
      0.150000000      0.01171875               0.9999987476865152             -1.9999947409598275              0.3999981100095784              0.9999952750239463              1.3999999999999999              1.3999999999999999
      0.150000000      0.01953125               0.9999906741473653             -1.9999659537044916              0.3999868861090916              0.9999672152727290              1.3999999999999999              1.3999999999999999
      0.150000000      0.02734375               0.9999471499536076             -1.9998325999604534              0.3999308042746188              0.9998270106865472              1.3999999999999999              1.3999999999999999
      0.150000000      0.03515625               0.9997630995603638             -1.9993505148116173              0.3997116122258915              0.9992790305647290              1.3999999999999999              1.3999999999999999
      0.150000000      0.04296875               0.9991377783181480             -1.9979578267262124              0.3990260654071690              0.9975651635179228              1.3999999999999999              1.3999999999999999
      0.150000000      0.05078125               0.9974018257224124             -1.9946825327980127              0.3972825493147387              0.9932063732868470              1.3999999999999999              1.3999999999999999
      0.150000000      0.05859375               0.9934088524631842             -1.9882935505070671              0.3936251752370698              0.9840629380926746              1.3999999999999999              1.3999999999999999
      0.150000000      0.06640625               0.9856862388152010             -1.9777193009300871              0.3871914666434326              0.9679786666085817              1.3999999999999999              1.3999999999999999
      0.150000000      0.07421875               0.9728996491915067             -1.9624506191627282              0.3774948197870149              0.9437370494675374              1.3999999999999999              1.3999999999999999
      0.150000000      0.08203125               0.9543721744634833             -1.9426159349366168              0.3646391559717695              0.9115978899294241              1.3999999999999999              1.3999999999999999
      0.150000000      0.08984375               0.9302904221436857             -1.9187549839683078              0.3492109109470315              0.8730272773675789              1.3999999999999999              1.3999999999999999
      0.150000000      0.09765625               0.9015068613289813             -1.8915469725810752              0.3319929069296806              0.8299822673242019              1.3999999999999999              1.3999999999999999
      0.150000000      0.10546875               0.8691625590331756             -1.8616550489601995              0.3137234453025383              0.7843086132563459              1.3999999999999999              1.3999999999999999
      0.150000000      0.11328125               0.8342629134633431             -1.8297408252513547              0.2949629089625338              0.7374072724063347              1.3999999999999999              1.3999999999999999
      0.150000000      0.12109375               0.7977289092448584             -1.7961974549394717              0.2762217307252245              0.6905543268130614              1.3999999999999999              1.3999999999999999
      0.150000000      0.12890625               0.7604475157660543             -1.7611363471679677              0.2578345749030293              0.6445864372575734              1.3999999999999999              1.3999999999999999
      0.150000000      0.13671875               0.7229604689953856             -1.7246183048452293              0.2400250677017848              0.6000626692544622              1.3999999999999999              1.3999999999999999
      0.150000000      0.14453125               0.6857938463878465             -1.6869496034485871              0.2228572404715765              0.5571431011789414              1.3999999999999999              1.3999999999999999
      0.150000000      0.15234375               0.6495957478257971             -1.6484640799745396              0.2064020995834809              0.5160052489587024              1.3999999999999999              1.3999999999999999
      0.150000000      0.16015625               0.6146888719711070             -1.6093573775474337              0.1906744403755256              0.4766861009388140              1.3999999999999999              1.3999999999999999
      0.150000000      0.16796875               0.5810307121184706             -1.5697234450966115              0.1756394592705650              0.4390986481764126              1.3999999999999999              1.3999999999999999
      0.150000000      0.17578125               0.5483467091182290             -1.5295661341805245              0.1612597760265962              0.4031494400664906              1.3999999999999999              1.3999999999999999
      0.150000000      0.18359375               0.5162344548966695             -1.4888098274803720              0.1475213456509639              0.3688033641274099              1.3999999999999999              1.3999999999999999
      0.150000000      0.19140625               0.4842597075400431             -1.4475449241492120              0.1343908099332317              0.3359770248330795              1.3999999999999999              1.3999999999999999
      0.150000000      0.19921875               0.4520798188799863             -1.4060671335177526              0.1218269508030439              0.3045673770076098              1.3999999999999999              1.3999999999999999
      0.150000000      0.20703125               0.4192703574070796             -1.3642040939949236              0.1098776366327225              0.2746940915818062              1.3999999999999999              1.3999999999999999
      0.150000000      0.21484375               0.3856361524497782             -1.3212164589578144              0.0986886089241785              0.2467215223104462              1.3999999999999999              1.3999999999999999
      0.150000000      0.22265625               0.3513959159967011             -1.2760436951106839              0.0884640277191694              0.2211600692979236              1.3999999999999999              1.3999999999999999
      0.150000000      0.23046875               0.3175993351551262             -1.2296510716553670              0.0791651448826579              0.1979128622066449              1.3999999999999999              1.3999999999999999
      0.150000000      0.23828125               0.2858218888038483             -1.1832052743474664              0.0708482992937118              0.1771207482342795              1.3999999999999999              1.3999999999999999
      0.150000000      0.24609375               0.2564939769832736             -1.1366772031307022              0.0634840060263814              0.1587100150659535              1.3999999999999999              1.3999999999999999
      0.150000000      0.25390625               0.2296405955801338             -1.0900502282583628              0.0569660435890325              0.1424151089725812              1.3999999999999999              1.3999999999999999
      0.150000000      0.26171875               0.2052476002542109             -1.0433798775975784              0.0512013512390087              0.1280033780975218              1.3999999999999999              1.3999999999999999
      0.150000000      0.26953125               0.1832496305001783             -0.9967188802004915              0.0461093942233133              0.1152734855582833              1.3999999999999999              1.3999999999999999
      0.150000000      0.27734375               0.1635179244933500             -0.9501029569340076              0.0416139308950877              0.1040348272377192              1.3999999999999999              1.3999999999999999
      0.150000000      0.28515625               0.1458915665177804             -0.9035696609239423              0.0376456183404954              0.0941140458512384              1.3999999999999999              1.3999999999999999
      0.150000000      0.29296875               0.1301905244980975             -0.8571517584285873              0.0341422097031667              0.0853555242579168              1.3999999999999999              1.3999999999999999
      0.150000000      0.30078125               0.1162300720753150             -0.8108632345505413              0.0310500470821172              0.0776251177052931              1.3999999999999999              1.3999999999999999
      0.150000000      0.30859375               0.1038399433587903             -0.7647298888783769              0.0283220421777415              0.0708051054443537              1.3999999999999999              1.3999999999999999
      0.150000000      0.31640625               0.0929010125238332             -0.7188275803407413              0.0259167246889664              0.0647918117224161              1.3999999999999999              1.3999999999999999
      0.150000000      0.32421875               0.0833899845650771             -0.6733314610771763              0.0237879388656403              0.0594698471641008              1.3999999999999999              1.3999999999999999
      0.150000000      0.33203125               0.0753580520540605             -0.6282170523946604              0.0218892101887623              0.0547230254719057              1.3999999999999999              1.3999999999999999
      0.150000000      0.33984375               0.0685830191415133             -0.5831429365939690              0.0202058913876738              0.0505147284691846              1.3999999999999999              1.3999999999999999
      0.150000000      0.34765625               0.0627012934152137             -0.5382480747216029              0.0187093998412821              0.0467734996032052              1.3999999999999999              1.3999999999999999
      0.150000000      0.35546875               0.0575748765566470             -0.4936454316267123              0.0173744218068812              0.0434360545172030              1.3999999999999999              1.3999999999999999
      0.150000000      0.36328125               0.0531003423907599             -0.4494645470071768              0.0161814602863610              0.0404536507159025              1.3999999999999999              1.3999999999999999
      0.150000000      0.37109375               0.0491832993348813             -0.4059539239496557              0.0151138218100460              0.0377845545251149              1.3999999999999999              1.3999999999999999
      0.150000000      0.37890625               0.0457441051131677             -0.3634845348137602              0.0141614706555610              0.0354036766389026              1.3999999999999999              1.3999999999999999
      0.150000000      0.38671875               0.0427139019714515             -0.3226349953888749              0.0133197994639658              0.0332994986599145              1.3999999999999999              1.3999999999999999
      0.150000000      0.39453125               0.0400330934541488             -0.2842219103568837              0.0125902454235725              0.0314756135589311              1.3999999999999999              1.3999999999999999
      0.150000000      0.40234375               0.0376599021520462             -0.2492310168381260              0.0119818857848306              0.0299547144620765              1.3999999999999999              1.3999999999999999
      0.150000000      0.41015625               0.0355882247186168             -0.2186457291682196              0.0115105054204356              0.0287762635510890              1.3999999999999999              1.3999999999999999
      0.150000000      0.41796875               0.0338507675386128             -0.1931974998103788              0.0111906469091462              0.0279766172728655              1.3999999999999999              1.3999999999999999
      0.150000000      0.42578125               0.0324731381235079             -0.1730374017604140              0.0110201473197254              0.0275503682993134              1.3999999999999999              1.3999999999999999
      0.150000000      0.43359375               0.0313965999155626             -0.1573375232208209              0.0109706457077637              0.0274266142694092              1.3999999999999999              1.3999999999999999
      0.150000000      0.44140625               0.0304877042949804             -0.1442896925943337              0.0110064003561614              0.0275160008904036              1.3999999999999999              1.3999999999999999
      0.150000000      0.44921875               0.0296568763097560             -0.1322110140390787              0.0110809371978813              0.0277023429947033              1.3999999999999999              1.3999999999999999
      0.150000000      0.45703125               0.0288836603603517             -0.1199996696378611              0.0111688156052292              0.0279220390130731              1.3999999999999999              1.3999999999999999
      0.150000000      0.46484375               0.0281257828121254             -0.1063878437362211              0.0112544425612483              0.0281361064031208              1.3999999999999999              1.3999999999999999
      0.150000000      0.47265625               0.0273470351164795             -0.0909795220379831              0.0113306054818454              0.0283265137046135              1.3999999999999999              1.3999999999999999
      0.150000000      0.48046875               0.0265846826587436             -0.0744339404819249              0.0114169028206455              0.0285422570516138              1.3999999999999999              1.3999999999999999
      0.150000000      0.48828125               0.0258948784853612             -0.0573824672979754              0.0115242282024832              0.0288105705062080              1.3999999999999999              1.3999999999999999
      0.150000000      0.49609375               0.0253068757482514             -0.0399068023611510              0.0116513757112497              0.0291284392781243              1.3999999999999999              1.3999999999999999
      0.150000000      0.50390625               0.0248172039127304             -0.0208710770449524              0.0117929836228137              0.0294824590570342              1.3999999999999999              1.3999999999999999
      0.150000000      0.51171875               0.0244274607977483             -0.0003415125349603              0.0119495420342373              0.0298738550855933              1.3999999999999999              1.3999999999999999
      0.150000000      0.51953125               0.0241503079263555              0.0209421698353133              0.0121251431042086              0.0303128577605215              1.3999999999999999              1.3999999999999999
      0.150000000      0.52734375               0.0239809716759902              0.0432064264342143              0.0123197164724232              0.0307992911810579              1.3999999999999999              1.3999999999999999
      0.150000000      0.53515625               0.0239011214578020              0.0668288812806537              0.0125347624953365              0.0313369062383414              1.3999999999999999              1.3999999999999999
      0.150000000      0.54296875               0.0239591613582092              0.0932527220025144              0.0127930848553388              0.0319827121383470              1.3999999999999999              1.3999999999999999
      0.150000000      0.55078125               0.0242298350760262              0.1212828506131588              0.0131084058430245              0.0327710146075611              1.3999999999999999              1.3999999999999999
      0.150000000      0.55859375               0.0246242282517898              0.1500407751971645              0.0134401352006747              0.0336003380016869              1.3999999999999999              1.3999999999999999
      0.150000000      0.56640625               0.0251068007914851              0.1804925575204744              0.0138105918561798              0.0345264796404494              1.3999999999999999              1.3999999999999999
      0.150000000      0.57421875               0.0257637124558084              0.2132556606081649              0.0142435838162961              0.0356089595407402              1.3999999999999999              1.3999999999999999
      0.150000000      0.58203125               0.0266329209061962              0.2474148630019943              0.0147312510445408              0.0368281276113520              1.3999999999999999              1.3999999999999999
      0.150000000      0.58984375               0.0276941429245779              0.2829935714686002              0.0152712657754362              0.0381781644385905              1.3999999999999999              1.3999999999999999
      0.150000000      0.59765625               0.0289614940085436              0.3202982623537442              0.0158825354841873              0.0397063387104682              1.3999999999999999              1.3999999999999999
      0.150000000      0.60546875               0.0305081365497512              0.3603930920917291              0.0165893665934229              0.0414734164835573              1.3999999999999999              1.3999999999999999
      0.150000000      0.61328125               0.0324518642969586              0.4031609058616759              0.0174233450530410              0.0435583626326024              1.3999999999999999              1.3999999999999999
      0.150000000      0.62109375               0.0349424394528234              0.4494341018559628              0.0184239472644423              0.0460598681611057              1.3999999999999999              1.3999999999999999
      0.150000000      0.62890625               0.0381850186240757              0.4998883579706855              0.0196501946693619              0.0491254866734048              1.3999999999999999              1.3999999999999999
      0.150000000      0.63671875               0.0425059711350679              0.5556236535541220              0.0211984113690140              0.0529960284225351              1.3999999999999999              1.3999999999999999
      0.150000000      0.64453125               0.0484480902276664              0.6175555921014287              0.0232132550048797              0.0580331375121993              1.3999999999999999              1.3999999999999999
      0.150000000      0.65234375               0.0568796629923045              0.6854879382634705              0.0258876731162741              0.0647191827906854              1.3999999999999999              1.3999999999999999
      0.150000000      0.66015625               0.0689884872121958              0.7570085456615475              0.0293798223127638              0.0734495557819096              1.3999999999999999              1.3999999999999999
      0.150000000      0.66796875               0.0859065743908678              0.8278087022703423              0.0334310082118444              0.0835775205296111              1.3999999999999999              1.3999999999999999
      0.150000000      0.67578125               0.1072008050140628              0.8867382556463778              0.0375802691594507              0.0939506728986267              1.3999999999999999              1.3999999999999999
      0.150000000      0.68359375               0.1287078266158312              0.9334950704959560              0.0414609459884003              0.1036523649710007              1.3999999999999999              1.3999999999999999
      0.150000000      0.69140625               0.1494075163781666              0.9786532636136127              0.0456404118156516              0.1141010295391290              1.3999999999999999              1.3999999999999999
      0.150000000      0.69921875               0.1700381651483842              1.0218447296798565              0.0501101409917820              0.1252753524794550              1.3999999999999999              1.3999999999999999
      0.150000000      0.70703125               0.1907887292233446              1.0635459040966704              0.0549053832873280              0.1372634582183200              1.3999999999999999              1.3999999999999999
      0.150000000      0.71484375               0.2117269384477978              1.1039005961113180              0.0600300030018824              0.1500750075047060              1.3999999999999999              1.3999999999999999
      0.150000000      0.72265625               0.2329440522027702              1.1430427392754594              0.0654911529776210              0.1637278824440525              1.3999999999999999              1.3999999999999999
      0.150000000      0.73046875               0.2544847022950536              1.1811029803646851              0.0712962649702771              0.1782406624256928              1.3999999999999999              1.3999999999999999
      0.150000000      0.73828125               0.2764118627138609              1.2182069223055649              0.0774578386807229              0.1936445967018074              1.3999999999999999              1.3999999999999999
      0.150000000      0.74609375               0.2987216025028636              1.2544338859623114              0.0839799533182686              0.2099498832956716              1.3999999999999999              1.3999999999999999
      0.150000000      0.75390625               0.3214381044254010              1.2899210879654210              0.0908812303851793              0.2272030759629483              1.3999999999999999              1.3999999999999999
      0.150000000      0.76171875               0.3446269786804557              1.3247540186798601              0.0981787678477321              0.2454469196193304              1.3999999999999999              1.3999999999999999
      0.150000000      0.76953125               0.3683397649769894              1.3589721367510168              0.1058827608119278              0.2647069020298197              1.3999999999999999              1.3999999999999999
      0.150000000      0.77734375               0.3926239057829441              1.3926124708501340              0.1140050415212334              0.2850126038030835              1.3999999999999999              1.3999999999999999
      0.150000000      0.78515625               0.4175047313914044              1.4256847882954777              0.1225517831799775              0.3063794579499439              1.3999999999999999              1.3999999999999999
      0.150000000      0.79296875               0.4429732246183337              1.4582038148858398              0.1315288544822611              0.3288221362056528              1.3999999999999999              1.3999999999999999
      0.150000000      0.80078125               0.4690007518663336              1.4901877651637367              0.1409420966199373              0.3523552415498433              1.3999999999999999              1.3999999999999999
      0.150000000      0.80859375               0.4955498158781408              1.5216530025310069              0.1507967494894149              0.3769918737235373              1.3999999999999999              1.3999999999999999
      0.150000000      0.81640625               0.5225584942638453              1.5526081577188968              0.1610937951796086              0.4027344879490217              1.3999999999999999              1.3999999999999999
      0.150000000      0.82421875               0.5499497379946000              1.5830706013738118              0.1718353565011473              0.4295883912528684              1.3999999999999999              1.3999999999999999
      0.150000000      0.83203125               0.5776953191075735              1.6130584516437247              0.1830276587705836              0.4575691469264590              1.3999999999999999              1.3999999999999999
      0.150000000      0.83984375               0.6057928635729661              1.6425531036870036              0.1946647709088315              0.4866619272720789              1.3999999999999999              1.3999999999999999
      0.150000000      0.84765625               0.6341830648629906              1.6715175033532541              0.2067273364530826              0.5168183411327065              1.3999999999999999              1.3999999999999999
      0.150000000      0.85546875               0.6626725938712101              1.6998975684498197              0.2191672118807720              0.5479180297019300              1.3999999999999999              1.3999999999999999
      0.150000000      0.86328125               0.6915443028924396              1.7278735222089090              0.2320987644328913              0.5802469110822284              1.3999999999999999              1.3999999999999999
      0.150000000      0.87109375               0.7199954289922438              1.7549165091260992              0.2451806587754490              0.6129516469386227              1.3999999999999999              1.3999999999999999
      0.150000000      0.87890625               0.7491276179162171              1.7818208808847225              0.2589433331048810              0.6473583327622026              1.3999999999999999              1.3999999999999999
      0.150000000      0.88671875               0.7769494763102786              1.8071017225034547              0.2723736892894721              0.6809342232236804              1.3999999999999999              1.3999999999999999
      0.150000000      0.89453125               0.8053407441923174              1.8322881727017903              0.2865285767371344              0.7163214418428363              1.3999999999999999              1.3999999999999999
      0.150000000      0.90234375               0.8318514619370199              1.8553726501419281              0.2999148550822391              0.7497871377055978              1.3999999999999999              1.3999999999999999
      0.150000000      0.91015625               0.8583011813259118              1.8781663750017714              0.3138444270460178              0.7846110676150448              1.3999999999999999              1.3999999999999999
      0.150000000      0.91796875               0.8827549374463651              1.8988795084269534              0.3268923553915958              0.8172308884789898              1.3999999999999999              1.3999999999999999
      0.150000000      0.92578125               0.9059355470276510              1.9185440714390840              0.3398501301620390              0.8496253254050976              1.3999999999999999              1.3999999999999999
      0.150000000      0.93359375               0.9268580466802442              1.9361829049375832              0.3518671467177681              0.8796678667944204              1.3999999999999999              1.3999999999999999
      0.150000000      0.94140625               0.9454578746585541              1.9519238020521341              0.3629888785743504              0.9074721964358761              1.3999999999999999              1.3999999999999999
      0.150000000      0.94921875               0.9612981542185887              1.9653994951113403              0.3728174887921145              0.9320437219802864              1.3999999999999999              1.3999999999999999
      0.150000000      0.95703125               0.9742139208372478              1.9765314577472024              0.3811947115843107              0.9529867789607769              1.3999999999999999              1.3999999999999999
      0.150000000      0.96484375               0.9841117682518824              1.9852161502617940              0.3879197818986045              0.9697994547465116              1.3999999999999999              1.3999999999999999
      0.150000000      0.97265625               0.9911430555986239              1.9915396721991294              0.3929520977274950              0.9823802443187377              1.3999999999999999              1.3999999999999999
      0.150000000      0.98046875               0.9956611542829479              1.9957267600048947              0.3963703612523745              0.9909259031309363              1.3999999999999999              1.3999999999999999
      0.150000000      0.98828125               0.9982123996359107              1.9981770688725242              0.3984207223284955              0.9960518058212389              1.3999999999999999              1.3999999999999999
      0.150000000      0.99609375               0.9994272376276480              1.9993830967888568              0.3994410329847609              0.9986025824619025              1.3999999999999999              1.3999999999999999
