      0.070974472      0.00390625               1.0000000000000000              0.0000000000000000              1.0000000000000000              2.5000000000000004              1.3999999999999999              1.3999999999999999
      0.070974472      0.01171875               1.0000000000000000              0.0000000000000000              1.0000000000000000              2.5000000000000004              1.3999999999999999              1.3999999999999999
      0.070974472      0.01953125               1.0000000000000000              0.0000000000000000              1.0000000000000000              2.5000000000000004              1.3999999999999999              1.3999999999999999
      0.070974472      0.02734375               1.0000000000000000              0.0000000000000000              1.0000000000000000              2.5000000000000004              1.3999999999999999              1.3999999999999999
      0.070974472      0.03515625               1.0000000000000000              0.0000000000000000              1.0000000000000000              2.5000000000000004              1.3999999999999999              1.3999999999999999
      0.070974472      0.04296875               1.0000000000000000              0.0000000000000000              1.0000000000000000              2.5000000000000004              1.3999999999999999              1.3999999999999999
      0.070974472      0.05078125               1.0000000000000000              0.0000000000000000              1.0000000000000000              2.5000000000000004              1.3999999999999999              1.3999999999999999
      0.070974472      0.05859375               1.0000000000000000              0.0000000000000000              1.0000000000000000              2.5000000000000004              1.3999999999999999              1.3999999999999999
      0.070974472      0.06640625               1.0000000000000000              0.0000000000000000              1.0000000000000000              2.5000000000000004              1.3999999999999999              1.3999999999999999
      0.070974472      0.07421875               1.0000000000000000              0.0000000000000000              1.0000000000000000              2.5000000000000004              1.3999999999999999              1.3999999999999999
      0.070974472      0.08203125               1.0000000000000000              0.0000000000000000              1.0000000000000000              2.5000000000000004              1.3999999999999999              1.3999999999999999
      0.070974472      0.08984375               1.0000000000000000              0.0000000000000000              1.0000000000000000              2.5000000000000004              1.3999999999999999              1.3999999999999999
      0.070974472      0.09765625               1.0000000000000000              0.0000000000000000              1.0000000000000000              2.5000000000000004              1.3999999999999999              1.3999999999999999
      0.070974472      0.10546875               1.0000000000000000              0.0000000000000000              1.0000000000000000              2.5000000000000004              1.3999999999999999              1.3999999999999999
      0.070974472      0.11328125               1.0000000000000000              0.0000000000000000              1.0000000000000000              2.5000000000000004              1.3999999999999999              1.3999999999999999
      0.070974472      0.12109375               1.0000000000000000              0.0000000000000000              1.0000000000000000              2.5000000000000004              1.3999999999999999              1.3999999999999999
      0.070974472      0.12890625               1.0000000000000000              0.0000000000000000              1.0000000000000000              2.5000000000000004              1.3999999999999999              1.3999999999999999
      0.070974472      0.13671875               1.0000000000000000              0.0000000000000000              1.0000000000000000              2.5000000000000004              1.3999999999999999              1.3999999999999999
      0.070974472      0.14453125               1.0000000000000000              0.0000000000000000              1.0000000000000000              2.5000000000000004              1.3999999999999999              1.3999999999999999
      0.070974472      0.15234375               1.0000000000000000              0.0000000000000000              1.0000000000000000              2.5000000000000004              1.3999999999999999              1.3999999999999999
      0.070974472      0.16015625               1.0000000000000000              0.0000000000000000              1.0000000000000000              2.5000000000000004              1.3999999999999999              1.3999999999999999
      0.070974472      0.16796875               1.0000000000000000              0.0000000000000000              1.0000000000000000              2.5000000000000004              1.3999999999999999              1.3999999999999999
      0.070974472      0.17578125               1.0000000000000000              0.0000000000000000              1.0000000000000000              2.5000000000000004              1.3999999999999999              1.3999999999999999
      0.070974472      0.18359375               1.0000000000000000              0.0000000000000000              1.0000000000000000              2.5000000000000004              1.3999999999999999              1.3999999999999999
      0.070974472      0.19140625               1.0000000000000000              0.0000000000000000              1.0000000000000000              2.5000000000000004              1.3999999999999999              1.3999999999999999
      0.070974472      0.19921875               1.0000000000000000              0.0000000000000000              1.0000000000000000              2.5000000000000004              1.3999999999999999              1.3999999999999999
      0.070974472      0.20703125               1.0000000000000000              0.0000000000000000              1.0000000000000000              2.5000000000000004              1.3999999999999999              1.3999999999999999
      0.070974472      0.21484375               1.0000000000000000              0.0000000000000000              1.0000000000000000              2.5000000000000004              1.3999999999999999              1.3999999999999999
      0.070974472      0.22265625               1.0000000000000000              0.0000000000000000              1.0000000000000000              2.5000000000000004              1.3999999999999999              1.3999999999999999
      0.070974472      0.23046875               1.0000000000000000              0.0000000000000000              1.0000000000000000              2.5000000000000004              1.3999999999999999              1.3999999999999999
      0.070974472      0.23828125               1.0000000000000000              0.0000000000000000              1.0000000000000000              2.5000000000000004              1.3999999999999999              1.3999999999999999
      0.070974472      0.24609375               1.0000000000000000              0.0000000000000000              1.0000000000000000              2.5000000000000004              1.3999999999999999              1.3999999999999999
      0.070974472      0.25390625               1.0000000000000000              0.0000000000000000              1.0000000000000000              2.5000000000000004              1.3999999999999999              1.3999999999999999
      0.070974472      0.26171875               1.0000000000000000              0.0000000000000000              1.0000000000000000              2.5000000000000004              1.3999999999999999              1.3999999999999999
      0.070974472      0.26953125               1.0000000000000000              0.0000000000000000              1.0000000000000000              2.5000000000000004              1.3999999999999999              1.3999999999999999
      0.070974472      0.27734375               1.0000000000000000              0.0000000000000000              1.0000000000000000              2.5000000000000004              1.3999999999999999              1.3999999999999999
      0.070974472      0.28515625               1.0000000000000000              0.0000000000000000              1.0000000000000000              2.5000000000000004              1.3999999999999999              1.3999999999999999
      0.070974472      0.29296875               1.0000000000000000              0.0000000000000000              1.0000000000000000              2.5000000000000004              1.3999999999999999              1.3999999999999999
      0.070974472      0.30078125               1.0000000000000000              0.0000000000000000              1.0000000000000000              2.5000000000000004              1.3999999999999999              1.3999999999999999
      0.070974472      0.30859375               1.0000000000000000              0.0000000000000000              1.0000000000000000              2.5000000000000004              1.3999999999999999              1.3999999999999999
      0.070974472      0.31640625               1.0000000000000000              0.0000000000000000              1.0000000000000000              2.5000000000000004              1.3999999999999999              1.3999999999999999
      0.070974472      0.32421875               1.0000000000000000              0.0000000000000000              1.0000000000000000              2.5000000000000004              1.3999999999999999              1.3999999999999999
      0.070974472      0.33203125               1.0000000000000000              0.0000000000000000              1.0000000000000000              2.5000000000000004              1.3999999999999999              1.3999999999999999
      0.070974472      0.33984375               1.0000000000000000              0.0000000000000000              1.0000000000000000              2.5000000000000004              1.3999999999999999              1.3999999999999999
      0.070974472      0.34765625               1.0000000000000000              0.0000000000000000              1.0000000000000000              2.5000000000000004              1.3999999999999999              1.3999999999999999
      0.070974472      0.35546875               1.0000000000000000              0.0000000000000000              1.0000000000000000              2.5000000000000004              1.3999999999999999              1.3999999999999999
      0.070974472      0.36328125               1.0000000000000000              0.0000000000000000              1.0000000000000000              2.5000000000000004              1.3999999999999999              1.3999999999999999
      0.070974472      0.37109375               1.0000000000000000              0.0000000000000000              1.0000000000000000              2.5000000000000004              1.3999999999999999              1.3999999999999999
      0.070974472      0.37890625               1.0000000000000000              0.0000000000000000              1.0000000000000000              2.5000000000000004              1.3999999999999999              1.3999999999999999
      0.070974472      0.38671875               1.0000000000000000              0.0000000000000000              1.0000000000000000              2.5000000000000004              1.3999999999999999              1.3999999999999999
      0.070974472      0.39453125               1.0000000000000000              0.0000000000000000              1.0000000000000000              2.5000000000000004              1.3999999999999999              1.3999999999999999
      0.070974472      0.40234375               1.0000000000000000              0.0000000000000000              1.0000000000000000              2.5000000000000004              1.3999999999999999              1.3999999999999999
      0.070974472      0.41015625               1.0000000000000000              0.0000000000000000              1.0000000000000000              2.5000000000000004              1.3999999999999999              1.3999999999999999
      0.070974472      0.41796875               1.0000000000000000              0.0000000000000000              1.0000000000000000              2.5000000000000004              1.3999999999999999              1.3999999999999999
      0.070974472      0.42578125               1.0000000000000000              0.0000000000000000              1.0000000000000000              2.5000000000000004              1.3999999999999999              1.3999999999999999
      0.070974472      0.43359375               1.0000000000000000              0.0000000000000000              1.0000000000000000              2.5000000000000004              1.3999999999999999              1.3999999999999999
      0.070974472      0.44140625               1.0000000000000000              0.0000000000000000              1.0000000000000000              2.5000000000000004              1.3999999999999999              1.3999999999999999
      0.070974472      0.44921875               1.0000000000000000              0.0000000000000000              1.0000000000000000              2.5000000000000004              1.3999999999999999              1.3999999999999999
      0.070974472      0.45703125               1.0000000000000000              0.0000000000000000              1.0000000000000000              2.5000000000000004              1.3999999999999999              1.3999999999999999
      0.070974472      0.46484375               1.0000000000000000              0.0000000000000000              1.0000000000000000              2.5000000000000004              1.3999999999999999              1.3999999999999999
      0.070974472      0.47265625               1.0000000000000000              0.0000000000000000              1.0000000000000000              2.5000000000000004              1.3999999999999999              1.3999999999999999
      0.070974472      0.48046875               1.0000000000000000              0.0000000000000000              1.0000000000000000              2.5000000000000004              1.3999999999999999              1.3999999999999999
      0.070974472      0.48828125               1.0000000000000000              0.0000000000000000              1.0000000000000000              2.5000000000000004              1.3999999999999999              1.3999999999999999
      0.070974472      0.49609375               1.0000000000000000              0.0000000000000000              1.0000000000000000              2.5000000000000004              1.3999999999999999              1.3999999999999999
      0.070974472      0.50390625               1.0000000000000000              0.0000000000000000              1.0000000000000000              2.5000000000000004              1.3999999999999999              1.3999999999999999
      0.070974472      0.51171875               1.0000000000000000              0.0000000000000000              1.0000000000000000              2.5000000000000004              1.3999999999999999              1.3999999999999999
      0.070974472      0.51953125               1.0000000000000000              0.0000000000000000              1.0000000000000000              2.5000000000000004              1.3999999999999999              1.3999999999999999
      0.070974472      0.52734375               1.0000000000000000              0.0000000000000000              1.0000000000000000              2.5000000000000004              1.3999999999999999              1.3999999999999999
      0.070974472      0.53515625               1.0000000000000000              0.0000000000000000              1.0000000000000000              2.5000000000000004              1.3999999999999999              1.3999999999999999
      0.070974472      0.54296875               1.0000000000000000              0.0000000000000000              1.0000000000000000              2.5000000000000004              1.3999999999999999              1.3999999999999999
      0.070974472      0.55078125               1.0000000000000000              0.0000000000000000              1.0000000000000000              2.5000000000000004              1.3999999999999999              1.3999999999999999
      0.070974472      0.55859375               1.0000000000000000              0.0000000000000000              1.0000000000000000              2.5000000000000004              1.3999999999999999              1.3999999999999999
      0.070974472      0.56640625               1.0000000000000000              0.0000000000000000              1.0000000000000000              2.5000000000000004              1.3999999999999999              1.3999999999999999
      0.070974472      0.57421875               1.0000000000000000              0.0000000000000000              1.0000000000000000              2.5000000000000004              1.3999999999999999              1.3999999999999999
      0.070974472      0.58203125               1.0000000000000000              0.0000000000000000              1.0000000000000000              2.5000000000000004              1.3999999999999999              1.3999999999999999
      0.070974472      0.58984375               1.0000000000000000              0.0000000000000000              1.0000000000000000              2.5000000000000004              1.3999999999999999              1.3999999999999999
      0.070974472      0.59765625               1.0000000000000000              0.0000000000000000              1.0000000000000000              2.5000000000000004              1.3999999999999999              1.3999999999999999
      0.070974472      0.60546875               1.0000000000000000              0.0000000000000000              1.0000000000000000              2.5000000000000004              1.3999999999999999              1.3999999999999999
      0.070974472      0.61328125               1.0000000000000000              0.0000000000000000              1.0000000000000000              2.5000000000000004              1.3999999999999999              1.3999999999999999
      0.070974472      0.62109375               1.0000000000000000              0.0000000000000000              1.0000000000000000              2.5000000000000004              1.3999999999999999              1.3999999999999999
      0.070974472      0.62890625               1.0000000000000000              0.0000000000000000              1.0000000000000000              2.5000000000000004              1.3999999999999999              1.3999999999999999
      0.070974472      0.63671875               1.0000000000000000              0.0000000000000000              1.0000000000000000              2.5000000000000004              1.3999999999999999              1.3999999999999999
      0.070974472      0.64453125               1.0000000000000000              0.0000000000000000              1.0000000000000000              2.5000000000000004              1.3999999999999999              1.3999999999999999
      0.070974472      0.65234375               1.0000000000000000              0.0000000000000000              1.0000000000000000              2.5000000000000004              1.3999999999999999              1.3999999999999999
      0.070974472      0.66015625               1.0000000000000000              0.0000000000000000              1.0000000000000000              2.5000000000000004              1.3999999999999999              1.3999999999999999
      0.070974472      0.66796875               1.0000000000000000              0.0000000000000000              1.0000000000000000              2.5000000000000004              1.3999999999999999              1.3999999999999999
      0.070974472      0.67578125               1.0000000000000000              0.0000000000000000              1.0000000000000000              2.5000000000000004              1.3999999999999999              1.3999999999999999
      0.070974472      0.68359375               1.0000000000000000              0.0000000000000000              1.0000000000000000              2.5000000000000004              1.3999999999999999              1.3999999999999999
      0.070974472      0.69140625               1.0000000000000000              0.0000000000000000              1.0000000000000000              2.5000000000000004              1.3999999999999999              1.3999999999999999
      0.070974472      0.69921875               1.0000000000000000              0.0000000000000000              1.0000000000000000              2.5000000000000004              1.3999999999999999              1.3999999999999999
      0.070974472      0.70703125               1.0000000000000000              0.0000000000000000              1.0000000000000000              2.5000000000000004              1.3999999999999999              1.3999999999999999
      0.070974472      0.71484375               1.0000000000000000              0.0000000000000000              1.0000000000000000              2.5000000000000004              1.3999999999999999              1.3999999999999999
      0.070974472      0.72265625               1.0000000000000000              0.0000000000000000              1.0000000000000000              2.5000000000000004              1.3999999999999999              1.3999999999999999
      0.070974472      0.73046875               1.0000000000000000              0.0000000000000000              1.0000000000000000              2.5000000000000004              1.3999999999999999              1.3999999999999999
      0.070974472      0.73828125               1.0000000000000000              0.0000000000000000              1.0000000000000000              2.5000000000000004              1.3999999999999999              1.3999999999999999
      0.070974472      0.74609375               0.9999999999999775             -0.0000000000000266              0.9999999999999685              2.4999999999999778              1.3999999999999999              1.3999999999999999
      0.070974472      0.75390625                              NaN                             NaN              0.0000000000010000                             NaN              1.3999999999999999              1.3999999999999999
      0.070974472      0.76171875                              NaN                             NaN              0.0000000000010000                             NaN              1.3999999999999999              1.3999999999999999
      0.070974472      0.76953125                              NaN                             NaN              0.0000000000010000                             NaN              1.3999999999999999              1.3999999999999999
      0.070974472      0.77734375                              NaN                             NaN              0.0000000000010000                             NaN              1.3999999999999999              1.3999999999999999
      0.070974472      0.78515625                              NaN                             NaN              0.0000000000010000                             NaN              1.3999999999999999              1.3999999999999999
      0.070974472      0.79296875                              NaN                             NaN              0.0000000000010000                             NaN              1.3999999999999999              1.3999999999999999
      0.070974472      0.80078125                              NaN                             NaN              0.0000000000010000                             NaN              1.3999999999999999              1.3999999999999999
      0.070974472      0.80859375                              NaN                             NaN              0.0000000000010000                             NaN              1.3999999999999999              1.3999999999999999
      0.070974472      0.81640625                              NaN                             NaN              0.0000000000010000                             NaN              1.3999999999999999              1.3999999999999999
      0.070974472      0.82421875                              NaN                             NaN              0.0000000000010000                             NaN              1.3999999999999999              1.3999999999999999
      0.070974472      0.83203125                              NaN                             NaN              0.0000000000010000                             NaN              1.3999999999999999              1.3999999999999999
      0.070974472      0.83984375                              NaN                             NaN              0.0000000000010000                             NaN              1.3999999999999999              1.3999999999999999
      0.070974472      0.84765625                              NaN                             NaN              0.0000000000010000                             NaN              1.3999999999999999              1.3999999999999999
      0.070974472      0.85546875                              NaN                             NaN              0.0000000000010000                             NaN              1.3999999999999999              1.3999999999999999
      0.070974472      0.86328125                              NaN                             NaN              0.0000000000010000                             NaN              1.3999999999999999              1.3999999999999999
      0.070974472      0.87109375                              NaN                             NaN              0.0000000000010000                             NaN              1.3999999999999999              1.3999999999999999
      0.070974472      0.87890625                              NaN                             NaN              0.0000000000010000                             NaN              1.3999999999999999              1.3999999999999999
      0.070974472      0.88671875                              NaN                             NaN              0.0000000000010000                             NaN              1.3999999999999999              1.3999999999999999
      0.070974472      0.89453125                              NaN                             NaN              0.0000000000010000                             NaN              1.3999999999999999              1.3999999999999999
      0.070974472      0.90234375              30.1932134972199577              1.0471608447591967              0.0000000000010000              0.0000000000000331              1.3999999999999999              1.3999999999999999
      0.070974472      0.91015625              33.9006635654210413             -0.3602585625334276              2.7587078064045594              0.2034405463097236              1.3999999999999999              1.3999999999999999
      0.070974472      0.91796875             -89.9942537048866882              0.9805341534846844              0.1182813136164838             -0.0032858018358694              1.3999999999999999              1.3999999999999999
      0.070974472      0.92578125              67.7374462324728199              1.3005973310774139              0.0000000000010000              0.0000000000000148              1.3999999999999999              1.3999999999999999
      0.070974472      0.93359375               4.0102798699264470              0.3392159872313710              0.2174613975667710              0.1355649758995246              1.3999999999999999              1.3999999999999999
      0.070974472      0.94140625               0.8151221117157963             -0.0592479781084047              0.0861270949050237              0.2641539643788154              1.3999999999999999              1.3999999999999999
      0.070974472      0.94921875               1.2355463865370786              0.0177994838034377              0.0926545749780458              0.1874769251637183              1.3999999999999999              1.3999999999999999
      0.070974472      0.95703125               1.3152975641195104             -0.0178654029175772              0.1076741846332243              0.2046574622551358              1.3999999999999999              1.3999999999999999
      0.070974472      0.96484375               1.2261367609745950              0.0065471288606258              0.0972841397351631              0.1983549935690632              1.3999999999999999              1.3999999999999999
      0.070974472      0.97265625               1.2544391175065808             -0.0011868594589532              0.1004969689740756              0.2002826752840567              1.3999999999999999              1.3999999999999999
      0.070974472      0.98046875               1.2494819721582997              0.0001387067333256              0.0999419777342912              0.1999668261752826              1.3999999999999999              1.3999999999999999
      0.070974472      0.98828125               1.2500405559146111             -0.0000108568782632              0.1000045417574182              0.2000025944843214              1.3999999999999999              1.3999999999999999
      0.070974472      0.99609375               1.2499977409296117              0.0000006048124128              0.0999997469887712              0.1999998554285433              1.3999999999999999              1.3999999999999999
