      0.093278019      0.00390625               1.0000000000000000              0.0000000000000000              1.0000000000000000              2.5000000000000004              1.3999999999999999              1.3999999999999999
      0.093278019      0.01171875               1.0000000000000000              0.0000000000000000              1.0000000000000000              2.5000000000000004              1.3999999999999999              1.3999999999999999
      0.093278019      0.01953125               1.0000000000000000              0.0000000000000000              1.0000000000000000              2.5000000000000004              1.3999999999999999              1.3999999999999999
      0.093278019      0.02734375               1.0000000000000000              0.0000000000000000              1.0000000000000000              2.5000000000000004              1.3999999999999999              1.3999999999999999
      0.093278019      0.03515625               1.0000000000000000              0.0000000000000000              1.0000000000000000              2.5000000000000004              1.3999999999999999              1.3999999999999999
      0.093278019      0.04296875               1.0000000000000000              0.0000000000000000              1.0000000000000000              2.5000000000000004              1.3999999999999999              1.3999999999999999
      0.093278019      0.05078125               1.0000000000000000              0.0000000000000000              1.0000000000000000              2.5000000000000004              1.3999999999999999              1.3999999999999999
      0.093278019      0.05859375               1.0000000000000000              0.0000000000000000              1.0000000000000000              2.5000000000000004              1.3999999999999999              1.3999999999999999
      0.093278019      0.06640625               1.0000000000000000              0.0000000000000000              1.0000000000000000              2.5000000000000004              1.3999999999999999              1.3999999999999999
      0.093278019      0.07421875               1.0000000000000000              0.0000000000000000              1.0000000000000000              2.5000000000000004              1.3999999999999999              1.3999999999999999
      0.093278019      0.08203125               1.0000000000000000              0.0000000000000000              1.0000000000000000              2.5000000000000004              1.3999999999999999              1.3999999999999999
      0.093278019      0.08984375               1.0000000000000000              0.0000000000000000              1.0000000000000000              2.5000000000000004              1.3999999999999999              1.3999999999999999
      0.093278019      0.09765625               1.0000000000000000              0.0000000000000000              1.0000000000000000              2.5000000000000004              1.3999999999999999              1.3999999999999999
      0.093278019      0.10546875               1.0000000000000000              0.0000000000000000              1.0000000000000000              2.5000000000000004              1.3999999999999999              1.3999999999999999
      0.093278019      0.11328125               1.0000000000000000              0.0000000000000000              1.0000000000000000              2.5000000000000004              1.3999999999999999              1.3999999999999999
      0.093278019      0.12109375               1.0000000000000000              0.0000000000000000              1.0000000000000000              2.5000000000000004              1.3999999999999999              1.3999999999999999
      0.093278019      0.12890625               1.0000000000000000              0.0000000000000000              1.0000000000000000              2.5000000000000004              1.3999999999999999              1.3999999999999999
      0.093278019      0.13671875               1.0000000000000000              0.0000000000000000              1.0000000000000000              2.5000000000000004              1.3999999999999999              1.3999999999999999
      0.093278019      0.14453125               1.0000000000000000              0.0000000000000000              1.0000000000000000              2.5000000000000004              1.3999999999999999              1.3999999999999999
      0.093278019      0.15234375               1.0000000000000000              0.0000000000000000              1.0000000000000000              2.5000000000000004              1.3999999999999999              1.3999999999999999
      0.093278019      0.16015625               1.0000000000000000              0.0000000000000000              1.0000000000000000              2.5000000000000004              1.3999999999999999              1.3999999999999999
      0.093278019      0.16796875               1.0000000000000000              0.0000000000000000              1.0000000000000000              2.5000000000000004              1.3999999999999999              1.3999999999999999
      0.093278019      0.17578125               1.0000000000000000              0.0000000000000000              1.0000000000000000              2.5000000000000004              1.3999999999999999              1.3999999999999999
      0.093278019      0.18359375               1.0000000000000000              0.0000000000000000              1.0000000000000000              2.5000000000000004              1.3999999999999999              1.3999999999999999
      0.093278019      0.19140625               1.0000000000000000              0.0000000000000000              1.0000000000000000              2.5000000000000004              1.3999999999999999              1.3999999999999999
      0.093278019      0.19921875               1.0000000000000000              0.0000000000000000              1.0000000000000000              2.5000000000000004              1.3999999999999999              1.3999999999999999
      0.093278019      0.20703125               1.0000000000000000              0.0000000000000000              1.0000000000000000              2.5000000000000004              1.3999999999999999              1.3999999999999999
      0.093278019      0.21484375               1.0000000000000000              0.0000000000000000              1.0000000000000000              2.5000000000000004              1.3999999999999999              1.3999999999999999
      0.093278019      0.22265625               1.0000000000000000              0.0000000000000000              1.0000000000000000              2.5000000000000004              1.3999999999999999              1.3999999999999999
      0.093278019      0.23046875               1.0000000000000000              0.0000000000000000              1.0000000000000000              2.5000000000000004              1.3999999999999999              1.3999999999999999
      0.093278019      0.23828125               1.0000000000000000              0.0000000000000000              1.0000000000000000              2.5000000000000004              1.3999999999999999              1.3999999999999999
      0.093278019      0.24609375               1.0000000000000000              0.0000000000000000              1.0000000000000000              2.5000000000000004              1.3999999999999999              1.3999999999999999
      0.093278019      0.25390625               1.0000000000000000              0.0000000000000000              1.0000000000000000              2.5000000000000004              1.3999999999999999              1.3999999999999999
      0.093278019      0.26171875               1.0000000000000000              0.0000000000000000              1.0000000000000000              2.5000000000000004              1.3999999999999999              1.3999999999999999
      0.093278019      0.26953125               1.0000000000000000              0.0000000000000000              1.0000000000000000              2.5000000000000004              1.3999999999999999              1.3999999999999999
      0.093278019      0.27734375               1.0000000000000000              0.0000000000000000              1.0000000000000000              2.5000000000000004              1.3999999999999999              1.3999999999999999
      0.093278019      0.28515625               1.0000000000000000              0.0000000000000000              1.0000000000000000              2.5000000000000004              1.3999999999999999              1.3999999999999999
      0.093278019      0.29296875               1.0000000000000000              0.0000000000000000              1.0000000000000000              2.5000000000000004              1.3999999999999999              1.3999999999999999
      0.093278019      0.30078125               1.0000000000000000              0.0000000000000000              1.0000000000000000              2.5000000000000004              1.3999999999999999              1.3999999999999999
      0.093278019      0.30859375               1.0000000000000000              0.0000000000000000              1.0000000000000000              2.5000000000000004              1.3999999999999999              1.3999999999999999
      0.093278019      0.31640625               1.0000000000000000              0.0000000000000000              1.0000000000000000              2.5000000000000004              1.3999999999999999              1.3999999999999999
      0.093278019      0.32421875               1.0000000000000000              0.0000000000000000              1.0000000000000000              2.5000000000000004              1.3999999999999999              1.3999999999999999
      0.093278019      0.33203125               1.0000000000000000              0.0000000000000000              1.0000000000000000              2.5000000000000004              1.3999999999999999              1.3999999999999999
      0.093278019      0.33984375               1.0000000000000000              0.0000000000000000              1.0000000000000000              2.5000000000000004              1.3999999999999999              1.3999999999999999
      0.093278019      0.34765625               1.0000000000000000              0.0000000000000000              1.0000000000000000              2.5000000000000004              1.3999999999999999              1.3999999999999999
      0.093278019      0.35546875               1.0000000000000000              0.0000000000000000              1.0000000000000000              2.5000000000000004              1.3999999999999999              1.3999999999999999
      0.093278019      0.36328125               1.0000000000000000              0.0000000000000000              1.0000000000000000              2.5000000000000004              1.3999999999999999              1.3999999999999999
      0.093278019      0.37109375               1.0000000000000000              0.0000000000000000              1.0000000000000000              2.5000000000000004              1.3999999999999999              1.3999999999999999
      0.093278019      0.37890625               1.0000000000000000              0.0000000000000000              1.0000000000000000              2.5000000000000004              1.3999999999999999              1.3999999999999999
      0.093278019      0.38671875               1.0000000000000000              0.0000000000000000              1.0000000000000000              2.5000000000000004              1.3999999999999999              1.3999999999999999
      0.093278019      0.39453125               1.0000000000000000              0.0000000000000000              1.0000000000000000              2.5000000000000004              1.3999999999999999              1.3999999999999999
      0.093278019      0.40234375               1.0000000000000000              0.0000000000000000              1.0000000000000000              2.5000000000000004              1.3999999999999999              1.3999999999999999
      0.093278019      0.41015625               1.0000000000000000              0.0000000000000000              1.0000000000000000              2.5000000000000004              1.3999999999999999              1.3999999999999999
      0.093278019      0.41796875               1.0000000000000000              0.0000000000000000              1.0000000000000000              2.5000000000000004              1.3999999999999999              1.3999999999999999
      0.093278019      0.42578125               1.0000000000000000              0.0000000000000000              1.0000000000000000              2.5000000000000004              1.3999999999999999              1.3999999999999999
      0.093278019      0.43359375               1.0000000000000000              0.0000000000000000              1.0000000000000000              2.5000000000000004              1.3999999999999999              1.3999999999999999
      0.093278019      0.44140625               1.0000000000000000              0.0000000000000000              1.0000000000000000              2.5000000000000004              1.3999999999999999              1.3999999999999999
      0.093278019      0.44921875               1.0000000000000000              0.0000000000000000              1.0000000000000000              2.5000000000000004              1.3999999999999999              1.3999999999999999
      0.093278019      0.45703125               1.0000000000000000              0.0000000000000000              1.0000000000000000              2.5000000000000004              1.3999999999999999              1.3999999999999999
      0.093278019      0.46484375               1.0000000000000000              0.0000000000000000              1.0000000000000000              2.5000000000000004              1.3999999999999999              1.3999999999999999
      0.093278019      0.47265625               1.0000000000000000              0.0000000000000000              1.0000000000000000              2.5000000000000004              1.3999999999999999              1.3999999999999999
      0.093278019      0.48046875               1.0000000000000000              0.0000000000000000              1.0000000000000000              2.5000000000000004              1.3999999999999999              1.3999999999999999
      0.093278019      0.48828125               1.0000000000000000              0.0000000000000000              1.0000000000000000              2.5000000000000004              1.3999999999999999              1.3999999999999999
      0.093278019      0.49609375               1.0000000000000000              0.0000000000000000              1.0000000000000000              2.5000000000000004              1.3999999999999999              1.3999999999999999
      0.093278019      0.50390625               1.0000000000000000              0.0000000000000000              1.0000000000000000              2.5000000000000004              1.3999999999999999              1.3999999999999999
      0.093278019      0.51171875               1.0000000000000000              0.0000000000000000              1.0000000000000000              2.5000000000000004              1.3999999999999999              1.3999999999999999
      0.093278019      0.51953125               1.0000000000000000              0.0000000000000000              1.0000000000000000              2.5000000000000004              1.3999999999999999              1.3999999999999999
      0.093278019      0.52734375               1.0000000000000000              0.0000000000000000              1.0000000000000000              2.5000000000000004              1.3999999999999999              1.3999999999999999
      0.093278019      0.53515625               1.0000000000000000              0.0000000000000000              1.0000000000000000              2.5000000000000004              1.3999999999999999              1.3999999999999999
      0.093278019      0.54296875               1.0000000000000000              0.0000000000000000              1.0000000000000000              2.5000000000000004              1.3999999999999999              1.3999999999999999
      0.093278019      0.55078125               1.0000000000000000              0.0000000000000000              1.0000000000000000              2.5000000000000004              1.3999999999999999              1.3999999999999999
      0.093278019      0.55859375               1.0000000000000000              0.0000000000000000              1.0000000000000000              2.5000000000000004              1.3999999999999999              1.3999999999999999
      0.093278019      0.56640625               1.0000000000000000              0.0000000000000000              1.0000000000000000              2.5000000000000004              1.3999999999999999              1.3999999999999999
      0.093278019      0.57421875               1.0000000000000000              0.0000000000000000              1.0000000000000000              2.5000000000000004              1.3999999999999999              1.3999999999999999
      0.093278019      0.58203125               1.0000000000000000              0.0000000000000000              1.0000000000000000              2.5000000000000004              1.3999999999999999              1.3999999999999999
      0.093278019      0.58984375               1.0000000000000000              0.0000000000000000              1.0000000000000000              2.5000000000000004              1.3999999999999999              1.3999999999999999
      0.093278019      0.59765625               1.0000000000000000              0.0000000000000000              1.0000000000000000              2.5000000000000004              1.3999999999999999              1.3999999999999999
      0.093278019      0.60546875               1.0000000000000000              0.0000000000000000              1.0000000000000000              2.5000000000000004              1.3999999999999999              1.3999999999999999
      0.093278019      0.61328125               1.0000000000000000              0.0000000000000000              1.0000000000000000              2.5000000000000004              1.3999999999999999              1.3999999999999999
      0.093278019      0.62109375               1.0000000000000000              0.0000000000000000              1.0000000000000000              2.5000000000000004              1.3999999999999999              1.3999999999999999
      0.093278019      0.62890625               1.0000000000000000              0.0000000000000000              1.0000000000000000              2.5000000000000004              1.3999999999999999              1.3999999999999999
      0.093278019      0.63671875                              NaN                             NaN              0.0000000000010000                             NaN              1.3999999999999999              1.3999999999999999
      0.093278019      0.64453125                              NaN                             NaN              0.0000000000010000                             NaN              1.3999999999999999              1.3999999999999999
      0.093278019      0.65234375                              NaN                             NaN              0.0000000000010000                             NaN              1.3999999999999999              1.3999999999999999
      0.093278019      0.66015625                              NaN                             NaN              0.0000000000010000                             NaN              1.3999999999999999              1.3999999999999999
      0.093278019      0.66796875                              NaN                             NaN              0.0000000000010000                             NaN              1.3999999999999999              1.3999999999999999
      0.093278019      0.67578125                              NaN                             NaN              0.0000000000010000                             NaN              1.3999999999999999              1.3999999999999999
      0.093278019      0.68359375                              NaN                             NaN              0.0000000000010000                             NaN              1.3999999999999999              1.3999999999999999
      0.093278019      0.69140625                              NaN                             NaN              0.0000000000010000                             NaN              1.3999999999999999              1.3999999999999999
      0.093278019      0.69921875                              NaN                             NaN              0.0000000000010000                             NaN              1.3999999999999999              1.3999999999999999
      0.093278019      0.70703125                              NaN                             NaN              0.0000000000010000                             NaN              1.3999999999999999              1.3999999999999999
      0.093278019      0.71484375                              NaN                             NaN              0.0000000000010000                             NaN              1.3999999999999999              1.3999999999999999
      0.093278019      0.72265625                              NaN                             NaN              0.0000000000010000                             NaN              1.3999999999999999              1.3999999999999999
      0.093278019      0.73046875                              NaN                             NaN              0.0000000000010000                             NaN              1.3999999999999999              1.3999999999999999
      0.093278019      0.73828125                              NaN                             NaN              0.0000000000010000                             NaN              1.3999999999999999              1.3999999999999999
      0.093278019      0.74609375                              NaN                             NaN              0.0000000000010000                             NaN              1.3999999999999999              1.3999999999999999
      0.093278019      0.75390625                              NaN                             NaN              0.0000000000010000                             NaN              1.3999999999999999              1.3999999999999999
      0.093278019      0.76171875                              NaN                             NaN              0.0000000000010000                             NaN              1.3999999999999999              1.3999999999999999
      0.093278019      0.76953125                              NaN                             NaN              0.0000000000010000                             NaN              1.3999999999999999              1.3999999999999999
      0.093278019      0.77734375                              NaN                             NaN              0.0000000000010000                             NaN              1.3999999999999999              1.3999999999999999
      0.093278019      0.78515625                              NaN                             NaN              0.0000000000010000                             NaN              1.3999999999999999              1.3999999999999999
      0.093278019      0.79296875                              NaN                             NaN              0.0000000000010000                             NaN              1.3999999999999999              1.3999999999999999
      0.093278019      0.80078125                              NaN                             NaN              0.0000000000010000                             NaN              1.3999999999999999              1.3999999999999999
      0.093278019      0.80859375                              NaN                             NaN              0.0000000000010000                             NaN              1.3999999999999999              1.3999999999999999
      0.093278019      0.81640625                              NaN                             NaN              0.0000000000010000                             NaN              1.3999999999999999              1.3999999999999999
      0.093278019      0.82421875                              NaN                             NaN              0.0000000000010000                             NaN              1.3999999999999999              1.3999999999999999
      0.093278019      0.83203125                              NaN                             NaN              0.0000000000010000                             NaN              1.3999999999999999              1.3999999999999999
      0.093278019      0.83984375                              NaN                             NaN              0.0000000000010000                             NaN              1.3999999999999999              1.3999999999999999
      0.093278019      0.84765625                              NaN                             NaN              0.0000000000010000                             NaN              1.3999999999999999              1.3999999999999999
      0.093278019      0.85546875                              NaN                             NaN              0.0000000000010000                             NaN              1.3999999999999999              1.3999999999999999
      0.093278019      0.86328125                              NaN                             NaN              0.0000000000010000                             NaN              1.3999999999999999              1.3999999999999999
      0.093278019      0.87109375                              NaN                             NaN              0.0000000000010000                             NaN              1.3999999999999999              1.3999999999999999
      0.093278019      0.87890625                              NaN                             NaN              0.0000000000010000                             NaN              1.3999999999999999              1.3999999999999999
      0.093278019      0.88671875                              NaN                             NaN              0.0000000000010000                             NaN              1.3999999999999999              1.3999999999999999
      0.093278019      0.89453125                              NaN                             NaN              0.0000000000010000                             NaN              1.3999999999999999              1.3999999999999999
      0.093278019      0.90234375                              NaN                             NaN              0.0000000000010000                             NaN              1.3999999999999999              1.3999999999999999
      0.093278019      0.91015625                              NaN                             NaN              0.0000000000010000                             NaN              1.3999999999999999              1.3999999999999999
      0.093278019      0.91796875          -18162.9798565675991995************************************************************************************************              1.3999999999999999              1.3999999999999999
      0.093278019      0.92578125            4068.8452436896727704  3495269529719.1416015625000000              0.0000000000010000              0.0000000000000002              1.3999999999999999              1.3999999999999999
      0.093278019      0.93359375               9.8689696163616389              0.3616021013132461              0.1203813688051105              0.0304949182854743              1.3999999999999999              1.3999999999999999
      0.093278019      0.94140625              -0.2687553521224190              1.4207212402879601              0.4005809430170458             -3.7262601456452096              1.3999999999999999              1.3999999999999999
      0.093278019      0.94921875               1.2655882989030620             -0.6736365158660800              0.4146208895124645              0.8190279766963589              1.3999999999999999              1.3999999999999999
      0.093278019      0.95703125               1.1373688706294414             -0.0655994718501039              0.0471048172186300              0.1035390066385439              1.3999999999999999              1.3999999999999999
      0.093278019      0.96484375               1.0939300156797480              0.0508166403747519              0.0803888738099812              0.1837157602811296              1.3999999999999999              1.3999999999999999
      0.093278019      0.97265625               1.3165361687454920             -0.0173213443818203              0.1074092856822736              0.2039618968171272              1.3999999999999999              1.3999999999999999
      0.093278019      0.98046875               1.2320572606181286              0.0048679631352227              0.0979733504637599              0.1988003187745638              1.3999999999999999              1.3999999999999999
      0.093278019      0.98828125               1.2533920243082199             -0.0009073760235460              0.1003797125057563              0.2002161146692283              1.3999999999999999              1.3999999999999999
      0.093278019      0.99609375               1.2495175928531894              0.0001291930952862              0.0999459539559147              0.1999690811229294              1.3999999999999999              1.3999999999999999
