      0.130278731      0.00390625               1.0000000000000000              0.0000000000000000              1.0000000000000000              2.5000000000000004              1.3999999999999999              1.3999999999999999
      0.130278731      0.01171875               1.0000000000000000              0.0000000000000000              1.0000000000000000              2.5000000000000004              1.3999999999999999              1.3999999999999999
      0.130278731      0.01953125               1.0000000000000000              0.0000000000000000              1.0000000000000000              2.5000000000000004              1.3999999999999999              1.3999999999999999
      0.130278731      0.02734375               1.0000000000000000              0.0000000000000000              1.0000000000000000              2.5000000000000004              1.3999999999999999              1.3999999999999999
      0.130278731      0.03515625               1.0000000000000000              0.0000000000000000              1.0000000000000000              2.5000000000000004              1.3999999999999999              1.3999999999999999
      0.130278731      0.04296875               1.0000000000000000              0.0000000000000000              1.0000000000000000              2.5000000000000004              1.3999999999999999              1.3999999999999999
      0.130278731      0.05078125               1.0000000000000000              0.0000000000000000              1.0000000000000000              2.5000000000000004              1.3999999999999999              1.3999999999999999
      0.130278731      0.05859375               1.0000000000000000              0.0000000000000000              1.0000000000000000              2.5000000000000004              1.3999999999999999              1.3999999999999999
      0.130278731      0.06640625               1.0000000000000000              0.0000000000000000              1.0000000000000000              2.5000000000000004              1.3999999999999999              1.3999999999999999
      0.130278731      0.07421875               1.0000000000000000              0.0000000000000000              1.0000000000000000              2.5000000000000004              1.3999999999999999              1.3999999999999999
      0.130278731      0.08203125               1.0000000000000000              0.0000000000000000              1.0000000000000000              2.5000000000000004              1.3999999999999999              1.3999999999999999
      0.130278731      0.08984375               1.0000000000000000              0.0000000000000000              1.0000000000000000              2.5000000000000004              1.3999999999999999              1.3999999999999999
      0.130278731      0.09765625               1.0000000000000000              0.0000000000000000              1.0000000000000000              2.5000000000000004              1.3999999999999999              1.3999999999999999
      0.130278731      0.10546875               1.0000000000000000              0.0000000000000000              1.0000000000000000              2.5000000000000004              1.3999999999999999              1.3999999999999999
      0.130278731      0.11328125               1.0000000000000000              0.0000000000000000              1.0000000000000000              2.5000000000000004              1.3999999999999999              1.3999999999999999
      0.130278731      0.12109375               1.0000000000000000              0.0000000000000000              1.0000000000000000              2.5000000000000004              1.3999999999999999              1.3999999999999999
      0.130278731      0.12890625               1.0000000000000000              0.0000000000000000              1.0000000000000000              2.5000000000000004              1.3999999999999999              1.3999999999999999
      0.130278731      0.13671875               1.0000000000000000              0.0000000000000000              1.0000000000000000              2.5000000000000004              1.3999999999999999              1.3999999999999999
      0.130278731      0.14453125               1.0000000000000000              0.0000000000000000              1.0000000000000000              2.5000000000000004              1.3999999999999999              1.3999999999999999
      0.130278731      0.15234375               1.0000000000000000              0.0000000000000000              1.0000000000000000              2.5000000000000004              1.3999999999999999              1.3999999999999999
      0.130278731      0.16015625               1.0000000000000000              0.0000000000000000              1.0000000000000000              2.5000000000000004              1.3999999999999999              1.3999999999999999
      0.130278731      0.16796875               1.0000000000000000              0.0000000000000000              1.0000000000000000              2.5000000000000004              1.3999999999999999              1.3999999999999999
      0.130278731      0.17578125               1.0000000000000000              0.0000000000000000              1.0000000000000000              2.5000000000000004              1.3999999999999999              1.3999999999999999
      0.130278731      0.18359375               1.0000000000000000              0.0000000000000000              1.0000000000000000              2.5000000000000004              1.3999999999999999              1.3999999999999999
      0.130278731      0.19140625               1.0000000000000000              0.0000000000000000              1.0000000000000000              2.5000000000000004              1.3999999999999999              1.3999999999999999
      0.130278731      0.19921875               1.0000000000000000              0.0000000000000000              1.0000000000000000              2.5000000000000004              1.3999999999999999              1.3999999999999999
      0.130278731      0.20703125               1.0000000000000000              0.0000000000000000              1.0000000000000000              2.5000000000000004              1.3999999999999999              1.3999999999999999
      0.130278731      0.21484375               1.0000000000000000              0.0000000000000000              1.0000000000000000              2.5000000000000004              1.3999999999999999              1.3999999999999999
      0.130278731      0.22265625               1.0000000000000000              0.0000000000000000              1.0000000000000000              2.5000000000000004              1.3999999999999999              1.3999999999999999
      0.130278731      0.23046875               1.0000000000000000              0.0000000000000000              1.0000000000000000              2.5000000000000004              1.3999999999999999              1.3999999999999999
      0.130278731      0.23828125               1.0000000000000000              0.0000000000000000              1.0000000000000000              2.5000000000000004              1.3999999999999999              1.3999999999999999
      0.130278731      0.24609375               1.0000000000000000              0.0000000000000000              1.0000000000000000              2.5000000000000004              1.3999999999999999              1.3999999999999999
      0.130278731      0.25390625               1.0000000000000000              0.0000000000000000              1.0000000000000000              2.5000000000000004              1.3999999999999999              1.3999999999999999
      0.130278731      0.26171875               1.0000000000000000              0.0000000000000000              1.0000000000000000              2.5000000000000004              1.3999999999999999              1.3999999999999999
      0.130278731      0.26953125               1.0000000000000000              0.0000000000000000              1.0000000000000000              2.5000000000000004              1.3999999999999999              1.3999999999999999
      0.130278731      0.27734375               1.0000000000000000              0.0000000000000000              1.0000000000000000              2.5000000000000004              1.3999999999999999              1.3999999999999999
      0.130278731      0.28515625               1.0000000000000000              0.0000000000000000              1.0000000000000000              2.5000000000000004              1.3999999999999999              1.3999999999999999
      0.130278731      0.29296875               1.0000000000000000              0.0000000000000000              1.0000000000000000              2.5000000000000004              1.3999999999999999              1.3999999999999999
      0.130278731      0.30078125               1.0000000000000000              0.0000000000000000              1.0000000000000000              2.5000000000000004              1.3999999999999999              1.3999999999999999
      0.130278731      0.30859375               1.0000000000000000              0.0000000000000000              1.0000000000000000              2.5000000000000004              1.3999999999999999              1.3999999999999999
      0.130278731      0.31640625               1.0000000000000000              0.0000000000000000              1.0000000000000000              2.5000000000000004              1.3999999999999999              1.3999999999999999
      0.130278731      0.32421875               1.0000000000000000              0.0000000000000000              1.0000000000000000              2.5000000000000004              1.3999999999999999              1.3999999999999999
      0.130278731      0.33203125               1.0000000000000000              0.0000000000000000              1.0000000000000000              2.5000000000000004              1.3999999999999999              1.3999999999999999
      0.130278731      0.33984375               1.0000000000000000              0.0000000000000000              1.0000000000000000              2.5000000000000004              1.3999999999999999              1.3999999999999999
      0.130278731      0.34765625               1.0000000000000000              0.0000000000000000              1.0000000000000000              2.5000000000000004              1.3999999999999999              1.3999999999999999
      0.130278731      0.35546875               1.0000000000000000              0.0000000000000000              1.0000000000000000              2.5000000000000004              1.3999999999999999              1.3999999999999999
      0.130278731      0.36328125               1.0000000000000000              0.0000000000000000              1.0000000000000000              2.5000000000000004              1.3999999999999999              1.3999999999999999
      0.130278731      0.37109375               1.0000000000000000              0.0000000000000000              1.0000000000000000              2.5000000000000004              1.3999999999999999              1.3999999999999999
      0.130278731      0.37890625               1.0000000000000000              0.0000000000000000              1.0000000000000000              2.5000000000000004              1.3999999999999999              1.3999999999999999
      0.130278731      0.38671875               1.0000000000000000              0.0000000000000000              1.0000000000000000              2.5000000000000004              1.3999999999999999              1.3999999999999999
      0.130278731      0.39453125               1.0000000000000000              0.0000000000000000              1.0000000000000000              2.5000000000000004              1.3999999999999999              1.3999999999999999
      0.130278731      0.40234375               1.0000000000000000              0.0000000000000000              1.0000000000000000              2.5000000000000004              1.3999999999999999              1.3999999999999999
      0.130278731      0.41015625               1.0000000000000000              0.0000000000000000              1.0000000000000000              2.5000000000000004              1.3999999999999999              1.3999999999999999
      0.130278731      0.41796875               1.0000000000000000              0.0000000000000000              1.0000000000000000              2.5000000000000004              1.3999999999999999              1.3999999999999999
      0.130278731      0.42578125               1.0000000000000000              0.0000000000000000              1.0000000000000000              2.5000000000000004              1.3999999999999999              1.3999999999999999
      0.130278731      0.43359375               1.0000000000000000              0.0000000000000000              1.0000000000000000              2.5000000000000004              1.3999999999999999              1.3999999999999999
      0.130278731      0.44140625               1.0000000000000000              0.0000000000000000              1.0000000000000000              2.5000000000000004              1.3999999999999999              1.3999999999999999
      0.130278731      0.44921875               1.0000000000000000              0.0000000000000000              1.0000000000000000              2.5000000000000004              1.3999999999999999              1.3999999999999999
      0.130278731      0.45703125               1.0000000000000000              0.0000000000000000              1.0000000000000000              2.5000000000000004              1.3999999999999999              1.3999999999999999
      0.130278731      0.46484375               1.0000000000000000              0.0000000000000000              1.0000000000000000              2.5000000000000004              1.3999999999999999              1.3999999999999999
      0.130278731      0.47265625               1.0000000000000000              0.0000000000000000              1.0000000000000000              2.5000000000000004              1.3999999999999999              1.3999999999999999
      0.130278731      0.48046875               1.0000000000000000              0.0000000000000000              1.0000000000000000              2.5000000000000004              1.3999999999999999              1.3999999999999999
      0.130278731      0.48828125               1.0000000000000000              0.0000000000000000              1.0000000000000000              2.5000000000000004              1.3999999999999999              1.3999999999999999
      0.130278731      0.49609375                              NaN                             NaN              0.0000000000010000                             NaN              1.3999999999999999              1.3999999999999999
      0.130278731      0.50390625                              NaN                             NaN              0.0000000000010000                             NaN              1.3999999999999999              1.3999999999999999
      0.130278731      0.51171875                              NaN                             NaN              0.0000000000010000                             NaN              1.3999999999999999              1.3999999999999999
      0.130278731      0.51953125                              NaN                             NaN              0.0000000000010000                             NaN              1.3999999999999999              1.3999999999999999
      0.130278731      0.52734375                              NaN                             NaN              0.0000000000010000                             NaN              1.3999999999999999              1.3999999999999999
      0.130278731      0.53515625                              NaN                             NaN              0.0000000000010000                             NaN              1.3999999999999999              1.3999999999999999
      0.130278731      0.54296875                              NaN                             NaN              0.0000000000010000                             NaN              1.3999999999999999              1.3999999999999999
      0.130278731      0.55078125                              NaN                             NaN              0.0000000000010000                             NaN              1.3999999999999999              1.3999999999999999
      0.130278731      0.55859375                              NaN                             NaN              0.0000000000010000                             NaN              1.3999999999999999              1.3999999999999999
      0.130278731      0.56640625                              NaN                             NaN              0.0000000000010000                             NaN              1.3999999999999999              1.3999999999999999
      0.130278731      0.57421875                              NaN                             NaN              0.0000000000010000                             NaN              1.3999999999999999              1.3999999999999999
      0.130278731      0.58203125                              NaN                             NaN              0.0000000000010000                             NaN              1.3999999999999999              1.3999999999999999
      0.130278731      0.58984375                              NaN                             NaN              0.0000000000010000                             NaN              1.3999999999999999              1.3999999999999999
      0.130278731      0.59765625                              NaN                             NaN              0.0000000000010000                             NaN              1.3999999999999999              1.3999999999999999
      0.130278731      0.60546875                              NaN                             NaN              0.0000000000010000                             NaN              1.3999999999999999              1.3999999999999999
      0.130278731      0.61328125                              NaN                             NaN              0.0000000000010000                             NaN              1.3999999999999999              1.3999999999999999
      0.130278731      0.62109375                              NaN                             NaN              0.0000000000010000                             NaN              1.3999999999999999              1.3999999999999999
      0.130278731      0.62890625                              NaN                             NaN              0.0000000000010000                             NaN              1.3999999999999999              1.3999999999999999
      0.130278731      0.63671875                              NaN                             NaN              0.0000000000010000                             NaN              1.3999999999999999              1.3999999999999999
      0.130278731      0.64453125                              NaN                             NaN              0.0000000000010000                             NaN              1.3999999999999999              1.3999999999999999
      0.130278731      0.65234375                              NaN                             NaN              0.0000000000010000                             NaN              1.3999999999999999              1.3999999999999999
      0.130278731      0.66015625                              NaN                             NaN              0.0000000000010000                             NaN              1.3999999999999999              1.3999999999999999
      0.130278731      0.66796875                              NaN                             NaN              0.0000000000010000                             NaN              1.3999999999999999              1.3999999999999999
      0.130278731      0.67578125                              NaN                             NaN              0.0000000000010000                             NaN              1.3999999999999999              1.3999999999999999
      0.130278731      0.68359375                              NaN                             NaN              0.0000000000010000                             NaN              1.3999999999999999              1.3999999999999999
      0.130278731      0.69140625                              NaN                             NaN              0.0000000000010000                             NaN              1.3999999999999999              1.3999999999999999
      0.130278731      0.69921875                              NaN                             NaN              0.0000000000010000                             NaN              1.3999999999999999              1.3999999999999999
      0.130278731      0.70703125                              NaN                             NaN              0.0000000000010000                             NaN              1.3999999999999999              1.3999999999999999
      0.130278731      0.71484375                              NaN                             NaN              0.0000000000010000                             NaN              1.3999999999999999              1.3999999999999999
      0.130278731      0.72265625                              NaN                             NaN              0.0000000000010000                             NaN              1.3999999999999999              1.3999999999999999
      0.130278731      0.73046875                              NaN                             NaN              0.0000000000010000                             NaN              1.3999999999999999              1.3999999999999999
      0.130278731      0.73828125                              NaN                             NaN              0.0000000000010000                             NaN              1.3999999999999999              1.3999999999999999
      0.130278731      0.74609375                              NaN                             NaN              0.0000000000010000                             NaN              1.3999999999999999              1.3999999999999999
      0.130278731      0.75390625                              NaN                             NaN              0.0000000000010000                             NaN              1.3999999999999999              1.3999999999999999
      0.130278731      0.76171875                              NaN                             NaN              0.0000000000010000                             NaN              1.3999999999999999              1.3999999999999999
      0.130278731      0.76953125                              NaN                             NaN              0.0000000000010000                             NaN              1.3999999999999999              1.3999999999999999
      0.130278731      0.77734375                              NaN                             NaN              0.0000000000010000                             NaN              1.3999999999999999              1.3999999999999999
      0.130278731      0.78515625                              NaN                             NaN              0.0000000000010000                             NaN              1.3999999999999999              1.3999999999999999
      0.130278731      0.79296875                              NaN                             NaN              0.0000000000010000                             NaN              1.3999999999999999              1.3999999999999999
      0.130278731      0.80078125                              NaN                             NaN              0.0000000000010000                             NaN              1.3999999999999999              1.3999999999999999
      0.130278731      0.80859375                              NaN                             NaN              0.0000000000010000                             NaN              1.3999999999999999              1.3999999999999999
      0.130278731      0.81640625                              NaN                             NaN              0.0000000000010000                             NaN              1.3999999999999999              1.3999999999999999
      0.130278731      0.82421875                              NaN                             NaN              0.0000000000010000                             NaN              1.3999999999999999              1.3999999999999999
      0.130278731      0.83203125                              NaN                             NaN              0.0000000000010000                             NaN              1.3999999999999999              1.3999999999999999
      0.130278731      0.83984375                              NaN                             NaN              0.0000000000010000                             NaN              1.3999999999999999              1.3999999999999999
      0.130278731      0.84765625                              NaN                             NaN              0.0000000000010000                             NaN              1.3999999999999999              1.3999999999999999
      0.130278731      0.85546875                              NaN                             NaN              0.0000000000010000                             NaN              1.3999999999999999              1.3999999999999999
      0.130278731      0.86328125                              NaN                             NaN              0.0000000000010000                             NaN              1.3999999999999999              1.3999999999999999
      0.130278731      0.87109375                              NaN                             NaN              0.0000000000010000                             NaN              1.3999999999999999              1.3999999999999999
      0.130278731      0.87890625                              NaN                             NaN              0.0000000000010000                             NaN              1.3999999999999999              1.3999999999999999
      0.130278731      0.88671875                              NaN                             NaN              0.0000000000010000                             NaN              1.3999999999999999              1.3999999999999999
      0.130278731      0.89453125                              NaN                             NaN              0.0000000000010000                             NaN              1.3999999999999999              1.3999999999999999
      0.130278731      0.90234375                              NaN                             NaN              0.0000000000010000                             NaN              1.3999999999999999              1.3999999999999999
      0.130278731      0.91015625                              NaN                             NaN              0.0000000000010000                             NaN              1.3999999999999999              1.3999999999999999
      0.130278731      0.91796875                              NaN                             NaN              0.0000000000010000                             NaN              1.3999999999999999              1.3999999999999999
      0.130278731      0.92578125                              NaN                             NaN              0.0000000000010000                             NaN              1.3999999999999999              1.3999999999999999
      0.130278731      0.93359375              14.5064723464505292             -0.2782686268874849              0.0000000000010000              0.0000000000000689              1.3999999999999999              1.3999999999999999
      0.130278731      0.94140625             -35.4701474112648327             -0.8119459341814658              0.0000000000010000             -0.0000000000000282              1.3999999999999999              1.3999999999999999
      0.130278731      0.94921875             228.1415882463939226             -0.6775785610638840            181.5167899935532034              1.9890804586395083              1.3999999999999999              1.3999999999999999
      0.130278731      0.95703125            -250.1161724590824065             -0.5286127124650450              0.0000000000010000             -0.0000000000000040              1.3999999999999999              1.3999999999999999
      0.130278731      0.96484375              85.0091527638166156             -0.0071835644283901              5.6835942836477908              0.1671465394861270              1.3999999999999999              1.3999999999999999
      0.130278731      0.97265625              -6.2367938884839642             -0.2581672130017590              0.0000000000010000             -0.0000000000001603              1.3999999999999999              1.3999999999999999
      0.130278731      0.98046875               0.5551154094463197              0.4514185093256308              0.0000000000010000              0.0000000000018014              1.3999999999999999              1.3999999999999999
      0.130278731      0.98828125               2.2327457816548311             -0.1447462718498493              0.1893287771073199              0.2119909694409951              1.3999999999999999              1.3999999999999999
      0.130278731      0.99609375               0.7649426472695202              0.2027749625907447              0.0399827148329920              0.1306722633903050              1.3999999999999999              1.3999999999999999
