      0.051250964      0.00390625               1.0000000000000000             -2.0000000000000000              0.3999999999999999              1.0000000000000000              1.3999999999999999              1.3999999999999999
      0.051250964      0.01171875               1.0000000000000000             -2.0000000000000000              0.3999999999999999              1.0000000000000000              1.3999999999999999              1.3999999999999999
      0.051250964      0.01953125               1.0000000000000000             -2.0000000000000000              0.3999999999999999              1.0000000000000000              1.3999999999999999              1.3999999999999999
      0.051250964      0.02734375               1.0000000000000000             -2.0000000000000000              0.3999999999999999              1.0000000000000000              1.3999999999999999              1.3999999999999999
      0.051250964      0.03515625               1.0000000000000000             -2.0000000000000000              0.3999999999999999              1.0000000000000000              1.3999999999999999              1.3999999999999999
      0.051250964      0.04296875               1.0000000000000000             -2.0000000000000000              0.3999999999999999              1.0000000000000000              1.3999999999999999              1.3999999999999999
      0.051250964      0.05078125               1.0000000000000000             -2.0000000000000000              0.3999999999999999              1.0000000000000000              1.3999999999999999              1.3999999999999999
      0.051250964      0.05859375               1.0000000000000000             -2.0000000000000000              0.3999999999999999              1.0000000000000000              1.3999999999999999              1.3999999999999999
      0.051250964      0.06640625               1.0000000000000000             -2.0000000000000000              0.3999999999999999              1.0000000000000000              1.3999999999999999              1.3999999999999999
      0.051250964      0.07421875               1.0000000000000000             -2.0000000000000000              0.3999999999999999              1.0000000000000000              1.3999999999999999              1.3999999999999999
      0.051250964      0.08203125               1.0000000000000000             -2.0000000000000000              0.3999999999999999              1.0000000000000000              1.3999999999999999              1.3999999999999999
      0.051250964      0.08984375               1.0000000000000000             -2.0000000000000000              0.3999999999999999              1.0000000000000000              1.3999999999999999              1.3999999999999999
      0.051250964      0.09765625               1.0000000000000000             -2.0000000000000000              0.3999999999999999              1.0000000000000000              1.3999999999999999              1.3999999999999999
      0.051250964      0.10546875               1.0000000000000000             -2.0000000000000000              0.3999999999999999              1.0000000000000000              1.3999999999999999              1.3999999999999999
      0.051250964      0.11328125               1.0000000000000000             -2.0000000000000000              0.3999999999999999              1.0000000000000000              1.3999999999999999              1.3999999999999999
      0.051250964      0.12109375               1.0000000000000000             -2.0000000000000000              0.3999999999999999              1.0000000000000000              1.3999999999999999              1.3999999999999999
      0.051250964      0.12890625               1.0000000000000000             -2.0000000000000000              0.3999999999999999              1.0000000000000000              1.3999999999999999              1.3999999999999999
      0.051250964      0.13671875               1.0000000000000000             -2.0000000000000000              0.3999999999999999              1.0000000000000000              1.3999999999999999              1.3999999999999999
      0.051250964      0.14453125               1.0000000000000000             -2.0000000000000000              0.3999999999999999              1.0000000000000000              1.3999999999999999              1.3999999999999999
      0.051250964      0.15234375               1.0000000000000000             -2.0000000000000000              0.3999999999999999              1.0000000000000000              1.3999999999999999              1.3999999999999999
      0.051250964      0.16015625               1.0000000000000000             -2.0000000000000000              0.3999999999999999              1.0000000000000000              1.3999999999999999              1.3999999999999999
      0.051250964      0.16796875               1.0000000000000000             -2.0000000000000000              0.3999999999999999              1.0000000000000000              1.3999999999999999              1.3999999999999999
      0.051250964      0.17578125               1.0000000000000000             -2.0000000000000000              0.3999999999999999              1.0000000000000000              1.3999999999999999              1.3999999999999999
      0.051250964      0.18359375               1.0000000000000000             -2.0000000000000000              0.3999999999999999              1.0000000000000000              1.3999999999999999              1.3999999999999999
      0.051250964      0.19140625               1.0000000000000000             -2.0000000000000000              0.3999999999999999              1.0000000000000000              1.3999999999999999              1.3999999999999999
      0.051250964      0.19921875               1.0000000000000000             -2.0000000000000000              0.3999999999999999              1.0000000000000000              1.3999999999999999              1.3999999999999999
      0.051250964      0.20703125               1.0000000000000000             -2.0000000000000000              0.3999999999999999              1.0000000000000000              1.3999999999999999              1.3999999999999999
      0.051250964      0.21484375               1.0000000000000000             -2.0000000000000000              0.3999999999999999              1.0000000000000000              1.3999999999999999              1.3999999999999999
      0.051250964      0.22265625               1.0000000000000000             -2.0000000000000000              0.3999999999999999              1.0000000000000000              1.3999999999999999              1.3999999999999999
      0.051250964      0.23046875               1.0000000000000000             -2.0000000000000000              0.3999999999999999              1.0000000000000000              1.3999999999999999              1.3999999999999999
      0.051250964      0.23828125               1.0000000000000000             -2.0000000000000000              0.3999999999999999              1.0000000000000000              1.3999999999999999              1.3999999999999999
      0.051250964      0.24609375               1.0000000000000000             -2.0000000000000000              0.3999999999999999              1.0000000000000000              1.3999999999999999              1.3999999999999999
      0.051250964      0.25390625               1.0000000000000000             -2.0000000000000000              0.3999999999999999              1.0000000000000000              1.3999999999999999              1.3999999999999999
      0.051250964      0.26171875               1.0000000000000000             -2.0000000000000000              0.3999999999999999              1.0000000000000000              1.3999999999999999              1.3999999999999999
      0.051250964      0.26953125               1.0000000000000000             -2.0000000000000000              0.3999999999999999              1.0000000000000000              1.3999999999999999              1.3999999999999999
      0.051250964      0.27734375               1.0000000000000000             -2.0000000000000000              0.3999999999999999              1.0000000000000000              1.3999999999999999              1.3999999999999999
      0.051250964      0.28515625               1.0000000000000000             -2.0000000000000000              0.3999999999999999              1.0000000000000000              1.3999999999999999              1.3999999999999999
      0.051250964      0.29296875               1.0000000000000000             -2.0000000000000000              0.3999999999999999              1.0000000000000000              1.3999999999999999              1.3999999999999999
      0.051250964      0.30078125               1.0000000000000000             -2.0000000000000000              0.3999999999999999              1.0000000000000000              1.3999999999999999              1.3999999999999999
      0.051250964      0.30859375               0.9999872708180867             -1.9999883273534935              0.3999908016228542              0.9999897331083598              1.3999999999999999              1.3999999999999999
      0.051250964      0.31640625               0.9999265339493817             -1.9999023477035367              0.3999216058781925              0.9998774717444326              1.3999999999999999              1.3999999999999999
      0.051250964      0.32421875               0.9997979844882199             -1.9990264809886102              0.3990140828657166              0.9977367654675896              1.3999999999999999              1.3999999999999999
      0.051250964      0.33203125               1.0116692164050385             -2.0074987578941563              0.4042284742001715              0.9989146344607466              1.3999999999999999              1.3999999999999999
      0.051250964      0.33984375               1.0377100482684645             -2.0340906919630690              0.4271498050183835              1.0290682973802048              1.3999999999999999              1.3999999999999999
      0.051250964      0.34765625               1.0474079558165839             -2.0572185548155542              0.4492147006863855              1.0722056725647251              1.3999999999999999              1.3999999999999999
      0.051250964      0.35546875               0.9607401513724388             -2.0012889204794035              0.4166997903894376              1.0843197033926726              1.3999999999999999              1.3999999999999999
      0.051250964      0.36328125               0.7787146187537486             -1.8042980332896847              0.2793741723973543              0.8969080766856011              1.3999999999999999              1.3999999999999999
      0.051250964      0.37109375               0.6728557177038269             -1.6941834841494985              0.2132723222624193              0.7924147653460832              1.3999999999999999              1.3999999999999999
      0.051250964      0.37890625               0.5981107615718333             -1.6432300362887036              0.1902258925456310              0.7951114775368613              1.3999999999999999              1.3999999999999999
      0.051250964      0.38671875               0.5152031913828554             -1.5412854901979509              0.1636749894070455              0.7942254247674883              1.3999999999999999              1.3999999999999999
      0.051250964      0.39453125               0.4252886940332618             -1.3880488735441965              0.1150853274931778              0.6765129728805875              1.3999999999999999              1.3999999999999999
      0.051250964      0.40234375               0.3592757603576058             -1.2777386891301721              0.0869402046641424              0.6049684828278306              1.3999999999999999              1.3999999999999999
      0.051250964      0.41015625               0.3035479414252376             -1.1724093484208302              0.0666884561696793              0.5492415453104329              1.3999999999999999              1.3999999999999999
      0.051250964      0.41796875               0.2558989007989478             -1.0740930031849416              0.0514991315411996              0.5031198979402897              1.3999999999999999              1.3999999999999999
      0.051250964      0.42578125               0.2138993082784131             -0.9889193301685293              0.0391855692421553              0.4579908364073702              1.3999999999999999              1.3999999999999999
      0.051250964      0.43359375               0.1772164985699967             -0.9065674638185154              0.0319939539291466              0.4513399455935768              1.3999999999999999              1.3999999999999999
      0.051250964      0.44140625               0.1466546561778082             -0.8374195168923102              0.0262415283944859              0.4473354116126727              1.3999999999999999              1.3999999999999999
      0.051250964      0.44921875               0.1157585637972796             -0.7877577737283862              0.0206601044676684              0.4461895472340403              1.3999999999999999              1.3999999999999999
      0.051250964      0.45703125                              NaN                             NaN              0.0000000000010000                             NaN              1.3999999999999999              1.3999999999999999
      0.051250964      0.46484375                              NaN                             NaN              0.0000000000010000                             NaN              1.3999999999999999              1.3999999999999999
      0.051250964      0.47265625                              NaN                             NaN              0.0000000000010000                             NaN              1.3999999999999999              1.3999999999999999
      0.051250964      0.48046875                              NaN                             NaN              0.0000000000010000                             NaN              1.3999999999999999              1.3999999999999999
      0.051250964      0.48828125                              NaN                             NaN              0.0000000000010000                             NaN              1.3999999999999999              1.3999999999999999
      0.051250964      0.49609375                              NaN                             NaN              0.0000000000010000                             NaN              1.3999999999999999              1.3999999999999999
      0.051250964      0.50390625                              NaN                             NaN              0.0000000000010000                             NaN              1.3999999999999999              1.3999999999999999
      0.051250964      0.51171875                              NaN                             NaN              0.0000000000010000                             NaN              1.3999999999999999              1.3999999999999999
      0.051250964      0.51953125                              NaN                             NaN              0.0000000000010000                             NaN              1.3999999999999999              1.3999999999999999
      0.051250964      0.52734375                              NaN                             NaN              0.0000000000010000                             NaN              1.3999999999999999              1.3999999999999999
      0.051250964      0.53515625                              NaN                             NaN              0.0000000000010000                             NaN              1.3999999999999999              1.3999999999999999
      0.051250964      0.54296875                              NaN                             NaN              0.0000000000010000                             NaN              1.3999999999999999              1.3999999999999999
      0.051250964      0.55078125                              NaN                             NaN              0.0000000000010000                             NaN              1.3999999999999999              1.3999999999999999
      0.051250964      0.55859375               0.1473764367419175              0.8301220810390622              0.0259100934156162              0.4395223210103363              1.3999999999999999              1.3999999999999999
      0.051250964      0.56640625               0.1781236227133576              0.9098168586259909              0.0323998947165258              0.4547388805451256              1.3999999999999999              1.3999999999999999
      0.051250964      0.57421875               0.2145900540025142              0.9915492479780038              0.0395140256084299              0.4603431621295804              1.3999999999999999              1.3999999999999999
      0.051250964      0.58203125               0.2561405761825012              1.0748173069039739              0.0515760725596712              0.5033961558176072              1.3999999999999999              1.3999999999999999
      0.051250964      0.58984375               0.3035033473029622              1.1725236815625875              0.0667671470536029              0.5499704339912499              1.3999999999999999              1.3999999999999999
      0.051250964      0.59765625               0.3593037863193161              1.2781308897968779              0.0870459152046601              0.6056568182620106              1.3999999999999999              1.3999999999999999
      0.051250964      0.60546875               0.4243622882536401              1.3864730609124902              0.1146186442672550              0.6752405164166460              1.3999999999999999              1.3999999999999999
      0.051250964      0.61328125               0.5149344107117644              1.5410782308754187              0.1636599287932274              0.7945668680745657              1.3999999999999999              1.3999999999999999
      0.051250964      0.62109375               0.5980931648459255              1.6432509353246623              0.1902241398181030              0.7951275444984671              1.3999999999999999              1.3999999999999999
      0.051250964      0.62890625               0.6728891542121160              1.6941934962341454              0.2132630328643433              0.7923408763886693              1.3999999999999999              1.3999999999999999
      0.051250964      0.63671875               0.7787592279245092              1.8043544599156791              0.2794173229727889              0.8969952231496217              1.3999999999999999              1.3999999999999999
      0.051250964      0.64453125               0.9606908308107307              2.0012300700295134              0.4166457396956387              1.0842347150956719              1.3999999999999999              1.3999999999999999
      0.051250964      0.65234375               1.0474039769740635              2.0572163485340984              0.4492133973819288              1.0722066348260884              1.3999999999999999              1.3999999999999999
      0.051250964      0.66015625               1.0377070708354530              2.0340879512635515              0.4271474767584913              1.0290656408811907              1.3999999999999999              1.3999999999999999
      0.051250964      0.66796875               1.0116713972844822              2.0075011824497180              0.4042306934148070              0.9989179651115938              1.3999999999999999              1.3999999999999999
      0.051250964      0.67578125               0.9997979707908771              1.9990264542693545              0.3990140590982912              0.9977367197061233              1.3999999999999999              1.3999999999999999
      0.051250964      0.68359375               0.9999265340338005              1.9999023478821714              0.3999216060449305              0.9998774720768937              1.3999999999999999              1.3999999999999999
      0.051250964      0.69140625               0.9999872708120290              1.9999883273402344              0.3999908016083971              0.9999897330782744              1.3999999999999999              1.3999999999999999
      0.051250964      0.69921875               1.0000000000000000              2.0000000000000000              0.3999999999999999              1.0000000000000000              1.3999999999999999              1.3999999999999999
      0.051250964      0.70703125               1.0000000000000000              2.0000000000000000              0.3999999999999999              1.0000000000000000              1.3999999999999999              1.3999999999999999
      0.051250964      0.71484375               1.0000000000000000              2.0000000000000000              0.3999999999999999              1.0000000000000000              1.3999999999999999              1.3999999999999999
      0.051250964      0.72265625               1.0000000000000000              2.0000000000000000              0.3999999999999999              1.0000000000000000              1.3999999999999999              1.3999999999999999
      0.051250964      0.73046875               1.0000000000000000              2.0000000000000000              0.3999999999999999              1.0000000000000000              1.3999999999999999              1.3999999999999999
      0.051250964      0.73828125               1.0000000000000000              2.0000000000000000              0.3999999999999999              1.0000000000000000              1.3999999999999999              1.3999999999999999
      0.051250964      0.74609375               1.0000000000000000              2.0000000000000000              0.3999999999999999              1.0000000000000000              1.3999999999999999              1.3999999999999999
      0.051250964      0.75390625               1.0000000000000000              2.0000000000000000              0.3999999999999999              1.0000000000000000              1.3999999999999999              1.3999999999999999
      0.051250964      0.76171875               1.0000000000000000              2.0000000000000000              0.3999999999999999              1.0000000000000000              1.3999999999999999              1.3999999999999999
      0.051250964      0.76953125               1.0000000000000000              2.0000000000000000              0.3999999999999999              1.0000000000000000              1.3999999999999999              1.3999999999999999
      0.051250964      0.77734375               1.0000000000000000              2.0000000000000000              0.3999999999999999              1.0000000000000000              1.3999999999999999              1.3999999999999999
      0.051250964      0.78515625               1.0000000000000000              2.0000000000000000              0.3999999999999999              1.0000000000000000              1.3999999999999999              1.3999999999999999
      0.051250964      0.79296875               1.0000000000000000              2.0000000000000000              0.3999999999999999              1.0000000000000000              1.3999999999999999              1.3999999999999999
      0.051250964      0.80078125               1.0000000000000000              2.0000000000000000              0.3999999999999999              1.0000000000000000              1.3999999999999999              1.3999999999999999
      0.051250964      0.80859375               1.0000000000000000              2.0000000000000000              0.3999999999999999              1.0000000000000000              1.3999999999999999              1.3999999999999999
      0.051250964      0.81640625               1.0000000000000000              2.0000000000000000              0.3999999999999999              1.0000000000000000              1.3999999999999999              1.3999999999999999
      0.051250964      0.82421875               1.0000000000000000              2.0000000000000000              0.3999999999999999              1.0000000000000000              1.3999999999999999              1.3999999999999999
      0.051250964      0.83203125               1.0000000000000000              2.0000000000000000              0.3999999999999999              1.0000000000000000              1.3999999999999999              1.3999999999999999
      0.051250964      0.83984375               1.0000000000000000              2.0000000000000000              0.3999999999999999              1.0000000000000000              1.3999999999999999              1.3999999999999999
      0.051250964      0.84765625               1.0000000000000000              2.0000000000000000              0.3999999999999999              1.0000000000000000              1.3999999999999999              1.3999999999999999
      0.051250964      0.85546875               1.0000000000000000              2.0000000000000000              0.3999999999999999              1.0000000000000000              1.3999999999999999              1.3999999999999999
      0.051250964      0.86328125               1.0000000000000000              2.0000000000000000              0.3999999999999999              1.0000000000000000              1.3999999999999999              1.3999999999999999
      0.051250964      0.87109375               1.0000000000000000              2.0000000000000000              0.3999999999999999              1.0000000000000000              1.3999999999999999              1.3999999999999999
      0.051250964      0.87890625               1.0000000000000000              2.0000000000000000              0.3999999999999999              1.0000000000000000              1.3999999999999999              1.3999999999999999
      0.051250964      0.88671875               1.0000000000000000              2.0000000000000000              0.3999999999999999              1.0000000000000000              1.3999999999999999              1.3999999999999999
      0.051250964      0.89453125               1.0000000000000000              2.0000000000000000              0.3999999999999999              1.0000000000000000              1.3999999999999999              1.3999999999999999
      0.051250964      0.90234375               1.0000000000000000              2.0000000000000000              0.3999999999999999              1.0000000000000000              1.3999999999999999              1.3999999999999999
      0.051250964      0.91015625               1.0000000000000000              2.0000000000000000              0.3999999999999999              1.0000000000000000              1.3999999999999999              1.3999999999999999
      0.051250964      0.91796875               1.0000000000000000              2.0000000000000000              0.3999999999999999              1.0000000000000000              1.3999999999999999              1.3999999999999999
      0.051250964      0.92578125               1.0000000000000000              2.0000000000000000              0.3999999999999999              1.0000000000000000              1.3999999999999999              1.3999999999999999
      0.051250964      0.93359375               1.0000000000000000              2.0000000000000000              0.3999999999999999              1.0000000000000000              1.3999999999999999              1.3999999999999999
      0.051250964      0.94140625               1.0000000000000000              2.0000000000000000              0.3999999999999999              1.0000000000000000              1.3999999999999999              1.3999999999999999
      0.051250964      0.94921875               1.0000000000000000              2.0000000000000000              0.3999999999999999              1.0000000000000000              1.3999999999999999              1.3999999999999999
      0.051250964      0.95703125               1.0000000000000000              2.0000000000000000              0.3999999999999999              1.0000000000000000              1.3999999999999999              1.3999999999999999
      0.051250964      0.96484375               1.0000000000000000              2.0000000000000000              0.3999999999999999              1.0000000000000000              1.3999999999999999              1.3999999999999999
      0.051250964      0.97265625               1.0000000000000000              2.0000000000000000              0.3999999999999999              1.0000000000000000              1.3999999999999999              1.3999999999999999
      0.051250964      0.98046875               1.0000000000000000              2.0000000000000000              0.3999999999999999              1.0000000000000000              1.3999999999999999              1.3999999999999999
      0.051250964      0.98828125               1.0000000000000000              2.0000000000000000              0.3999999999999999              1.0000000000000000              1.3999999999999999              1.3999999999999999
      0.051250964      0.99609375               1.0000000000000000              2.0000000000000000              0.3999999999999999              1.0000000000000000              1.3999999999999999              1.3999999999999999
