      0.095512496      0.00390625               1.0000000000000000             -2.0000000000000000              0.3999999999999999              1.0000000000000000              1.3999999999999999              1.3999999999999999
      0.095512496      0.01171875               1.0000000000000000             -2.0000000000000000              0.3999999999999999              1.0000000000000000              1.3999999999999999              1.3999999999999999
      0.095512496      0.01953125               1.0000000000000000             -2.0000000000000000              0.3999999999999999              1.0000000000000000              1.3999999999999999              1.3999999999999999
      0.095512496      0.02734375               1.0000000000000000             -2.0000000000000000              0.3999999999999999              1.0000000000000000              1.3999999999999999              1.3999999999999999
      0.095512496      0.03515625               1.0000000000000000             -2.0000000000000000              0.3999999999999999              1.0000000000000000              1.3999999999999999              1.3999999999999999
      0.095512496      0.04296875               1.0000000000000000             -2.0000000000000000              0.3999999999999999              1.0000000000000000              1.3999999999999999              1.3999999999999999
      0.095512496      0.05078125               1.0000000000000000             -2.0000000000000000              0.3999999999999999              1.0000000000000000              1.3999999999999999              1.3999999999999999
      0.095512496      0.05859375               1.0000000000000000             -2.0000000000000000              0.3999999999999999              1.0000000000000000              1.3999999999999999              1.3999999999999999
      0.095512496      0.06640625               1.0000000000000000             -2.0000000000000000              0.3999999999999999              1.0000000000000000              1.3999999999999999              1.3999999999999999
      0.095512496      0.07421875               1.0000000000000000             -2.0000000000000000              0.3999999999999999              1.0000000000000000              1.3999999999999999              1.3999999999999999
      0.095512496      0.08203125               1.0000000000000000             -2.0000000000000000              0.3999999999999999              1.0000000000000000              1.3999999999999999              1.3999999999999999
      0.095512496      0.08984375               1.0000000000000000             -2.0000000000000000              0.3999999999999999              1.0000000000000000              1.3999999999999999              1.3999999999999999
      0.095512496      0.09765625               1.0000000000000000             -2.0000000000000000              0.3999999999999999              1.0000000000000000              1.3999999999999999              1.3999999999999999
      0.095512496      0.10546875               1.0000000000000000             -2.0000000000000000              0.3999999999999999              1.0000000000000000              1.3999999999999999              1.3999999999999999
      0.095512496      0.11328125               1.0000000000000000             -2.0000000000000000              0.3999999999999999              1.0000000000000000              1.3999999999999999              1.3999999999999999
      0.095512496      0.12109375               1.0000000000000000             -2.0000000000000000              0.3999999999999999              1.0000000000000000              1.3999999999999999              1.3999999999999999
      0.095512496      0.12890625               1.0000000000000000             -2.0000000000000000              0.3999999999999999              1.0000000000000000              1.3999999999999999              1.3999999999999999
      0.095512496      0.13671875               1.0000000000000000             -2.0000000000000000              0.3999999999999999              1.0000000000000000              1.3999999999999999              1.3999999999999999
      0.095512496      0.14453125               1.0000000000000000             -2.0000000000000000              0.3999999999999999              1.0000000000000000              1.3999999999999999              1.3999999999999999
      0.095512496      0.15234375               1.0000000000000000             -2.0000000000000000              0.3999999999999999              1.0000000000000000              1.3999999999999999              1.3999999999999999
      0.095512496      0.16015625               1.0000000000000000             -2.0000000000000000              0.3999999999999999              1.0000000000000000              1.3999999999999999              1.3999999999999999
      0.095512496      0.16796875               1.0000000000000000             -2.0000000000000000              0.3999999999999999              1.0000000000000000              1.3999999999999999              1.3999999999999999
      0.095512496      0.17578125               0.9999996208409514             -1.9999997162634666              0.3999997876710549              0.9999998483366286              1.3999999999999999              1.3999999999999999
      0.095512496      0.18359375               0.9999920982138625             -1.9999940868679864              0.3999955750334522              0.9999968393447933              1.3999999999999999              1.3999999999999999
      0.095512496      0.19140625               0.9999215461317333             -1.9999412914617829              0.3999560682750578              0.9999686220941932              1.3999999999999999              1.3999999999999999
      0.095512496      0.19921875               0.9995072926844787             -1.9996312967830172              0.3997241592297206              0.9998030083305863              1.3999999999999999              1.3999999999999999
      0.095512496      0.20703125               0.9978068200057180             -1.9983584324023449              0.3987730329310965              0.9991238407470783              1.3999999999999999              1.3999999999999999
      0.095512496      0.21484375               0.9926338051739039             -1.9944801882265282              0.3958864102625616              0.9970605680541088              1.3999999999999999              1.3999999999999999
      0.095512496      0.22265625               0.9805053774533399             -1.9853407882760867              0.3891523985582914              0.9922240293292283              1.3999999999999999              1.3999999999999999
      0.095512496      0.23046875               0.9578185057987444             -1.9680368499892602              0.3766669680996715              0.9831376346857105              1.3999999999999999              1.3999999999999999
      0.095512496      0.23828125               0.9227269231024294             -1.9406501529219253              0.3576040790445756              0.9688784137841804              1.3999999999999999              1.3999999999999999
      0.095512496      0.24609375               0.8760659435887780             -1.9029316085058214              0.3327066125334333              0.9494337012191989              1.3999999999999999              1.3999999999999999
      0.095512496      0.25390625               0.8206651519220001             -1.8560057931871596              0.3038233702023388              0.9255400009698953              1.3999999999999999              1.3999999999999999
      0.095512496      0.26171875               0.7599144054698850             -1.8015420732562097              0.2730297812558087              0.8982254425318590              1.3999999999999999              1.3999999999999999
      0.095512496      0.26953125               0.6965400435986302             -1.7409042860264825              0.2419412587076288              0.8683680892833332              1.3999999999999999              1.3999999999999999
      0.095512496      0.27734375               0.6320599483714762             -1.6745411244751909              0.2114578109633718              0.8363835246490466              1.3999999999999999              1.3999999999999999
      0.095512496      0.28515625               0.5702778063216751             -1.6057334177127431              0.1834083029266897              0.8040305132584588              1.3999999999999999              1.3999999999999999
      0.095512496      0.29296875               0.5133479084034335             -1.5369846482723213              0.1586470007613906              0.7726095605161792              1.3999999999999999              1.3999999999999999
      0.095512496      0.30078125               0.4611562146300415             -1.4685084441850471              0.1369103089532795              0.7422122081945413              1.3999999999999999              1.3999999999999999
      0.095512496      0.30859375               0.4134969533514002             -1.4004115487570514              0.1179023658951544              0.7128369685650258              1.3999999999999999              1.3999999999999999
      0.095512496      0.31640625               0.3700356015682295             -1.3327514261195785              0.1013322067551604              0.6846111990691530              1.3999999999999999              1.3999999999999999
      0.095512496      0.32421875               0.3304018622924705             -1.2655578409163046              0.0869296853797120              0.6577572291554016              1.3999999999999999              1.3999999999999999
      0.095512496      0.33203125               0.2942646002659038             -1.1988436471827884              0.0744484140277981              0.6324954986135344              1.3999999999999999              1.3999999999999999
      0.095512496      0.33984375               0.2613292619604367             -1.1326037459009366              0.0636648623558356              0.6090483503285790              1.3999999999999999              1.3999999999999999
      0.095512496      0.34765625               0.2313343665713085             -1.0668158000002592              0.0543764314420983              0.5876389255089001              1.3999999999999999              1.3999999999999999
      0.095512496      0.35546875               0.2040343257606332             -1.0014428286911965              0.0464001178939214              0.5685332323488130              1.3999999999999999              1.3999999999999999
      0.095512496      0.36328125               0.1791725880474816             -0.9364340132580045              0.0395725742651980              0.5521572063064559              1.3999999999999999              1.3999999999999999
      0.095512496      0.37109375               0.1564679758194504             -0.8717255582305514              0.0337511636622902              0.5392663176846483              1.3999999999999999              1.3999999999999999
      0.095512496      0.37890625               0.1356259872049192             -0.8072497048422614              0.0288138297726419              0.5311266366877520              1.3999999999999999              1.3999999999999999
      0.095512496      0.38671875               0.1163577055387587             -0.7429370141528825              0.0246572017838832              0.5297715709869751              1.3999999999999999              1.3999999999999999
      0.095512496      0.39453125               0.0992285238150636             -0.6787687028431634              0.0211873175143109              0.5338010861120601              1.3999999999999999              1.3999999999999999
      0.095512496      0.40234375               0.0847650372085887             -0.6148808188053062              0.0183004508299395              0.5397405414011099              1.3999999999999999              1.3999999999999999
      0.095512496      0.41015625               0.0726087925974818             -0.5513316217545712              0.0159044566615395              0.5476078065954197              1.3999999999999999              1.3999999999999999
      0.095512496      0.41796875               0.0624556822965115             -0.4882367492263117              0.0139245484181169              0.5573771635385170              1.3999999999999999              1.3999999999999999
      0.095512496      0.42578125               0.0540269155824952             -0.4261630311266754              0.0122867713694802              0.5685486223398756              1.3999999999999999              1.3999999999999999
      0.095512496      0.43359375               0.0471064720459240             -0.3656034114793029              0.0109383272132780              0.5805108479899640              1.3999999999999999              1.3999999999999999
      0.095512496      0.44140625               0.0415068272645093             -0.3072200986632860              0.0098365831631480              0.5924677824965209              1.3999999999999999              1.3999999999999999
      0.095512496      0.44921875               0.0370630816372104             -0.2518314356440441              0.0089479373520075              0.6035613443853520              1.3999999999999999              1.3999999999999999
      0.095512496      0.45703125               0.0336282020483306             -0.2003428269454354              0.0082459967971013              0.6130268862761483              1.3999999999999999              1.3999999999999999
      0.095512496      0.46484375               0.0310692376511632             -0.1535829511413431              0.0077091680870233              0.6203216324117502              1.3999999999999999              1.3999999999999999
      0.095512496      0.47265625               0.0292617537782513             -0.1120487558759220              0.0073177291400540              0.6251957072966747              1.3999999999999999              1.3999999999999999
      0.095512496      0.48046875               0.0280834242363532             -0.0756343400656689              0.0070515517591987              0.6277325460609817              1.3999999999999999              1.3999999999999999
      0.095512496      0.48828125               0.0274109529442287             -0.0434996313509437              0.0068899636360196              0.6283951209246739              1.3999999999999999              1.3999999999999999
      0.095512496      0.49609375               0.0271254097790682             -0.0141754820363174              0.0068146752075892              0.6280711759834731              1.3999999999999999              1.3999999999999999
      0.095512496      0.50390625               0.0271254097790682              0.0141754820363177              0.0068146752075892              0.6280711759834727              1.3999999999999999              1.3999999999999999
      0.095512496      0.51171875               0.0274109529442287              0.0434996313509437              0.0068899636360196              0.6283951209246738              1.3999999999999999              1.3999999999999999
      0.095512496      0.51953125               0.0280834242363532              0.0756343400656686              0.0070515517591987              0.6277325460609821              1.3999999999999999              1.3999999999999999
      0.095512496      0.52734375               0.0292617537782513              0.1120487558759218              0.0073177291400540              0.6251957072966755              1.3999999999999999              1.3999999999999999
      0.095512496      0.53515625               0.0310692376511632              0.1535829511413432              0.0077091680870233              0.6203216324117503              1.3999999999999999              1.3999999999999999
      0.095512496      0.54296875               0.0336282020483307              0.2003428269454354              0.0082459967971013              0.6130268862761482              1.3999999999999999              1.3999999999999999
      0.095512496      0.55078125               0.0370630816372104              0.2518314356440440              0.0089479373520075              0.6035613443853520              1.3999999999999999              1.3999999999999999
      0.095512496      0.55859375               0.0415068272645093              0.3072200986632861              0.0098365831631480              0.5924677824965210              1.3999999999999999              1.3999999999999999
      0.095512496      0.56640625               0.0471064720459240              0.3656034114793032              0.0109383272132779              0.5805108479899640              1.3999999999999999              1.3999999999999999
      0.095512496      0.57421875               0.0540269155824952              0.4261630311266756              0.0122867713694801              0.5685486223398754              1.3999999999999999              1.3999999999999999
      0.095512496      0.58203125               0.0624556822965115              0.4882367492263117              0.0139245484181169              0.5573771635385167              1.3999999999999999              1.3999999999999999
      0.095512496      0.58984375               0.0726087925974819              0.5513316217545712              0.0159044566615395              0.5476078065954197              1.3999999999999999              1.3999999999999999
      0.095512496      0.59765625               0.0847650372085886              0.6148808188053067              0.0183004508299395              0.5397405414011097              1.3999999999999999              1.3999999999999999
      0.095512496      0.60546875               0.0992285238150637              0.6787687028431634              0.0211873175143110              0.5338010861120598              1.3999999999999999              1.3999999999999999
      0.095512496      0.61328125               0.1163577055387588              0.7429370141528823              0.0246572017838832              0.5297715709869751              1.3999999999999999              1.3999999999999999
      0.095512496      0.62109375               0.1356259872049193              0.8072497048422614              0.0288138297726419              0.5311266366877513              1.3999999999999999              1.3999999999999999
      0.095512496      0.62890625               0.1564679758194499              0.8717255582305509              0.0337511636622902              0.5392663176846501              1.3999999999999999              1.3999999999999999
      0.095512496      0.63671875               0.1791725880474812              0.9364340132580045              0.0395725742651979              0.5521572063064567              1.3999999999999999              1.3999999999999999
      0.095512496      0.64453125               0.2040343257606332              1.0014428286911963              0.0464001178939214              0.5685332323488131              1.3999999999999999              1.3999999999999999
      0.095512496      0.65234375               0.2313343665713085              1.0668158000002592              0.0543764314420983              0.5876389255089001              1.3999999999999999              1.3999999999999999
      0.095512496      0.66015625               0.2613292619604367              1.1326037459009370              0.0636648623558355              0.6090483503285784              1.3999999999999999              1.3999999999999999
      0.095512496      0.66796875               0.2942646002659040              1.1988436471827892              0.0744484140277979              0.6324954986135327              1.3999999999999999              1.3999999999999999
      0.095512496      0.67578125               0.3304018622924706              1.2655578409163042              0.0869296853797120              0.6577572291554014              1.3999999999999999              1.3999999999999999
      0.095512496      0.68359375               0.3700356015682299              1.3327514261195785              0.1013322067551604              0.6846111990691524              1.3999999999999999              1.3999999999999999
      0.095512496      0.69140625               0.4134969533514002              1.4004115487570512              0.1179023658951544              0.7128369685650258              1.3999999999999999              1.3999999999999999
      0.095512496      0.69921875               0.4611562146300412              1.4685084441850473              0.1369103089532794              0.7422122081945413              1.3999999999999999              1.3999999999999999
      0.095512496      0.70703125               0.5133479084034333              1.5369846482723220              0.1586470007613903              0.7726095605161782              1.3999999999999999              1.3999999999999999
      0.095512496      0.71484375               0.5702778063216752              1.6057334177127434              0.1834083029266896              0.8040305132584582              1.3999999999999999              1.3999999999999999
      0.095512496      0.72265625               0.6320599483714762              1.6745411244751909              0.2114578109633717              0.8363835246490460              1.3999999999999999              1.3999999999999999
      0.095512496      0.73046875               0.6965400435986301              1.7409042860264821              0.2419412587076289              0.8683680892833336              1.3999999999999999              1.3999999999999999
      0.095512496      0.73828125               0.7599144054698851              1.8015420732562095              0.2730297812558087              0.8982254425318588              1.3999999999999999              1.3999999999999999
      0.095512496      0.74609375               0.8206651519220001              1.8560057931871596              0.3038233702023388              0.9255400009698953              1.3999999999999999              1.3999999999999999
      0.095512496      0.75390625               0.8760659435887780              1.9029316085058214              0.3327066125334333              0.9494337012191989              1.3999999999999999              1.3999999999999999
      0.095512496      0.76171875               0.9227269231024294              1.9406501529219253              0.3576040790445756              0.9688784137841804              1.3999999999999999              1.3999999999999999
      0.095512496      0.76953125               0.9578185057987444              1.9680368499892602              0.3766669680996715              0.9831376346857105              1.3999999999999999              1.3999999999999999
      0.095512496      0.77734375               0.9805053774533399              1.9853407882760867              0.3891523985582914              0.9922240293292283              1.3999999999999999              1.3999999999999999
      0.095512496      0.78515625               0.9926338051739039              1.9944801882265282              0.3958864102625616              0.9970605680541088              1.3999999999999999              1.3999999999999999
      0.095512496      0.79296875               0.9978068200057180              1.9983584324023449              0.3987730329310965              0.9991238407470783              1.3999999999999999              1.3999999999999999
      0.095512496      0.80078125               0.9995072926844787              1.9996312967830172              0.3997241592297206              0.9998030083305863              1.3999999999999999              1.3999999999999999
      0.095512496      0.80859375               0.9999215461317333              1.9999412914617829              0.3999560682750578              0.9999686220941932              1.3999999999999999              1.3999999999999999
      0.095512496      0.81640625               0.9999920982138625              1.9999940868679864              0.3999955750334522              0.9999968393447933              1.3999999999999999              1.3999999999999999
      0.095512496      0.82421875               0.9999996208409514              1.9999997162634666              0.3999997876710549              0.9999998483366286              1.3999999999999999              1.3999999999999999
      0.095512496      0.83203125               1.0000000000000000              2.0000000000000000              0.3999999999999999              1.0000000000000000              1.3999999999999999              1.3999999999999999
      0.095512496      0.83984375               1.0000000000000000              2.0000000000000000              0.3999999999999999              1.0000000000000000              1.3999999999999999              1.3999999999999999
      0.095512496      0.84765625               1.0000000000000000              2.0000000000000000              0.3999999999999999              1.0000000000000000              1.3999999999999999              1.3999999999999999
      0.095512496      0.85546875               1.0000000000000000              2.0000000000000000              0.3999999999999999              1.0000000000000000              1.3999999999999999              1.3999999999999999
      0.095512496      0.86328125               1.0000000000000000              2.0000000000000000              0.3999999999999999              1.0000000000000000              1.3999999999999999              1.3999999999999999
      0.095512496      0.87109375               1.0000000000000000              2.0000000000000000              0.3999999999999999              1.0000000000000000              1.3999999999999999              1.3999999999999999
      0.095512496      0.87890625               1.0000000000000000              2.0000000000000000              0.3999999999999999              1.0000000000000000              1.3999999999999999              1.3999999999999999
      0.095512496      0.88671875               1.0000000000000000              2.0000000000000000              0.3999999999999999              1.0000000000000000              1.3999999999999999              1.3999999999999999
      0.095512496      0.89453125               1.0000000000000000              2.0000000000000000              0.3999999999999999              1.0000000000000000              1.3999999999999999              1.3999999999999999
      0.095512496      0.90234375               1.0000000000000000              2.0000000000000000              0.3999999999999999              1.0000000000000000              1.3999999999999999              1.3999999999999999
      0.095512496      0.91015625               1.0000000000000000              2.0000000000000000              0.3999999999999999              1.0000000000000000              1.3999999999999999              1.3999999999999999
      0.095512496      0.91796875               1.0000000000000000              2.0000000000000000              0.3999999999999999              1.0000000000000000              1.3999999999999999              1.3999999999999999
      0.095512496      0.92578125               1.0000000000000000              2.0000000000000000              0.3999999999999999              1.0000000000000000              1.3999999999999999              1.3999999999999999
      0.095512496      0.93359375               1.0000000000000000              2.0000000000000000              0.3999999999999999              1.0000000000000000              1.3999999999999999              1.3999999999999999
      0.095512496      0.94140625               1.0000000000000000              2.0000000000000000              0.3999999999999999              1.0000000000000000              1.3999999999999999              1.3999999999999999
      0.095512496      0.94921875               1.0000000000000000              2.0000000000000000              0.3999999999999999              1.0000000000000000              1.3999999999999999              1.3999999999999999
      0.095512496      0.95703125               1.0000000000000000              2.0000000000000000              0.3999999999999999              1.0000000000000000              1.3999999999999999              1.3999999999999999
      0.095512496      0.96484375               1.0000000000000000              2.0000000000000000              0.3999999999999999              1.0000000000000000              1.3999999999999999              1.3999999999999999
      0.095512496      0.97265625               1.0000000000000000              2.0000000000000000              0.3999999999999999              1.0000000000000000              1.3999999999999999              1.3999999999999999
      0.095512496      0.98046875               1.0000000000000000              2.0000000000000000              0.3999999999999999              1.0000000000000000              1.3999999999999999              1.3999999999999999
      0.095512496      0.98828125               1.0000000000000000              2.0000000000000000              0.3999999999999999              1.0000000000000000              1.3999999999999999              1.3999999999999999
      0.095512496      0.99609375               1.0000000000000000              2.0000000000000000              0.3999999999999999              1.0000000000000000              1.3999999999999999              1.3999999999999999
