      0.045482141      0.00390625               1.0000000000000000             -2.0000000000000000              0.3999999999999999              1.0000000000000000              1.3999999999999999              1.3999999999999999
      0.045482141      0.01171875               1.0000000000000000             -2.0000000000000000              0.3999999999999999              1.0000000000000000              1.3999999999999999              1.3999999999999999
      0.045482141      0.01953125               1.0000000000000000             -2.0000000000000000              0.3999999999999999              1.0000000000000000              1.3999999999999999              1.3999999999999999
      0.045482141      0.02734375               1.0000000000000000             -2.0000000000000000              0.3999999999999999              1.0000000000000000              1.3999999999999999              1.3999999999999999
      0.045482141      0.03515625               1.0000000000000000             -2.0000000000000000              0.3999999999999999              1.0000000000000000              1.3999999999999999              1.3999999999999999
      0.045482141      0.04296875               1.0000000000000000             -2.0000000000000000              0.3999999999999999              1.0000000000000000              1.3999999999999999              1.3999999999999999
      0.045482141      0.05078125               1.0000000000000000             -2.0000000000000000              0.3999999999999999              1.0000000000000000              1.3999999999999999              1.3999999999999999
      0.045482141      0.05859375               1.0000000000000000             -2.0000000000000000              0.3999999999999999              1.0000000000000000              1.3999999999999999              1.3999999999999999
      0.045482141      0.06640625               1.0000000000000000             -2.0000000000000000              0.3999999999999999              1.0000000000000000              1.3999999999999999              1.3999999999999999
      0.045482141      0.07421875               1.0000000000000000             -2.0000000000000000              0.3999999999999999              1.0000000000000000              1.3999999999999999              1.3999999999999999
      0.045482141      0.08203125               1.0000000000000000             -2.0000000000000000              0.3999999999999999              1.0000000000000000              1.3999999999999999              1.3999999999999999
      0.045482141      0.08984375               1.0000000000000000             -2.0000000000000000              0.3999999999999999              1.0000000000000000              1.3999999999999999              1.3999999999999999
      0.045482141      0.09765625               1.0000000000000000             -2.0000000000000000              0.3999999999999999              1.0000000000000000              1.3999999999999999              1.3999999999999999
      0.045482141      0.10546875               1.0000000000000000             -2.0000000000000000              0.3999999999999999              1.0000000000000000              1.3999999999999999              1.3999999999999999
      0.045482141      0.11328125               1.0000000000000000             -2.0000000000000000              0.3999999999999999              1.0000000000000000              1.3999999999999999              1.3999999999999999
      0.045482141      0.12109375               1.0000000000000000             -2.0000000000000000              0.3999999999999999              1.0000000000000000              1.3999999999999999              1.3999999999999999
      0.045482141      0.12890625               1.0000000000000000             -2.0000000000000000              0.3999999999999999              1.0000000000000000              1.3999999999999999              1.3999999999999999
      0.045482141      0.13671875               1.0000000000000000             -2.0000000000000000              0.3999999999999999              1.0000000000000000              1.3999999999999999              1.3999999999999999
      0.045482141      0.14453125               1.0000000000000000             -2.0000000000000000              0.3999999999999999              1.0000000000000000              1.3999999999999999              1.3999999999999999
      0.045482141      0.15234375               1.0000000000000000             -2.0000000000000000              0.3999999999999999              1.0000000000000000              1.3999999999999999              1.3999999999999999
      0.045482141      0.16015625               1.0000000000000000             -2.0000000000000000              0.3999999999999999              1.0000000000000000              1.3999999999999999              1.3999999999999999
      0.045482141      0.16796875               1.0000000000000000             -2.0000000000000000              0.3999999999999999              1.0000000000000000              1.3999999999999999              1.3999999999999999
      0.045482141      0.17578125               1.0000000000000000             -2.0000000000000000              0.3999999999999999              1.0000000000000000              1.3999999999999999              1.3999999999999999
      0.045482141      0.18359375               1.0000000000000000             -2.0000000000000000              0.3999999999999999              1.0000000000000000              1.3999999999999999              1.3999999999999999
      0.045482141      0.19140625               1.0000000000000000             -2.0000000000000000              0.3999999999999999              1.0000000000000000              1.3999999999999999              1.3999999999999999
      0.045482141      0.19921875               1.0000000000000000             -2.0000000000000000              0.3999999999999999              1.0000000000000000              1.3999999999999999              1.3999999999999999
      0.045482141      0.20703125               1.0000000000000000             -2.0000000000000000              0.3999999999999999              1.0000000000000000              1.3999999999999999              1.3999999999999999
      0.045482141      0.21484375               1.0000000000000000             -2.0000000000000000              0.3999999999999999              1.0000000000000000              1.3999999999999999              1.3999999999999999
      0.045482141      0.22265625               1.0000000000000000             -2.0000000000000000              0.3999999999999999              1.0000000000000000              1.3999999999999999              1.3999999999999999
      0.045482141      0.23046875               1.0000000000000000             -2.0000000000000000              0.3999999999999999              1.0000000000000000              1.3999999999999999              1.3999999999999999
      0.045482141      0.23828125               1.0000000000000000             -2.0000000000000000              0.3999999999999999              1.0000000000000000              1.3999999999999999              1.3999999999999999
      0.045482141      0.24609375               1.0000000000000000             -2.0000000000000000              0.3999999999999999              1.0000000000000000              1.3999999999999999              1.3999999999999999
      0.045482141      0.25390625               1.0000000000000000             -2.0000000000000000              0.3999999999999999              1.0000000000000000              1.3999999999999999              1.3999999999999999
      0.045482141      0.26171875               1.0000000000000000             -2.0000000000000000              0.3999999999999999              1.0000000000000000              1.3999999999999999              1.3999999999999999
      0.045482141      0.26953125               1.0000000000000000             -2.0000000000000000              0.3999999999999999              1.0000000000000000              1.3999999999999999              1.3999999999999999
      0.045482141      0.27734375               1.0000000000000000             -2.0000000000000000              0.3999999999999999              1.0000000000000000              1.3999999999999999              1.3999999999999999
      0.045482141      0.28515625               1.0000000000000000             -2.0000000000000000              0.3999999999999999              1.0000000000000000              1.3999999999999999              1.3999999999999999
      0.045482141      0.29296875               1.0000000000000000             -2.0000000000000000              0.3999999999999999              1.0000000000000000              1.3999999999999999              1.3999999999999999
      0.045482141      0.30078125               1.0000000000000000             -2.0000000000000000              0.3999999999999999              1.0000000000000000              1.3999999999999999              1.3999999999999999
      0.045482141      0.30859375               1.0000000000000000             -2.0000000000000000              0.3999999999999999              1.0000000000000000              1.3999999999999999              1.3999999999999999
      0.045482141      0.31640625               1.0000000000000000             -2.0000000000000000              0.3999999999999999              1.0000000000000000              1.3999999999999999              1.3999999999999999
      0.045482141      0.32421875               1.0000000000000000             -2.0000000000000000              0.3999999999999999              1.0000000000000000              1.3999999999999999              1.3999999999999999
      0.045482141      0.33203125               1.0000000000000000             -2.0000000000000000              0.3999999999999999              1.0000000000000000              1.3999999999999999              1.3999999999999999
      0.045482141      0.33984375               1.0000000000000000             -2.0000000000000000              0.3999999999999999              1.0000000000000000              1.3999999999999999              1.3999999999999999
      0.045482141      0.34765625               0.9994773923357186             -1.9996091853447273              0.3997076039187192              0.9997915085018247              1.3999999999999999              1.3999999999999999
      0.045482141      0.35546875               0.9948069093625951             -1.9961196673483863              0.3971036944588331              0.9979416375215727              1.3999999999999999              1.3999999999999999
      0.045482141      0.36328125               0.9761587249851421             -1.9821473599518513              0.3868109766689606              0.9906456982056074              1.3999999999999999              1.3999999999999999
      0.045482141      0.37109375               0.9311730090757236             -1.9478667148340514              0.3624862325080013              0.9731978616621494              1.3999999999999999              1.3999999999999999
      0.045482141      0.37890625               0.8547069700907132             -1.8870395971811562              0.3225027600967260              0.9433138238667274              1.3999999999999999              1.3999999999999999
      0.045482141      0.38671875               0.7521830273033829             -1.7990528040046212              0.2713877487549051              0.9020003739244324              1.3999999999999999              1.3999999999999999
      0.045482141      0.39453125               0.6334712751565480             -1.6851969708517440              0.2157686637692770              0.8515329432891598              1.3999999999999999              1.3999999999999999
      0.045482141      0.40234375               0.5088381953207775             -1.5458435122103642              0.1615542449945805              0.7937407533485907              1.3999999999999999              1.3999999999999999
      0.045482141      0.41015625               0.4015437642877570             -1.4026447892476552              0.1188839198787292              0.7401678873634172              1.3999999999999999              1.3999999999999999
      0.045482141      0.41796875               0.3141274284808879             -1.2638107355930097              0.0876438876928387              0.6975185843901176              1.3999999999999999              1.3999999999999999
      0.045482141      0.42578125               0.2423442277836499             -1.1291831516559447              0.0650235421601621              0.6707766753393761              1.3999999999999999              1.3999999999999999
      0.045482141      0.43359375               0.1826983845263094             -0.9984091325131830              0.0489091924342709              0.6692614245205299              1.3999999999999999              1.3999999999999999
      0.045482141      0.44140625               0.1377787772729164             -0.8712349591514617              0.0375437237190618              0.6812319803922722              1.3999999999999999              1.3999999999999999
      0.045482141      0.44921875               0.1050978705654404             -0.7472044261063967              0.0293884603209732              0.6990736387630736              1.3999999999999999              1.3999999999999999
      0.045482141      0.45703125               0.0813198786377135             -0.6251066730386609              0.0234328793809598              0.7203921037977414              1.3999999999999999              1.3999999999999999
      0.045482141      0.46484375               0.0644270074509444             -0.5042539910353957              0.0190581793464422              0.7395260194629303              1.3999999999999999              1.3999999999999999
      0.045482141      0.47265625               0.0527890558112461             -0.3864504297097240              0.0158027870640302              0.7483931480293490              1.3999999999999999              1.3999999999999999
      0.045482141      0.48046875               0.0450756351876836             -0.2727652944425655              0.0134245339638930              0.7445560061437088              1.3999999999999999              1.3999999999999999
      0.045482141      0.48828125               0.0403774589093809             -0.1625705323306611              0.0118407444930820              0.7331283848035248              1.3999999999999999              1.3999999999999999
      0.045482141      0.49609375               0.0381768898255899             -0.0540667602556879              0.0110461356029858              0.7233522461788900              1.3999999999999999              1.3999999999999999
      0.045482141      0.50390625               0.0381768898255899              0.0540667602556879              0.0110461356029858              0.7233522461788900              1.3999999999999999              1.3999999999999999
      0.045482141      0.51171875               0.0403774589093809              0.1625705323306611              0.0118407444930820              0.7331283848035248              1.3999999999999999              1.3999999999999999
      0.045482141      0.51953125               0.0450756351876836              0.2727652944425655              0.0134245339638930              0.7445560061437088              1.3999999999999999              1.3999999999999999
      0.045482141      0.52734375               0.0527890558112461              0.3864504297097240              0.0158027870640302              0.7483931480293490              1.3999999999999999              1.3999999999999999
      0.045482141      0.53515625               0.0644270074509444              0.5042539910353958              0.0190581793464422              0.7395260194629303              1.3999999999999999              1.3999999999999999
      0.045482141      0.54296875               0.0813198786377135              0.6251066730386606              0.0234328793809598              0.7203921037977415              1.3999999999999999              1.3999999999999999
      0.045482141      0.55078125               0.1050978705654404              0.7472044261063967              0.0293884603209732              0.6990736387630736              1.3999999999999999              1.3999999999999999
      0.045482141      0.55859375               0.1377787772729164              0.8712349591514617              0.0375437237190618              0.6812319803922722              1.3999999999999999              1.3999999999999999
      0.045482141      0.56640625               0.1826983845263094              0.9984091325131828              0.0489091924342709              0.6692614245205302              1.3999999999999999              1.3999999999999999
      0.045482141      0.57421875               0.2423442277836499              1.1291831516559447              0.0650235421601621              0.6707766753393761              1.3999999999999999              1.3999999999999999
      0.045482141      0.58203125               0.3141274284808879              1.2638107355930097              0.0876438876928387              0.6975185843901176              1.3999999999999999              1.3999999999999999
      0.045482141      0.58984375               0.4015437642877570              1.4026447892476552              0.1188839198787292              0.7401678873634172              1.3999999999999999              1.3999999999999999
      0.045482141      0.59765625               0.5088381953207775              1.5458435122103642              0.1615542449945805              0.7937407533485907              1.3999999999999999              1.3999999999999999
      0.045482141      0.60546875               0.6334712751565480              1.6851969708517440              0.2157686637692770              0.8515329432891598              1.3999999999999999              1.3999999999999999
      0.045482141      0.61328125               0.7521830273033829              1.7990528040046212              0.2713877487549051              0.9020003739244324              1.3999999999999999              1.3999999999999999
      0.045482141      0.62109375               0.8547069700907132              1.8870395971811562              0.3225027600967260              0.9433138238667274              1.3999999999999999              1.3999999999999999
      0.045482141      0.62890625               0.9311730090757236              1.9478667148340514              0.3624862325080013              0.9731978616621494              1.3999999999999999              1.3999999999999999
      0.045482141      0.63671875               0.9761587249851421              1.9821473599518513              0.3868109766689606              0.9906456982056074              1.3999999999999999              1.3999999999999999
      0.045482141      0.64453125               0.9948069093625951              1.9961196673483863              0.3971036944588331              0.9979416375215727              1.3999999999999999              1.3999999999999999
      0.045482141      0.65234375               0.9994773923357186              1.9996091853447273              0.3997076039187192              0.9997915085018247              1.3999999999999999              1.3999999999999999
      0.045482141      0.66015625               1.0000000000000000              2.0000000000000000              0.3999999999999999              1.0000000000000000              1.3999999999999999              1.3999999999999999
      0.045482141      0.66796875               1.0000000000000000              2.0000000000000000              0.3999999999999999              1.0000000000000000              1.3999999999999999              1.3999999999999999
      0.045482141      0.67578125               1.0000000000000000              2.0000000000000000              0.3999999999999999              1.0000000000000000              1.3999999999999999              1.3999999999999999
      0.045482141      0.68359375               1.0000000000000000              2.0000000000000000              0.3999999999999999              1.0000000000000000              1.3999999999999999              1.3999999999999999
      0.045482141      0.69140625               1.0000000000000000              2.0000000000000000              0.3999999999999999              1.0000000000000000              1.3999999999999999              1.3999999999999999
      0.045482141      0.69921875               1.0000000000000000              2.0000000000000000              0.3999999999999999              1.0000000000000000              1.3999999999999999              1.3999999999999999
      0.045482141      0.70703125               1.0000000000000000              2.0000000000000000              0.3999999999999999              1.0000000000000000              1.3999999999999999              1.3999999999999999
      0.045482141      0.71484375               1.0000000000000000              2.0000000000000000              0.3999999999999999              1.0000000000000000              1.3999999999999999              1.3999999999999999
      0.045482141      0.72265625               1.0000000000000000              2.0000000000000000              0.3999999999999999              1.0000000000000000              1.3999999999999999              1.3999999999999999
      0.045482141      0.73046875               1.0000000000000000              2.0000000000000000              0.3999999999999999              1.0000000000000000              1.3999999999999999              1.3999999999999999
      0.045482141      0.73828125               1.0000000000000000              2.0000000000000000              0.3999999999999999              1.0000000000000000              1.3999999999999999              1.3999999999999999
      0.045482141      0.74609375               1.0000000000000000              2.0000000000000000              0.3999999999999999              1.0000000000000000              1.3999999999999999              1.3999999999999999
      0.045482141      0.75390625               1.0000000000000000              2.0000000000000000              0.3999999999999999              1.0000000000000000              1.3999999999999999              1.3999999999999999
      0.045482141      0.76171875               1.0000000000000000              2.0000000000000000              0.3999999999999999              1.0000000000000000              1.3999999999999999              1.3999999999999999
      0.045482141      0.76953125               1.0000000000000000              2.0000000000000000              0.3999999999999999              1.0000000000000000              1.3999999999999999              1.3999999999999999
      0.045482141      0.77734375               1.0000000000000000              2.0000000000000000              0.3999999999999999              1.0000000000000000              1.3999999999999999              1.3999999999999999
      0.045482141      0.78515625               1.0000000000000000              2.0000000000000000              0.3999999999999999              1.0000000000000000              1.3999999999999999              1.3999999999999999
      0.045482141      0.79296875               1.0000000000000000              2.0000000000000000              0.3999999999999999              1.0000000000000000              1.3999999999999999              1.3999999999999999
      0.045482141      0.80078125               1.0000000000000000              2.0000000000000000              0.3999999999999999              1.0000000000000000              1.3999999999999999              1.3999999999999999
      0.045482141      0.80859375               1.0000000000000000              2.0000000000000000              0.3999999999999999              1.0000000000000000              1.3999999999999999              1.3999999999999999
      0.045482141      0.81640625               1.0000000000000000              2.0000000000000000              0.3999999999999999              1.0000000000000000              1.3999999999999999              1.3999999999999999
      0.045482141      0.82421875               1.0000000000000000              2.0000000000000000              0.3999999999999999              1.0000000000000000              1.3999999999999999              1.3999999999999999
      0.045482141      0.83203125               1.0000000000000000              2.0000000000000000              0.3999999999999999              1.0000000000000000              1.3999999999999999              1.3999999999999999
      0.045482141      0.83984375               1.0000000000000000              2.0000000000000000              0.3999999999999999              1.0000000000000000              1.3999999999999999              1.3999999999999999
      0.045482141      0.84765625               1.0000000000000000              2.0000000000000000              0.3999999999999999              1.0000000000000000              1.3999999999999999              1.3999999999999999
      0.045482141      0.85546875               1.0000000000000000              2.0000000000000000              0.3999999999999999              1.0000000000000000              1.3999999999999999              1.3999999999999999
      0.045482141      0.86328125               1.0000000000000000              2.0000000000000000              0.3999999999999999              1.0000000000000000              1.3999999999999999              1.3999999999999999
      0.045482141      0.87109375               1.0000000000000000              2.0000000000000000              0.3999999999999999              1.0000000000000000              1.3999999999999999              1.3999999999999999
      0.045482141      0.87890625               1.0000000000000000              2.0000000000000000              0.3999999999999999              1.0000000000000000              1.3999999999999999              1.3999999999999999
      0.045482141      0.88671875               1.0000000000000000              2.0000000000000000              0.3999999999999999              1.0000000000000000              1.3999999999999999              1.3999999999999999
      0.045482141      0.89453125               1.0000000000000000              2.0000000000000000              0.3999999999999999              1.0000000000000000              1.3999999999999999              1.3999999999999999
      0.045482141      0.90234375               1.0000000000000000              2.0000000000000000              0.3999999999999999              1.0000000000000000              1.3999999999999999              1.3999999999999999
      0.045482141      0.91015625               1.0000000000000000              2.0000000000000000              0.3999999999999999              1.0000000000000000              1.3999999999999999              1.3999999999999999
      0.045482141      0.91796875               1.0000000000000000              2.0000000000000000              0.3999999999999999              1.0000000000000000              1.3999999999999999              1.3999999999999999
      0.045482141      0.92578125               1.0000000000000000              2.0000000000000000              0.3999999999999999              1.0000000000000000              1.3999999999999999              1.3999999999999999
      0.045482141      0.93359375               1.0000000000000000              2.0000000000000000              0.3999999999999999              1.0000000000000000              1.3999999999999999              1.3999999999999999
      0.045482141      0.94140625               1.0000000000000000              2.0000000000000000              0.3999999999999999              1.0000000000000000              1.3999999999999999              1.3999999999999999
      0.045482141      0.94921875               1.0000000000000000              2.0000000000000000              0.3999999999999999              1.0000000000000000              1.3999999999999999              1.3999999999999999
      0.045482141      0.95703125               1.0000000000000000              2.0000000000000000              0.3999999999999999              1.0000000000000000              1.3999999999999999              1.3999999999999999
      0.045482141      0.96484375               1.0000000000000000              2.0000000000000000              0.3999999999999999              1.0000000000000000              1.3999999999999999              1.3999999999999999
      0.045482141      0.97265625               1.0000000000000000              2.0000000000000000              0.3999999999999999              1.0000000000000000              1.3999999999999999              1.3999999999999999
      0.045482141      0.98046875               1.0000000000000000              2.0000000000000000              0.3999999999999999              1.0000000000000000              1.3999999999999999              1.3999999999999999
      0.045482141      0.98828125               1.0000000000000000              2.0000000000000000              0.3999999999999999              1.0000000000000000              1.3999999999999999              1.3999999999999999
      0.045482141      0.99609375               1.0000000000000000              2.0000000000000000              0.3999999999999999              1.0000000000000000              1.3999999999999999              1.3999999999999999
