      0.093238389      0.00390625               1.0000000000000000             -2.0000000000000000              0.3999999999999999              1.0000000000000000              1.3999999999999999              1.3999999999999999
      0.093238389      0.01171875               1.0000000000000000             -2.0000000000000000              0.3999999999999999              1.0000000000000000              1.3999999999999999              1.3999999999999999
      0.093238389      0.01953125               1.0000000000000000             -2.0000000000000000              0.3999999999999999              1.0000000000000000              1.3999999999999999              1.3999999999999999
      0.093238389      0.02734375               1.0000000000000000             -2.0000000000000000              0.3999999999999999              1.0000000000000000              1.3999999999999999              1.3999999999999999
      0.093238389      0.03515625               1.0000000000000000             -2.0000000000000000              0.3999999999999999              1.0000000000000000              1.3999999999999999              1.3999999999999999
      0.093238389      0.04296875               1.0000000000000000             -2.0000000000000000              0.3999999999999999              1.0000000000000000              1.3999999999999999              1.3999999999999999
      0.093238389      0.05078125               1.0000000000000000             -2.0000000000000000              0.3999999999999999              1.0000000000000000              1.3999999999999999              1.3999999999999999
      0.093238389      0.05859375               1.0000000000000000             -2.0000000000000000              0.3999999999999999              1.0000000000000000              1.3999999999999999              1.3999999999999999
      0.093238389      0.06640625               1.0000000000000000             -2.0000000000000000              0.3999999999999999              1.0000000000000000              1.3999999999999999              1.3999999999999999
      0.093238389      0.07421875               1.0000000000000000             -2.0000000000000000              0.3999999999999999              1.0000000000000000              1.3999999999999999              1.3999999999999999
      0.093238389      0.08203125               1.0000000000000000             -2.0000000000000000              0.3999999999999999              1.0000000000000000              1.3999999999999999              1.3999999999999999
      0.093238389      0.08984375               1.0000000000000000             -2.0000000000000000              0.3999999999999999              1.0000000000000000              1.3999999999999999              1.3999999999999999
      0.093238389      0.09765625               1.0000000000000000             -2.0000000000000000              0.3999999999999999              1.0000000000000000              1.3999999999999999              1.3999999999999999
      0.093238389      0.10546875               1.0000000000000000             -2.0000000000000000              0.3999999999999999              1.0000000000000000              1.3999999999999999              1.3999999999999999
      0.093238389      0.11328125               1.0000000000000000             -2.0000000000000000              0.3999999999999999              1.0000000000000000              1.3999999999999999              1.3999999999999999
      0.093238389      0.12109375               1.0000000000000000             -2.0000000000000000              0.3999999999999999              1.0000000000000000              1.3999999999999999              1.3999999999999999
      0.093238389      0.12890625               1.0000000000000000             -2.0000000000000000              0.3999999999999999              1.0000000000000000              1.3999999999999999              1.3999999999999999
      0.093238389      0.13671875               1.0000000000000000             -2.0000000000000000              0.3999999999999999              1.0000000000000000              1.3999999999999999              1.3999999999999999
      0.093238389      0.14453125               1.0000000000000000             -2.0000000000000000              0.3999999999999999              1.0000000000000000              1.3999999999999999              1.3999999999999999
      0.093238389      0.15234375               1.0000000000000000             -2.0000000000000000              0.3999999999999999              1.0000000000000000              1.3999999999999999              1.3999999999999999
      0.093238389      0.16015625               1.0000000000000000             -2.0000000000000000              0.3999999999999999              1.0000000000000000              1.3999999999999999              1.3999999999999999
      0.093238389      0.16796875               1.0000000000000000             -2.0000000000000000              0.3999999999999999              1.0000000000000000              1.3999999999999999              1.3999999999999999
      0.093238389      0.17578125               1.0000000000000000             -2.0000000000000000              0.3999999999999999              1.0000000000000000              1.3999999999999999              1.3999999999999999
      0.093238389      0.18359375               0.9999994733899973             -1.9999996059213865              0.3999997050986341              0.9999997893564773              1.3999999999999999              1.3999999999999999
      0.093238389      0.19140625               0.9999892885388844             -1.9999919843184599              0.3999940016431485              0.9999957155230940              1.3999999999999999              1.3999999999999999
      0.093238389      0.19921875               0.9998963287462046             -1.9999224211290887              0.3999419483048645              0.9999585377175099              1.3999999999999999              1.3999999999999999
      0.093238389      0.20703125               0.9993661798793704             -1.9995256979034453              0.3996451834132673              0.9997466180552232              1.3999999999999999              1.3999999999999999
      0.093238389      0.21484375               0.9972569029135078             -1.9979466663819931              0.3984657315678186              0.9989044207257237              1.3999999999999999              1.3999999999999999
      0.093238389      0.22265625               0.9910482690482451             -1.9932896390905570              0.3950036902582301              0.9964289898754697              1.3999999999999999              1.3999999999999999
      0.093238389      0.23046875               0.9769705099215693             -1.9826647911789492              0.3871987836425589              0.9908149215108937              1.3999999999999999              1.3999999999999999
      0.093238389      0.23828125               0.9514666779975824             -1.9631439727260642              0.3731982708476997              0.9805868126488608              1.3999999999999999              1.3999999999999999
      0.093238389      0.24609375               0.9131299623495091             -1.9330334307514603              0.3524499495246955              0.9649501277392979              1.3999999999999999              1.3999999999999999
      0.093238389      0.25390625               0.8633386203979089             -1.8923968111148974              0.3260219980741190              0.9440733634847037              1.3999999999999999              1.3999999999999999
      0.093238389      0.26171875               0.8052788952290424             -1.8425775019379305              0.2959622639939636              0.9188191375293161              1.3999999999999999              1.3999999999999999
      0.093238389      0.26953125               0.7424102875100386             -1.7852887299297879              0.2643725840340862              0.8902509450696139              1.3999999999999999              1.3999999999999999
      0.093238389      0.27734375               0.6772633806294368             -1.7217115737395332              0.2327535559056411              0.8591692780190038              1.3999999999999999              1.3999999999999999
      0.093238389      0.28515625               0.6115746678439440             -1.6524848563734464              0.2020852643742871              0.8260858199323481              1.3999999999999999              1.3999999999999999
      0.093238389      0.29296875               0.5498981403050498             -1.5819563014699218              0.1744891331338222              0.7932793382290146              1.3999999999999999              1.3999999999999999
      0.093238389      0.30078125               0.4933103392607082             -1.5116035476086229              0.1502647794768113              0.7615124168186058              1.3999999999999999              1.3999999999999999
      0.093238389      0.30859375               0.4416390766136259             -1.4415961781336077              0.1291048619756938              0.7308278909875711              1.3999999999999999              1.3999999999999999
      0.093238389      0.31640625               0.3946077577808605             -1.3720279627336214              0.1106896893694581              0.7012640222276623              1.3999999999999999              1.3999999999999999
      0.093238389      0.32421875               0.3518104520932880             -1.3029448317363783              0.0947138027901107              0.6730456857276362              1.3999999999999999              1.3999999999999999
      0.093238389      0.33203125               0.3128690066923002             -1.2343709403036656              0.0808971925214095              0.6464142403930261              1.3999999999999999              1.3999999999999999
      0.093238389      0.33984375               0.2774486895043615             -1.1663110390623594              0.0689858474283247              0.6216090581610065              1.3999999999999999              1.3999999999999999
      0.093238389      0.34765625               0.2452546717961515             -1.0987510917935035              0.0587497622390063              0.5988648637021414              1.3999999999999999              1.3999999999999999
      0.093238389      0.35546875               0.2160168874322658             -1.0316602318621784              0.0499810308928194              0.5784389300175834              1.3999999999999999              1.3999999999999999
      0.093238389      0.36328125               0.1894607696688304             -0.9649915631343444              0.0424935735339823              0.5607173137776662              1.3999999999999999              1.3999999999999999
      0.093238389      0.37109375               0.1652850526796937             -0.8986800467434929              0.0361241506643926              0.5463916742428871              1.3999999999999999              1.3999999999999999
      0.093238389      0.37890625               0.1431726643525028             -0.8326498974683381              0.0307326865140552              0.5366367709409400              1.3999999999999999              1.3999999999999999
      0.093238389      0.38671875               0.1227875491437406             -0.7668246874537276              0.0262005347240562              0.5334525956981332              1.3999999999999999              1.3999999999999999
      0.093238389      0.39453125               0.1044205246737971             -0.7011345124307657              0.0224245914445587              0.5368817939435681              1.3999999999999999              1.3999999999999999
      0.093238389      0.40234375               0.0888884632422447             -0.6357230837495128              0.0192922243615490              0.5425964084048948              1.3999999999999999              1.3999999999999999
      0.093238389      0.41015625               0.0758651111405678             -0.5706438666491531              0.0166986937064964              0.5502757939534277              1.3999999999999999              1.3999999999999999
      0.093238389      0.41796875               0.0650098200288864             -0.5059533587309328              0.0145612955308381              0.5599652300363231              1.3999999999999999              1.3999999999999999
      0.093238389      0.42578125               0.0560173001701352             -0.4421735142836313              0.0127986416121892              0.5711914700153909              1.3999999999999999              1.3999999999999999
      0.093238389      0.43359375               0.0486447551305632             -0.3798299492377651              0.0113496660321433              0.5832934096225115              1.3999999999999999              1.3999999999999999
      0.093238389      0.44140625               0.0426859640336838             -0.3195766734536601              0.0101665017127073              0.5954241600754803              1.3999999999999999              1.3999999999999999
      0.093238389      0.44921875               0.0379599628917180             -0.2622398150323328              0.0092114275162632              0.6066541439028192              1.3999999999999999              1.3999999999999999
      0.093238389      0.45703125               0.0343060260175389             -0.2087564538733360              0.0084551108441074              0.6161534740124659              1.3999999999999999              1.3999999999999999
      0.093238389      0.46484375               0.0315800182687470             -0.1600233519049659              0.0078741497527246              0.6233490498418425              1.3999999999999999              1.3999999999999999
      0.093238389      0.47265625               0.0296491267143268             -0.1166398272709149              0.0074479908796683              0.6280109825350532              1.3999999999999999              1.3999999999999999
      0.093238389      0.48046875               0.0283850894139395             -0.0786036787011890              0.0071562746746130              0.6302846690258008              1.3999999999999999              1.3999999999999999
      0.093238389      0.48828125               0.0276598343268402             -0.0451249795726937              0.0069781297257544              0.6307096459163436              1.3999999999999999              1.3999999999999999
      0.093238389      0.49609375               0.0273498610871384             -0.0146874027265434              0.0068947963786186              0.6302405299839879              1.3999999999999999              1.3999999999999999
      0.093238389      0.50390625               0.0273498610871384              0.0146874027265437              0.0068947963786186              0.6302405299839877              1.3999999999999999              1.3999999999999999
      0.093238389      0.51171875               0.0276598343268402              0.0451249795726937              0.0069781297257544              0.6307096459163436              1.3999999999999999              1.3999999999999999
      0.093238389      0.51953125               0.0283850894139395              0.0786036787011888              0.0071562746746130              0.6302846690258012              1.3999999999999999              1.3999999999999999
      0.093238389      0.52734375               0.0296491267143268              0.1166398272709148              0.0074479908796683              0.6280109825350539              1.3999999999999999              1.3999999999999999
      0.093238389      0.53515625               0.0315800182687470              0.1600233519049659              0.0078741497527246              0.6233490498418425              1.3999999999999999              1.3999999999999999
      0.093238389      0.54296875               0.0343060260175389              0.2087564538733360              0.0084551108441074              0.6161534740124658              1.3999999999999999              1.3999999999999999
      0.093238389      0.55078125               0.0379599628917181              0.2622398150323327              0.0092114275162632              0.6066541439028194              1.3999999999999999              1.3999999999999999
      0.093238389      0.55859375               0.0426859640336838              0.3195766734536602              0.0101665017127073              0.5954241600754804              1.3999999999999999              1.3999999999999999
      0.093238389      0.56640625               0.0486447551305631              0.3798299492377654              0.0113496660321433              0.5832934096225114              1.3999999999999999              1.3999999999999999
      0.093238389      0.57421875               0.0560173001701351              0.4421735142836317              0.0127986416121892              0.5711914700153907              1.3999999999999999              1.3999999999999999
      0.093238389      0.58203125               0.0650098200288864              0.5059533587309328              0.0145612955308381              0.5599652300363231              1.3999999999999999              1.3999999999999999
      0.093238389      0.58984375               0.0758651111405678              0.5706438666491530              0.0166986937064964              0.5502757939534280              1.3999999999999999              1.3999999999999999
      0.093238389      0.59765625               0.0888884632422447              0.6357230837495133              0.0192922243615490              0.5425964084048943              1.3999999999999999              1.3999999999999999
      0.093238389      0.60546875               0.1044205246737971              0.7011345124307657              0.0224245914445587              0.5368817939435677              1.3999999999999999              1.3999999999999999
      0.093238389      0.61328125               0.1227875491437407              0.7668246874537272              0.0262005347240562              0.5334525956981330              1.3999999999999999              1.3999999999999999
      0.093238389      0.62109375               0.1431726643525028              0.8326498974683378              0.0307326865140552              0.5366367709409396              1.3999999999999999              1.3999999999999999
      0.093238389      0.62890625               0.1652850526796932              0.8986800467434924              0.0361241506643927              0.5463916742428893              1.3999999999999999              1.3999999999999999
      0.093238389      0.63671875               0.1894607696688301              0.9649915631343445              0.0424935735339823              0.5607173137776668              1.3999999999999999              1.3999999999999999
      0.093238389      0.64453125               0.2160168874322659              1.0316602318621781              0.0499810308928194              0.5784389300175833              1.3999999999999999              1.3999999999999999
      0.093238389      0.65234375               0.2452546717961516              1.0987510917935035              0.0587497622390062              0.5988648637021411              1.3999999999999999              1.3999999999999999
      0.093238389      0.66015625               0.2774486895043616              1.1663110390623597              0.0689858474283247              0.6216090581610065              1.3999999999999999              1.3999999999999999
      0.093238389      0.66796875               0.3128690066923002              1.2343709403036660              0.0808971925214094              0.6464142403930249              1.3999999999999999              1.3999999999999999
      0.093238389      0.67578125               0.3518104520932882              1.3029448317363783              0.0947138027901106              0.6730456857276356              1.3999999999999999              1.3999999999999999
      0.093238389      0.68359375               0.3946077577808608              1.3720279627336212              0.1106896893694581              0.7012640222276617              1.3999999999999999              1.3999999999999999
      0.093238389      0.69140625               0.4416390766136259              1.4415961781336071              0.1291048619756939              0.7308278909875716              1.3999999999999999              1.3999999999999999
      0.093238389      0.69921875               0.4933103392607080              1.5116035476086231              0.1502647794768112              0.7615124168186059              1.3999999999999999              1.3999999999999999
      0.093238389      0.70703125               0.5498981403050496              1.5819563014699225              0.1744891331338219              0.7932793382290132              1.3999999999999999              1.3999999999999999
      0.093238389      0.71484375               0.6115746678439442              1.6524848563734462              0.2020852643742870              0.8260858199323474              1.3999999999999999              1.3999999999999999
      0.093238389      0.72265625               0.6772633806294366              1.7217115737395330              0.2327535559056411              0.8591692780190038              1.3999999999999999              1.3999999999999999
      0.093238389      0.73046875               0.7424102875100387              1.7852887299297877              0.2643725840340862              0.8902509450696138              1.3999999999999999              1.3999999999999999
      0.093238389      0.73828125               0.8052788952290424              1.8425775019379305              0.2959622639939636              0.9188191375293161              1.3999999999999999              1.3999999999999999
      0.093238389      0.74609375               0.8633386203979089              1.8923968111148974              0.3260219980741190              0.9440733634847037              1.3999999999999999              1.3999999999999999
      0.093238389      0.75390625               0.9131299623495091              1.9330334307514603              0.3524499495246955              0.9649501277392979              1.3999999999999999              1.3999999999999999
      0.093238389      0.76171875               0.9514666779975824              1.9631439727260642              0.3731982708476997              0.9805868126488608              1.3999999999999999              1.3999999999999999
      0.093238389      0.76953125               0.9769705099215693              1.9826647911789492              0.3871987836425589              0.9908149215108937              1.3999999999999999              1.3999999999999999
      0.093238389      0.77734375               0.9910482690482451              1.9932896390905570              0.3950036902582301              0.9964289898754697              1.3999999999999999              1.3999999999999999
      0.093238389      0.78515625               0.9972569029135078              1.9979466663819931              0.3984657315678186              0.9989044207257237              1.3999999999999999              1.3999999999999999
      0.093238389      0.79296875               0.9993661798793704              1.9995256979034453              0.3996451834132673              0.9997466180552232              1.3999999999999999              1.3999999999999999
      0.093238389      0.80078125               0.9998963287462046              1.9999224211290887              0.3999419483048645              0.9999585377175099              1.3999999999999999              1.3999999999999999
      0.093238389      0.80859375               0.9999892885388844              1.9999919843184599              0.3999940016431485              0.9999957155230940              1.3999999999999999              1.3999999999999999
      0.093238389      0.81640625               0.9999994733899973              1.9999996059213865              0.3999997050986341              0.9999997893564773              1.3999999999999999              1.3999999999999999
      0.093238389      0.82421875               1.0000000000000000              2.0000000000000000              0.3999999999999999              1.0000000000000000              1.3999999999999999              1.3999999999999999
      0.093238389      0.83203125               1.0000000000000000              2.0000000000000000              0.3999999999999999              1.0000000000000000              1.3999999999999999              1.3999999999999999
      0.093238389      0.83984375               1.0000000000000000              2.0000000000000000              0.3999999999999999              1.0000000000000000              1.3999999999999999              1.3999999999999999
      0.093238389      0.84765625               1.0000000000000000              2.0000000000000000              0.3999999999999999              1.0000000000000000              1.3999999999999999              1.3999999999999999
      0.093238389      0.85546875               1.0000000000000000              2.0000000000000000              0.3999999999999999              1.0000000000000000              1.3999999999999999              1.3999999999999999
      0.093238389      0.86328125               1.0000000000000000              2.0000000000000000              0.3999999999999999              1.0000000000000000              1.3999999999999999              1.3999999999999999
      0.093238389      0.87109375               1.0000000000000000              2.0000000000000000              0.3999999999999999              1.0000000000000000              1.3999999999999999              1.3999999999999999
      0.093238389      0.87890625               1.0000000000000000              2.0000000000000000              0.3999999999999999              1.0000000000000000              1.3999999999999999              1.3999999999999999
      0.093238389      0.88671875               1.0000000000000000              2.0000000000000000              0.3999999999999999              1.0000000000000000              1.3999999999999999              1.3999999999999999
      0.093238389      0.89453125               1.0000000000000000              2.0000000000000000              0.3999999999999999              1.0000000000000000              1.3999999999999999              1.3999999999999999
      0.093238389      0.90234375               1.0000000000000000              2.0000000000000000              0.3999999999999999              1.0000000000000000              1.3999999999999999              1.3999999999999999
      0.093238389      0.91015625               1.0000000000000000              2.0000000000000000              0.3999999999999999              1.0000000000000000              1.3999999999999999              1.3999999999999999
      0.093238389      0.91796875               1.0000000000000000              2.0000000000000000              0.3999999999999999              1.0000000000000000              1.3999999999999999              1.3999999999999999
      0.093238389      0.92578125               1.0000000000000000              2.0000000000000000              0.3999999999999999              1.0000000000000000              1.3999999999999999              1.3999999999999999
      0.093238389      0.93359375               1.0000000000000000              2.0000000000000000              0.3999999999999999              1.0000000000000000              1.3999999999999999              1.3999999999999999
      0.093238389      0.94140625               1.0000000000000000              2.0000000000000000              0.3999999999999999              1.0000000000000000              1.3999999999999999              1.3999999999999999
      0.093238389      0.94921875               1.0000000000000000              2.0000000000000000              0.3999999999999999              1.0000000000000000              1.3999999999999999              1.3999999999999999
      0.093238389      0.95703125               1.0000000000000000              2.0000000000000000              0.3999999999999999              1.0000000000000000              1.3999999999999999              1.3999999999999999
      0.093238389      0.96484375               1.0000000000000000              2.0000000000000000              0.3999999999999999              1.0000000000000000              1.3999999999999999              1.3999999999999999
      0.093238389      0.97265625               1.0000000000000000              2.0000000000000000              0.3999999999999999              1.0000000000000000              1.3999999999999999              1.3999999999999999
      0.093238389      0.98046875               1.0000000000000000              2.0000000000000000              0.3999999999999999              1.0000000000000000              1.3999999999999999              1.3999999999999999
      0.093238389      0.98828125               1.0000000000000000              2.0000000000000000              0.3999999999999999              1.0000000000000000              1.3999999999999999              1.3999999999999999
      0.093238389      0.99609375               1.0000000000000000              2.0000000000000000              0.3999999999999999              1.0000000000000000              1.3999999999999999              1.3999999999999999
