      0.081867854      0.00390625               1.0000000000000000             -2.0000000000000000              0.3999999999999999              1.0000000000000000              1.3999999999999999              1.3999999999999999
      0.081867854      0.01171875               1.0000000000000000             -2.0000000000000000              0.3999999999999999              1.0000000000000000              1.3999999999999999              1.3999999999999999
      0.081867854      0.01953125               1.0000000000000000             -2.0000000000000000              0.3999999999999999              1.0000000000000000              1.3999999999999999              1.3999999999999999
      0.081867854      0.02734375               1.0000000000000000             -2.0000000000000000              0.3999999999999999              1.0000000000000000              1.3999999999999999              1.3999999999999999
      0.081867854      0.03515625               1.0000000000000000             -2.0000000000000000              0.3999999999999999              1.0000000000000000              1.3999999999999999              1.3999999999999999
      0.081867854      0.04296875               1.0000000000000000             -2.0000000000000000              0.3999999999999999              1.0000000000000000              1.3999999999999999              1.3999999999999999
      0.081867854      0.05078125               1.0000000000000000             -2.0000000000000000              0.3999999999999999              1.0000000000000000              1.3999999999999999              1.3999999999999999
      0.081867854      0.05859375               1.0000000000000000             -2.0000000000000000              0.3999999999999999              1.0000000000000000              1.3999999999999999              1.3999999999999999
      0.081867854      0.06640625               1.0000000000000000             -2.0000000000000000              0.3999999999999999              1.0000000000000000              1.3999999999999999              1.3999999999999999
      0.081867854      0.07421875               1.0000000000000000             -2.0000000000000000              0.3999999999999999              1.0000000000000000              1.3999999999999999              1.3999999999999999
      0.081867854      0.08203125               1.0000000000000000             -2.0000000000000000              0.3999999999999999              1.0000000000000000              1.3999999999999999              1.3999999999999999
      0.081867854      0.08984375               1.0000000000000000             -2.0000000000000000              0.3999999999999999              1.0000000000000000              1.3999999999999999              1.3999999999999999
      0.081867854      0.09765625               1.0000000000000000             -2.0000000000000000              0.3999999999999999              1.0000000000000000              1.3999999999999999              1.3999999999999999
      0.081867854      0.10546875               1.0000000000000000             -2.0000000000000000              0.3999999999999999              1.0000000000000000              1.3999999999999999              1.3999999999999999
      0.081867854      0.11328125               1.0000000000000000             -2.0000000000000000              0.3999999999999999              1.0000000000000000              1.3999999999999999              1.3999999999999999
      0.081867854      0.12109375               1.0000000000000000             -2.0000000000000000              0.3999999999999999              1.0000000000000000              1.3999999999999999              1.3999999999999999
      0.081867854      0.12890625               1.0000000000000000             -2.0000000000000000              0.3999999999999999              1.0000000000000000              1.3999999999999999              1.3999999999999999
      0.081867854      0.13671875               1.0000000000000000             -2.0000000000000000              0.3999999999999999              1.0000000000000000              1.3999999999999999              1.3999999999999999
      0.081867854      0.14453125               1.0000000000000000             -2.0000000000000000              0.3999999999999999              1.0000000000000000              1.3999999999999999              1.3999999999999999
      0.081867854      0.15234375               1.0000000000000000             -2.0000000000000000              0.3999999999999999              1.0000000000000000              1.3999999999999999              1.3999999999999999
      0.081867854      0.16015625               1.0000000000000000             -2.0000000000000000              0.3999999999999999              1.0000000000000000              1.3999999999999999              1.3999999999999999
      0.081867854      0.16796875               1.0000000000000000             -2.0000000000000000              0.3999999999999999              1.0000000000000000              1.3999999999999999              1.3999999999999999
      0.081867854      0.17578125               1.0000000000000000             -2.0000000000000000              0.3999999999999999              1.0000000000000000              1.3999999999999999              1.3999999999999999
      0.081867854      0.18359375               1.0000000000000000             -2.0000000000000000              0.3999999999999999              1.0000000000000000              1.3999999999999999              1.3999999999999999
      0.081867854      0.19140625               1.0000000000000000             -2.0000000000000000              0.3999999999999999              1.0000000000000000              1.3999999999999999              1.3999999999999999
      0.081867854      0.19921875               1.0000000000000000             -2.0000000000000000              0.3999999999999999              1.0000000000000000              1.3999999999999999              1.3999999999999999
      0.081867854      0.20703125               1.0000000000000000             -2.0000000000000000              0.3999999999999999              1.0000000000000000              1.3999999999999999              1.3999999999999999
      0.081867854      0.21484375               1.0000000000000000             -2.0000000000000000              0.3999999999999999              1.0000000000000000              1.3999999999999999              1.3999999999999999
      0.081867854      0.22265625               0.9999972783689601             -1.9999979633239997              0.3999984758929717              0.9999989113605064              1.3999999999999999              1.3999999999999999
      0.081867854      0.23046875               0.9999514413678313             -1.9999636628224733              0.3999728083693554              0.9999805786124815              1.3999999999999999              1.3999999999999999
      0.081867854      0.23828125               0.9995906485007992             -1.9996936871360489              0.3997708242021224              0.9998363450120924              1.3999999999999999              1.3999999999999999
      0.081867854      0.24609375               0.9978359167630028             -1.9983804257584541              0.3987894263470833              0.9991357788582196              1.3999999999999999              1.3999999999999999
      0.081867854      0.25390625               0.9919454564658232             -1.9939651972474681              0.3955041486981513              0.9967890525636433              1.3999999999999999              1.3999999999999999
      0.081867854      0.26171875               0.9774068049542922             -1.9830044318803548              0.3874450958598943              0.9910026559463464              1.3999999999999999              1.3999999999999999
      0.081867854      0.26953125               0.9496823986916348             -1.9617971741545419              0.3722442932062784              0.9799178486384360              1.3999999999999999              1.3999999999999999
      0.081867854      0.27734375               0.9068405859803770             -1.9281026129898156              0.3491380095224801              0.9625120856964907              1.3999999999999999              1.3999999999999999
      0.081867854      0.28515625               0.8505691290622016             -1.8818925065224885              0.3194556040159959              0.9389466214469040              1.3999999999999999              1.3999999999999999
      0.081867854      0.29296875               0.7848151398222912             -1.8247181699849289              0.2857560553169203              0.9102654906148513              1.3999999999999999              1.3999999999999999
      0.081867854      0.30078125               0.7137350876825466             -1.7584749914775915              0.2505805110745044              0.8777083941890952              1.3999999999999999              1.3999999999999999
      0.081867854      0.30859375               0.6400344670697168             -1.6840455712505034              0.2155689964962123              0.8420210456913219              1.3999999999999999              1.3999999999999999
      0.081867854      0.31640625               0.5675552473579497             -1.6038960093716035              0.1826766613147830              0.8046646655333064              1.3999999999999999              1.3999999999999999
      0.081867854      0.32421875               0.5015193431766478             -1.5236018893007519              0.1541685300069983              0.7685073970950322              1.3999999999999999              1.3999999999999999
      0.081867854      0.33203125               0.4420327805084283             -1.4438230985616791              0.1297478595825297              0.7338135614811930              1.3999999999999999              1.3999999999999999
      0.081867854      0.33984375               0.3885819317483222             -1.3647004896765129              0.1089293874814966              0.7008135130691582              1.3999999999999999              1.3999999999999999
      0.081867854      0.34765625               0.3405556142636129             -1.2862961758129619              0.0912569244502724              0.6699120542146860              1.3999999999999999              1.3999999999999999
      0.081867854      0.35546875               0.2974341731759786             -1.2086411886378590              0.0763173235142808              0.6414639809152596              1.3999999999999999              1.3999999999999999
      0.081867854      0.36328125               0.2587745555427193             -1.1317415874304326              0.0637390698102249              0.6157779855572264              1.3999999999999999              1.3999999999999999
      0.081867854      0.37109375               0.2241410744940451             -1.0555751592700400              0.0531905507004158              0.5932708989247409              1.3999999999999999              1.3999999999999999
      0.081867854      0.37890625               0.1930629128386788             -0.9800774165628161              0.0443814443026126              0.5747018374743109              1.3999999999999999              1.3999999999999999
      0.081867854      0.38671875               0.1650468917095148             -0.9051408634359467              0.0370627063351264              0.5613966120664271              1.3999999999999999              1.3999999999999999
      0.081867854      0.39453125               0.1395721170401703             -0.8306350969543637              0.0310240110164395              0.5556985821084603              1.3999999999999999              1.3999999999999999
      0.081867854      0.40234375               0.1166957890717387             -0.7563835340268231              0.0260891483740008              0.5589136630706215              1.3999999999999999              1.3999999999999999
      0.081867854      0.41015625               0.0976084443955128             -0.6825030218450711              0.0220761121117244              0.5654252623438814              1.3999999999999999              1.3999999999999999
      0.081867854      0.41796875               0.0818997312989583             -0.6090180185762005              0.0188126040171505              0.5742571959265333              1.3999999999999999              1.3999999999999999
      0.081867854      0.42578125               0.0690443569146558             -0.5359380911163970              0.0161683182371974              0.5854322843930149              1.3999999999999999              1.3999999999999999
      0.081867854      0.43359375               0.0586176755486241             -0.4636951284983753              0.0140283003730412              0.5982965138819146              1.3999999999999999              1.3999999999999999
      0.081867854      0.44140625               0.0502558928561159             -0.3930907297679955              0.0122948989366296              0.6116147897237779              1.3999999999999999              1.3999999999999999
      0.081867854      0.44921875               0.0436623817281247             -0.3249415133936592              0.0108982945341534              0.6240093933729083              1.3999999999999999              1.3999999999999999
      0.081867854      0.45703125               0.0385760122795173             -0.2602812390270267              0.0097850943738043              0.6341437201247397              1.3999999999999999              1.3999999999999999
      0.081867854      0.46484375               0.0347668199919826             -0.2002731273082080              0.0089155978109460              0.6410996039472414              1.3999999999999999              1.3999999999999999
      0.081867854      0.47265625               0.0320355044712429             -0.1459796519046342              0.0082605636034981              0.6446412925160309              1.3999999999999999              1.3999999999999999
      0.081867854      0.48046875               0.0302084466244547             -0.0979731272867337              0.0077969911253583              0.6452658111064902              1.3999999999999999              1.3999999999999999
      0.081867854      0.48828125               0.0291280595506177             -0.0558835176028352              0.0075042234598543              0.6440716937231741              1.3999999999999999              1.3999999999999999
      0.081867854      0.49609375               0.0286492769491269             -0.0180996590512921              0.0073637307021523              0.6425756150171074              1.3999999999999999              1.3999999999999999
      0.081867854      0.50390625               0.0286492769491269              0.0180996590512924              0.0073637307021523              0.6425756150171074              1.3999999999999999              1.3999999999999999
      0.081867854      0.51171875               0.0291280595506177              0.0558835176028352              0.0075042234598543              0.6440716937231743              1.3999999999999999              1.3999999999999999
      0.081867854      0.51953125               0.0302084466244547              0.0979731272867336              0.0077969911253583              0.6452658111064904              1.3999999999999999              1.3999999999999999
      0.081867854      0.52734375               0.0320355044712429              0.1459796519046341              0.0082605636034981              0.6446412925160310              1.3999999999999999              1.3999999999999999
      0.081867854      0.53515625               0.0347668199919826              0.2002731273082078              0.0089155978109460              0.6410996039472414              1.3999999999999999              1.3999999999999999
      0.081867854      0.54296875               0.0385760122795173              0.2602812390270266              0.0097850943738043              0.6341437201247397              1.3999999999999999              1.3999999999999999
      0.081867854      0.55078125               0.0436623817281247              0.3249415133936592              0.0108982945341534              0.6240093933729084              1.3999999999999999              1.3999999999999999
      0.081867854      0.55859375               0.0502558928561159              0.3930907297679956              0.0122948989366296              0.6116147897237781              1.3999999999999999              1.3999999999999999
      0.081867854      0.56640625               0.0586176755486240              0.4636951284983757              0.0140283003730412              0.5982965138819145              1.3999999999999999              1.3999999999999999
      0.081867854      0.57421875               0.0690443569146558              0.5359380911163973              0.0161683182371974              0.5854322843930144              1.3999999999999999              1.3999999999999999
      0.081867854      0.58203125               0.0818997312989583              0.6090180185762004              0.0188126040171505              0.5742571959265331              1.3999999999999999              1.3999999999999999
      0.081867854      0.58984375               0.0976084443955128              0.6825030218450708              0.0220761121117244              0.5654252623438812              1.3999999999999999              1.3999999999999999
      0.081867854      0.59765625               0.1166957890717387              0.7563835340268233              0.0260891483740008              0.5589136630706210              1.3999999999999999              1.3999999999999999
      0.081867854      0.60546875               0.1395721170401703              0.8306350969543633              0.0310240110164395              0.5556985821084606              1.3999999999999999              1.3999999999999999
      0.081867854      0.61328125               0.1650468917095147              0.9051408634359465              0.0370627063351264              0.5613966120664277              1.3999999999999999              1.3999999999999999
      0.081867854      0.62109375               0.1930629128386787              0.9800774165628157              0.0443814443026126              0.5747018374743119              1.3999999999999999              1.3999999999999999
      0.081867854      0.62890625               0.2241410744940447              1.0555751592700400              0.0531905507004158              0.5932708989247417              1.3999999999999999              1.3999999999999999
      0.081867854      0.63671875               0.2587745555427194              1.1317415874304333              0.0637390698102249              0.6157779855572257              1.3999999999999999              1.3999999999999999
      0.081867854      0.64453125               0.2974341731759790              1.2086411886378590              0.0763173235142808              0.6414639809152591              1.3999999999999999              1.3999999999999999
      0.081867854      0.65234375               0.3405556142636127              1.2862961758129621              0.0912569244502724              0.6699120542146862              1.3999999999999999              1.3999999999999999
      0.081867854      0.66015625               0.3885819317483220              1.3647004896765131              0.1089293874814964              0.7008135130691575              1.3999999999999999              1.3999999999999999
      0.081867854      0.66796875               0.4420327805084284              1.4438230985616791              0.1297478595825297              0.7338135614811928              1.3999999999999999              1.3999999999999999
      0.081867854      0.67578125               0.5015193431766481              1.5236018893007517              0.1541685300069985              0.7685073970950326              1.3999999999999999              1.3999999999999999
      0.081867854      0.68359375               0.5675552473579495              1.6038960093716030              0.1826766613147831              0.8046646655333072              1.3999999999999999              1.3999999999999999
      0.081867854      0.69140625               0.6400344670697167              1.6840455712505034              0.2155689964962121              0.8420210456913213              1.3999999999999999              1.3999999999999999
      0.081867854      0.69921875               0.7137350876825466              1.7584749914775917              0.2505805110745042              0.8777083941890949              1.3999999999999999              1.3999999999999999
      0.081867854      0.70703125               0.7848151398222912              1.8247181699849289              0.2857560553169203              0.9102654906148513              1.3999999999999999              1.3999999999999999
      0.081867854      0.71484375               0.8505691290622016              1.8818925065224885              0.3194556040159959              0.9389466214469040              1.3999999999999999              1.3999999999999999
      0.081867854      0.72265625               0.9068405859803770              1.9281026129898156              0.3491380095224801              0.9625120856964907              1.3999999999999999              1.3999999999999999
      0.081867854      0.73046875               0.9496823986916348              1.9617971741545419              0.3722442932062784              0.9799178486384360              1.3999999999999999              1.3999999999999999
      0.081867854      0.73828125               0.9774068049542922              1.9830044318803548              0.3874450958598943              0.9910026559463464              1.3999999999999999              1.3999999999999999
      0.081867854      0.74609375               0.9919454564658232              1.9939651972474681              0.3955041486981513              0.9967890525636433              1.3999999999999999              1.3999999999999999
      0.081867854      0.75390625               0.9978359167630028              1.9983804257584541              0.3987894263470833              0.9991357788582196              1.3999999999999999              1.3999999999999999
      0.081867854      0.76171875               0.9995906485007992              1.9996936871360489              0.3997708242021224              0.9998363450120924              1.3999999999999999              1.3999999999999999
      0.081867854      0.76953125               0.9999514413678313              1.9999636628224733              0.3999728083693554              0.9999805786124815              1.3999999999999999              1.3999999999999999
      0.081867854      0.77734375               0.9999972783689601              1.9999979633239997              0.3999984758929717              0.9999989113605064              1.3999999999999999              1.3999999999999999
      0.081867854      0.78515625               1.0000000000000000              2.0000000000000000              0.3999999999999999              1.0000000000000000              1.3999999999999999              1.3999999999999999
      0.081867854      0.79296875               1.0000000000000000              2.0000000000000000              0.3999999999999999              1.0000000000000000              1.3999999999999999              1.3999999999999999
      0.081867854      0.80078125               1.0000000000000000              2.0000000000000000              0.3999999999999999              1.0000000000000000              1.3999999999999999              1.3999999999999999
      0.081867854      0.80859375               1.0000000000000000              2.0000000000000000              0.3999999999999999              1.0000000000000000              1.3999999999999999              1.3999999999999999
      0.081867854      0.81640625               1.0000000000000000              2.0000000000000000              0.3999999999999999              1.0000000000000000              1.3999999999999999              1.3999999999999999
      0.081867854      0.82421875               1.0000000000000000              2.0000000000000000              0.3999999999999999              1.0000000000000000              1.3999999999999999              1.3999999999999999
      0.081867854      0.83203125               1.0000000000000000              2.0000000000000000              0.3999999999999999              1.0000000000000000              1.3999999999999999              1.3999999999999999
      0.081867854      0.83984375               1.0000000000000000              2.0000000000000000              0.3999999999999999              1.0000000000000000              1.3999999999999999              1.3999999999999999
      0.081867854      0.84765625               1.0000000000000000              2.0000000000000000              0.3999999999999999              1.0000000000000000              1.3999999999999999              1.3999999999999999
      0.081867854      0.85546875               1.0000000000000000              2.0000000000000000              0.3999999999999999              1.0000000000000000              1.3999999999999999              1.3999999999999999
      0.081867854      0.86328125               1.0000000000000000              2.0000000000000000              0.3999999999999999              1.0000000000000000              1.3999999999999999              1.3999999999999999
      0.081867854      0.87109375               1.0000000000000000              2.0000000000000000              0.3999999999999999              1.0000000000000000              1.3999999999999999              1.3999999999999999
      0.081867854      0.87890625               1.0000000000000000              2.0000000000000000              0.3999999999999999              1.0000000000000000              1.3999999999999999              1.3999999999999999
      0.081867854      0.88671875               1.0000000000000000              2.0000000000000000              0.3999999999999999              1.0000000000000000              1.3999999999999999              1.3999999999999999
      0.081867854      0.89453125               1.0000000000000000              2.0000000000000000              0.3999999999999999              1.0000000000000000              1.3999999999999999              1.3999999999999999
      0.081867854      0.90234375               1.0000000000000000              2.0000000000000000              0.3999999999999999              1.0000000000000000              1.3999999999999999              1.3999999999999999
      0.081867854      0.91015625               1.0000000000000000              2.0000000000000000              0.3999999999999999              1.0000000000000000              1.3999999999999999              1.3999999999999999
      0.081867854      0.91796875               1.0000000000000000              2.0000000000000000              0.3999999999999999              1.0000000000000000              1.3999999999999999              1.3999999999999999
      0.081867854      0.92578125               1.0000000000000000              2.0000000000000000              0.3999999999999999              1.0000000000000000              1.3999999999999999              1.3999999999999999
      0.081867854      0.93359375               1.0000000000000000              2.0000000000000000              0.3999999999999999              1.0000000000000000              1.3999999999999999              1.3999999999999999
      0.081867854      0.94140625               1.0000000000000000              2.0000000000000000              0.3999999999999999              1.0000000000000000              1.3999999999999999              1.3999999999999999
      0.081867854      0.94921875               1.0000000000000000              2.0000000000000000              0.3999999999999999              1.0000000000000000              1.3999999999999999              1.3999999999999999
      0.081867854      0.95703125               1.0000000000000000              2.0000000000000000              0.3999999999999999              1.0000000000000000              1.3999999999999999              1.3999999999999999
      0.081867854      0.96484375               1.0000000000000000              2.0000000000000000              0.3999999999999999              1.0000000000000000              1.3999999999999999              1.3999999999999999
      0.081867854      0.97265625               1.0000000000000000              2.0000000000000000              0.3999999999999999              1.0000000000000000              1.3999999999999999              1.3999999999999999
      0.081867854      0.98046875               1.0000000000000000              2.0000000000000000              0.3999999999999999              1.0000000000000000              1.3999999999999999              1.3999999999999999
      0.081867854      0.98828125               1.0000000000000000              2.0000000000000000              0.3999999999999999              1.0000000000000000              1.3999999999999999              1.3999999999999999
      0.081867854      0.99609375               1.0000000000000000              2.0000000000000000              0.3999999999999999              1.0000000000000000              1.3999999999999999              1.3999999999999999
