      0.015207262      0.00390625              34.2501493773395609             -2.1385735891950368              0.0675751270299656              0.0049324695117005              1.3999999999999999              1.3999999999999999
      0.015207262      0.01171875              34.2501493773395609             -2.1385735891950368              0.0675751270299656              0.0049324695117005              1.3999999999999999              1.3999999999999999
      0.015207262      0.01953125              34.2501493773395609             -2.1385735891950368              0.0675751270299656              0.0049324695117005              1.3999999999999999              1.3999999999999999
      0.015207262      0.02734375              34.2501493773395609             -2.1385735891950368              0.0675751270299656              0.0049324695117005              1.3999999999999999              1.3999999999999999
      0.015207262      0.03515625              34.2501493773395609             -2.1385735891950368              0.0675751270299656              0.0049324695117005              1.3999999999999999              1.3999999999999999
      0.015207262      0.04296875              34.2501493773395609             -2.1385735891950368              0.0675751270299656              0.0049324695117005              1.3999999999999999              1.3999999999999999
      0.015207262      0.05078125              34.2501493773395609             -2.1385735891950368              0.0675751270299656              0.0049324695117005              1.3999999999999999              1.3999999999999999
      0.015207262      0.05859375              34.2501493773395609             -2.1385735891950368              0.0675751270299656              0.0049324695117005              1.3999999999999999              1.3999999999999999
      0.015207262      0.06640625              34.2501493773395609             -2.1385735891950368              0.0675751270299656              0.0049324695117005              1.3999999999999999              1.3999999999999999
      0.015207262      0.07421875              34.2501493773395609             -2.1385735891950368              0.0675751270299656              0.0049324695117005              1.3999999999999999              1.3999999999999999
      0.015207262      0.08203125              34.2501493773395609             -2.1385735891950368              0.0675751270299656              0.0049324695117005              1.3999999999999999              1.3999999999999999
      0.015207262      0.08984375              34.2501493773395609             -2.1385735891950368              0.0675751270299656              0.0049324695117005              1.3999999999999999              1.3999999999999999
      0.015207262      0.09765625              34.2501493773395609             -2.1385735891950368              0.0675751270299656              0.0049324695117005              1.3999999999999999              1.3999999999999999
      0.015207262      0.10546875              34.2501493773395609             -2.1385735891950368              0.0675751270299656              0.0049324695117005              1.3999999999999999              1.3999999999999999
      0.015207262      0.11328125              34.2501493773395609             -2.1385735891950368              0.0675751270299656              0.0049324695117005              1.3999999999999999              1.3999999999999999
      0.015207262      0.12109375              34.2501493773395609             -2.1385735891950368              0.0675751270299656              0.0049324695117005              1.3999999999999999              1.3999999999999999
      0.015207262      0.12890625              34.2501493773395609             -2.1385735891950368              0.0675751270299656              0.0049324695117005              1.3999999999999999              1.3999999999999999
      0.015207262      0.13671875              34.2501493773395609             -2.1385735891950368              0.0675751270299656              0.0049324695117005              1.3999999999999999              1.3999999999999999
      0.015207262      0.14453125              34.2501493773395609             -2.1385735891950368              0.0675751270299656              0.0049324695117005              1.3999999999999999              1.3999999999999999
      0.015207262      0.15234375              34.2501493773395609             -2.1385735891950368              0.0675751270299656              0.0049324695117005              1.3999999999999999              1.3999999999999999
      0.015207262      0.16015625              34.2501493773395609             -2.1385735891950368              0.0675751270299656              0.0049324695117005              1.3999999999999999              1.3999999999999999
      0.015207262      0.16796875              34.2501493773395609             -2.1385735891950368              0.0675751270299656              0.0049324695117005              1.3999999999999999              1.3999999999999999
      0.015207262      0.17578125              34.2501493773395609             -2.1385735891950368              0.0675751270299656              0.0049324695117005              1.3999999999999999              1.3999999999999999
      0.015207262      0.18359375              34.2501493773395609             -2.1385735891950368              0.0675751270299656              0.0049324695117005              1.3999999999999999              1.3999999999999999
      0.015207262      0.19140625              34.2501493773395609             -2.1385735891950368              0.0675751270299656              0.0049324695117005              1.3999999999999999              1.3999999999999999
      0.015207262      0.19921875              34.2501493773395609             -2.1385735891950368              0.0675751270299656              0.0049324695117005              1.3999999999999999              1.3999999999999999
      0.015207262      0.20703125              34.2501493773395609             -2.1385735891950368              0.0675751270299656              0.0049324695117005              1.3999999999999999              1.3999999999999999
      0.015207262      0.21484375              34.2501493773395609             -2.1385735891950368              0.0675751270299656              0.0049324695117005              1.3999999999999999              1.3999999999999999
      0.015207262      0.22265625              34.2501493773395609             -2.1385735891950368              0.0675751270299656              0.0049324695117005              1.3999999999999999              1.3999999999999999
      0.015207262      0.23046875              34.2501493773395609             -2.1385735891950368              0.0675751270299656              0.0049324695117005              1.3999999999999999              1.3999999999999999
      0.015207262      0.23828125              34.2501493773395609             -2.1385735891950368              0.0675751270299656              0.0049324695117005              1.3999999999999999              1.3999999999999999
      0.015207262      0.24609375              34.2501493773395609             -2.1385735891950368              0.0675751270299656              0.0049324695117005              1.3999999999999999              1.3999999999999999
      0.015207262      0.25390625              34.2501493773395609             -2.1385735891950368              0.0675751270299656              0.0049324695117005              1.3999999999999999              1.3999999999999999
      0.015207262      0.26171875              34.2501493773395609             -2.1385735891950368              0.0675751270299656              0.0049324695117005              1.3999999999999999              1.3999999999999999
      0.015207262      0.26953125              34.2501493773395609             -2.1385735891950368              0.0675751270299656              0.0049324695117005              1.3999999999999999              1.3999999999999999
      0.015207262      0.27734375              34.2501493773395609             -2.1385735891950368              0.0675751270299656              0.0049324695117005              1.3999999999999999              1.3999999999999999
      0.015207262      0.28515625              34.2501493773395609             -2.1385735891950368              0.0675751270299656              0.0049324695117005              1.3999999999999999              1.3999999999999999
      0.015207262      0.29296875              34.2501493773395609             -2.1385735891950368              0.0675751270299656              0.0049324695117005              1.3999999999999999              1.3999999999999999
      0.015207262      0.30078125              34.2501493773395609             -2.1385735891950368              0.0675751270299656              0.0049324695117005              1.3999999999999999              1.3999999999999999
      0.015207262      0.30859375              34.2501493773395609             -2.1385735891950368              0.0675751270299656              0.0049324695117005              1.3999999999999999              1.3999999999999999
      0.015207262      0.31640625              34.2501493773395609             -2.1385735891950368              0.0675751270299656              0.0049324695117005              1.3999999999999999              1.3999999999999999
      0.015207262      0.32421875              34.2501493773395609             -2.1385735891950368              0.0675751270299656              0.0049324695117005              1.3999999999999999              1.3999999999999999
      0.015207262      0.33203125              34.2501493773395609             -2.1385735891950368              0.0675751270299656              0.0049324695117005              1.3999999999999999              1.3999999999999999
      0.015207262      0.33984375              34.2501493773395609             -2.1385735891950368              0.0675751270299656              0.0049324695117005              1.3999999999999999              1.3999999999999999
      0.015207262      0.34765625              34.2501493773395609             -2.1385735891950368              0.0675751270299656              0.0049324695117005              1.3999999999999999              1.3999999999999999
      0.015207262      0.35546875              34.2501493773395609             -2.1385735891950368              0.0675751270299656              0.0049324695117005              1.3999999999999999              1.3999999999999999
      0.015207262      0.36328125              34.2501493773395609             -2.1385735891950368              0.0675751270299656              0.0049324695117005              1.3999999999999999              1.3999999999999999
      0.015207262      0.37109375              34.2501493773395609             -2.1385735891950368              0.0675751270299656              0.0049324695117005              1.3999999999999999              1.3999999999999999
      0.015207262      0.37890625              34.2501493773395609             -2.1385735891950368              0.0675751270299656              0.0049324695117005              1.3999999999999999              1.3999999999999999
      0.015207262      0.38671875              34.2501493773395609             -2.1385735891950368              0.0675751270299656              0.0049324695117005              1.3999999999999999              1.3999999999999999
      0.015207262      0.39453125              34.2501493773395609             -2.1385735891950368              0.0675751270299656              0.0049324695117005              1.3999999999999999              1.3999999999999999
      0.015207262      0.40234375              34.2501493773395609             -2.1385735891950368              0.0675751270299656              0.0049324695117005              1.3999999999999999              1.3999999999999999
      0.015207262      0.41015625              34.2501493773395609             -2.1385735891950368              0.0675751270299656              0.0049324695117005              1.3999999999999999              1.3999999999999999
      0.015207262      0.41796875              34.2501493773395609             -2.1385735891950368              0.0675751270299656              0.0049324695117005              1.3999999999999999              1.3999999999999999
      0.015207262      0.42578125              34.2501493773395609             -2.1385735891950368              0.0675751270299656              0.0049324695117005              1.3999999999999999              1.3999999999999999
      0.015207262      0.43359375              34.2501493773395609             -2.1385735891950368              0.0675751270299656              0.0049324695117005              1.3999999999999999              1.3999999999999999
      0.015207262      0.44140625              34.2501493773395609             -2.1385735891950368              0.0675751270299656              0.0049324695117005              1.3999999999999999              1.3999999999999999
      0.015207262      0.44921875              34.2501493773395609             -2.1385735891950368              0.0675751270299656              0.0049324695117005              1.3999999999999999              1.3999999999999999
      0.015207262      0.45703125              34.2501493773395609             -2.1385735891950368              0.0675751270299656              0.0049324695117005              1.3999999999999999              1.3999999999999999
      0.015207262      0.46484375              34.2501493773395609             -2.1385735891950368              0.0675751270299656              0.0049324695117005              1.3999999999999999              1.3999999999999999
      0.015207262      0.47265625              34.2501493773395609             -2.1385735891950368              0.0675751270299656              0.0049324695117005              1.3999999999999999              1.3999999999999999
      0.015207262      0.48046875              34.2501493773395609             -2.1385735891950368              0.0675751270299656              0.0049324695117005              1.3999999999999999              1.3999999999999999
      0.015207262      0.48828125              34.2501493773395609             -2.1385735891950368              0.0675751270299656              0.0049324695117005              1.3999999999999999              1.3999999999999999
      0.015207262      0.49609375              34.2501493773395609             -2.1385735891950368              0.0675751270299656              0.0049324695117005              1.3999999999999999              1.3999999999999999
      0.015207262      0.50390625               0.6621109132502516             -2.3745558516160510              0.3038195015979069              1.1471624146265780              1.3999999999999999              1.3999999999999999
      0.015207262      0.51171875               0.6621109132502516             -2.3745558516160510              0.3038195015979069              1.1471624146265780              1.3999999999999999              1.3999999999999999
      0.015207262      0.51953125               0.6621109132502516             -2.3745558516160510              0.3038195015979069              1.1471624146265780              1.3999999999999999              1.3999999999999999
      0.015207262      0.52734375               0.6621109132502516             -2.3745558516160510              0.3038195015979069              1.1471624146265780              1.3999999999999999              1.3999999999999999
      0.015207262      0.53515625               0.6621109132502516             -2.3745558516160510              0.3038195015979069              1.1471624146265780              1.3999999999999999              1.3999999999999999
      0.015207262      0.54296875               0.6621109132502516             -2.3745558516160510              0.3038195015979069              1.1471624146265780              1.3999999999999999              1.3999999999999999
      0.015207262      0.55078125               0.6621109132502516             -2.3745558516160510              0.3038195015979069              1.1471624146265780              1.3999999999999999              1.3999999999999999
      0.015207262      0.55859375               0.6621109132502516             -2.3745558516160510              0.3038195015979069              1.1471624146265780              1.3999999999999999              1.3999999999999999
      0.015207262      0.56640625               0.6621109132502516             -2.3745558516160510              0.3038195015979069              1.1471624146265780              1.3999999999999999              1.3999999999999999
      0.015207262      0.57421875               0.6621109132502516             -2.3745558516160510              0.3038195015979069              1.1471624146265780              1.3999999999999999              1.3999999999999999
      0.015207262      0.58203125               0.6621109132502516             -2.3745558516160510              0.3038195015979069              1.1471624146265780              1.3999999999999999              1.3999999999999999
      0.015207262      0.58984375               0.6621109132502516             -2.3745558516160510              0.3038195015979069              1.1471624146265780              1.3999999999999999              1.3999999999999999
      0.015207262      0.59765625               0.6621109132502516             -2.3745558516160510              0.3038195015979069              1.1471624146265780              1.3999999999999999              1.3999999999999999
      0.015207262      0.60546875               0.6621109132502516             -2.3745558516160510              0.3038195015979069              1.1471624146265780              1.3999999999999999              1.3999999999999999
      0.015207262      0.61328125               0.6621109132502516             -2.3745558516160510              0.3038195015979069              1.1471624146265780              1.3999999999999999              1.3999999999999999
      0.015207262      0.62109375               0.6621109132502516             -2.3745558516160510              0.3038195015979069              1.1471624146265780              1.3999999999999999              1.3999999999999999
      0.015207262      0.62890625               0.6621109132502516             -2.3745558516160510              0.3038195015979069              1.1471624146265780              1.3999999999999999              1.3999999999999999
      0.015207262      0.63671875               0.6621109132502516             -2.3745558516160510              0.3038195015979069              1.1471624146265780              1.3999999999999999              1.3999999999999999
      0.015207262      0.64453125               0.6621109132502516             -2.3745558516160510              0.3038195015979069              1.1471624146265780              1.3999999999999999              1.3999999999999999
      0.015207262      0.65234375               0.6621109132502516             -2.3745558516160510              0.3038195015979069              1.1471624146265780              1.3999999999999999              1.3999999999999999
      0.015207262      0.66015625               0.6621109132502516             -2.3745558516160510              0.3038195015979069              1.1471624146265780              1.3999999999999999              1.3999999999999999
      0.015207262      0.66796875               0.6621109132502516             -2.3745558516160510              0.3038195015979069              1.1471624146265780              1.3999999999999999              1.3999999999999999
      0.015207262      0.67578125               0.6621109132502516             -2.3745558516160510              0.3038195015979069              1.1471624146265780              1.3999999999999999              1.3999999999999999
      0.015207262      0.68359375               0.6621109132502516             -2.3745558516160510              0.3038195015979069              1.1471624146265780              1.3999999999999999              1.3999999999999999
      0.015207262      0.69140625               0.6621109132502516             -2.3745558516160510              0.3038195015979069              1.1471624146265780              1.3999999999999999              1.3999999999999999
      0.015207262      0.69921875               0.6621109132502516             -2.3745558516160510              0.3038195015979069              1.1471624146265780              1.3999999999999999              1.3999999999999999
      0.015207262      0.70703125               0.6621109132502516             -2.3745558516160510              0.3038195015979069              1.1471624146265780              1.3999999999999999              1.3999999999999999
      0.015207262      0.71484375               0.6621109132502516             -2.3745558516160510              0.3038195015979069              1.1471624146265780              1.3999999999999999              1.3999999999999999
      0.015207262      0.72265625               0.6621109132502516             -2.3745558516160510              0.3038195015979069              1.1471624146265780              1.3999999999999999              1.3999999999999999
      0.015207262      0.73046875               0.6621109132502516             -2.3745558516160510              0.3038195015979069              1.1471624146265780              1.3999999999999999              1.3999999999999999
      0.015207262      0.73828125               0.6621109132502516             -2.3745558516160510              0.3038195015979069              1.1471624146265780              1.3999999999999999              1.3999999999999999
      0.015207262      0.74609375               0.6621109132502516             -2.3745558516160510              0.3038195015979069              1.1471624146265780              1.3999999999999999              1.3999999999999999
      0.015207262      0.75390625               0.6621109132502516             -2.3745558516160510              0.3038195015979069              1.1471624146265780              1.3999999999999999              1.3999999999999999
      0.015207262      0.76171875               0.6621109132502516             -2.3745558516160510              0.3038195015979069              1.1471624146265780              1.3999999999999999              1.3999999999999999
      0.015207262      0.76953125               0.6621109132502516             -2.3745558516160510              0.3038195015979069              1.1471624146265780              1.3999999999999999              1.3999999999999999
      0.015207262      0.77734375               0.6621109132502516             -2.3745558516160510              0.3038195015979069              1.1471624146265780              1.3999999999999999              1.3999999999999999
      0.015207262      0.78515625               0.6621109132502516             -2.3745558516160510              0.3038195015979069              1.1471624146265780              1.3999999999999999              1.3999999999999999
      0.015207262      0.79296875               0.6621109132502516             -2.3745558516160510              0.3038195015979069              1.1471624146265780              1.3999999999999999              1.3999999999999999
      0.015207262      0.80078125               0.6621109132502516             -2.3745558516160510              0.3038195015979069              1.1471624146265780              1.3999999999999999              1.3999999999999999
      0.015207262      0.80859375               0.6621109132502516             -2.3745558516160510              0.3038195015979069              1.1471624146265780              1.3999999999999999              1.3999999999999999
      0.015207262      0.81640625               0.6621109132502516             -2.3745558516160510              0.3038195015979069              1.1471624146265780              1.3999999999999999              1.3999999999999999
      0.015207262      0.82421875               0.6621109132502516             -2.3745558516160510              0.3038195015979069              1.1471624146265780              1.3999999999999999              1.3999999999999999
      0.015207262      0.83203125               0.6621109132502516             -2.3745558516160510              0.3038195015979069              1.1471624146265780              1.3999999999999999              1.3999999999999999
      0.015207262      0.83984375               0.6621109132502516             -2.3745558516160510              0.3038195015979069              1.1471624146265780              1.3999999999999999              1.3999999999999999
      0.015207262      0.84765625               0.6621109132502516             -2.3745558516160510              0.3038195015979069              1.1471624146265780              1.3999999999999999              1.3999999999999999
      0.015207262      0.85546875               0.6621109132502516             -2.3745558516160510              0.3038195015979069              1.1471624146265780              1.3999999999999999              1.3999999999999999
      0.015207262      0.86328125               0.6621109132502516             -2.3745558516160510              0.3038195015979069              1.1471624146265780              1.3999999999999999              1.3999999999999999
      0.015207262      0.87109375               0.6621109132502516             -2.3745558516160510              0.3038195015979069              1.1471624146265780              1.3999999999999999              1.3999999999999999
      0.015207262      0.87890625               0.6621109132502516             -2.3745558516160510              0.3038195015979069              1.1471624146265780              1.3999999999999999              1.3999999999999999
      0.015207262      0.88671875               0.6621109132502516             -2.3745558516160510              0.3038195015979069              1.1471624146265780              1.3999999999999999              1.3999999999999999
      0.015207262      0.89453125               0.6621109132502516             -2.3745558516160510              0.3038195015979069              1.1471624146265780              1.3999999999999999              1.3999999999999999
      0.015207262      0.90234375               0.6621109132502516             -2.3745558516160510              0.3038195015979069              1.1471624146265780              1.3999999999999999              1.3999999999999999
      0.015207262      0.91015625               0.6621109132502516             -2.3745558516160510              0.3038195015979069              1.1471624146265780              1.3999999999999999              1.3999999999999999
      0.015207262      0.91796875               0.6621109132502516             -2.3745558516160510              0.3038195015979069              1.1471624146265780              1.3999999999999999              1.3999999999999999
      0.015207262      0.92578125               0.6621109132502516             -2.3745558516160510              0.3038195015979069              1.1471624146265780              1.3999999999999999              1.3999999999999999
      0.015207262      0.93359375               0.6621109132502516             -2.3745558516160510              0.3038195015979069              1.1471624146265780              1.3999999999999999              1.3999999999999999
      0.015207262      0.94140625               0.6621109132502516             -2.3745558516160510              0.3038195015979069              1.1471624146265780              1.3999999999999999              1.3999999999999999
      0.015207262      0.94921875               0.6621109132502516             -2.3745558516160510              0.3038195015979069              1.1471624146265780              1.3999999999999999              1.3999999999999999
      0.015207262      0.95703125               0.6621109132502516             -2.3745558516160510              0.3038195015979069              1.1471624146265780              1.3999999999999999              1.3999999999999999
      0.015207262      0.96484375               0.6621109132502516             -2.3745558516160510              0.3038195015979069              1.1471624146265780              1.3999999999999999              1.3999999999999999
      0.015207262      0.97265625               0.6621109132502516             -2.3745558516160510              0.3038195015979069              1.1471624146265780              1.3999999999999999              1.3999999999999999
      0.015207262      0.98046875               0.6621109132502516             -2.3745558516160510              0.3038195015979069              1.1471624146265780              1.3999999999999999              1.3999999999999999
      0.015207262      0.98828125               0.6621109132502516             -2.3745558516160510              0.3038195015979069              1.1471624146265780              1.3999999999999999              1.3999999999999999
      0.015207262      0.99609375               0.6621109132502516             -2.3745558516160510              0.3038195015979069              1.1471624146265780              1.3999999999999999              1.3999999999999999
