      0.127349995      0.00390625               1.0000000000000000             -2.0000000000000000              0.3999999999999999              1.0000000000000000              1.3999999999999999              1.3999999999999999
      0.127349995      0.01171875               1.0000000000000000             -2.0000000000000000              0.3999999999999999              1.0000000000000000              1.3999999999999999              1.3999999999999999
      0.127349995      0.01953125               1.0000000000000000             -2.0000000000000000              0.3999999999999999              1.0000000000000000              1.3999999999999999              1.3999999999999999
      0.127349995      0.02734375               1.0000000000000000             -2.0000000000000000              0.3999999999999999              1.0000000000000000              1.3999999999999999              1.3999999999999999
      0.127349995      0.03515625               1.0000000000000000             -2.0000000000000000              0.3999999999999999              1.0000000000000000              1.3999999999999999              1.3999999999999999
      0.127349995      0.04296875               1.0000000000000000             -2.0000000000000000              0.3999999999999999              1.0000000000000000              1.3999999999999999              1.3999999999999999
      0.127349995      0.05078125               1.0000000000000000             -2.0000000000000000              0.3999999999999999              1.0000000000000000              1.3999999999999999              1.3999999999999999
      0.127349995      0.05859375               1.0000000000000000             -2.0000000000000000              0.3999999999999999              1.0000000000000000              1.3999999999999999              1.3999999999999999
      0.127349995      0.06640625               0.9999999961851636             -1.9999999971452376              0.3999999978636917              0.9999999984740660              1.3999999999999999              1.3999999999999999
      0.127349995      0.07421875               0.9999998937951449             -1.9999999205235690              0.3999999405252878              0.9999999575180704              1.3999999999999999              1.3999999999999999
      0.127349995      0.08203125               0.9999985734175602             -1.9999989324439711              0.3999992011147713              0.9999994293685542              1.3999999999999999              1.3999999999999999
      0.127349995      0.08984375               0.9999877030801254             -1.9999907978458036              0.3999931137812564              0.9999950813125311              1.3999999999999999              1.3999999999999999
      0.127349995      0.09765625               0.9999236969319586             -1.9999429001381903              0.3999572720901344              0.9999694809646815              1.3999999999999999              1.3999999999999999
      0.127349995      0.10546875               0.9996376286153882             -1.9997288191754812              0.3997971066788462              0.9998550855688846              1.3999999999999999              1.3999999999999999
      0.127349995      0.11328125               0.9986324393605771             -1.9989764042027478              0.3992345921606190              0.9994532933865247              1.3999999999999999              1.3999999999999999
      0.127349995      0.12109375               0.9957916462138374             -1.9968479778064778              0.3976468568953593              0.9983184193382163              1.3999999999999999              1.3999999999999999
      0.127349995      0.12890625               0.9892217781036946             -1.9919118087754626              0.3939848228969983              0.9956938666783455              1.3999999999999999              1.3999999999999999
      0.127349995      0.13671875               0.9765770768101504             -1.9823489828997991              0.3869710863555903              0.9906311942616352              1.3999999999999999              1.3999999999999999
      0.127349995      0.14453125               0.9559269823247704             -1.9665302003283314              0.3756018226113614              0.9822973656887349              1.3999999999999999              1.3999999999999999
      0.127349995      0.15234375               0.9266192902928448             -1.9436136826702617              0.3596382404116952              0.9702966584530004              1.3999999999999999              1.3999999999999999
      0.127349995      0.16015625               0.8895097487191903             -1.9137502143875511              0.3397113833140671              0.9547713889679663              1.3999999999999999              1.3999999999999999
      0.127349995      0.16796875               0.8464749731308910             -1.8778337184618026              0.3170086540595002              0.9362611539682255              1.3999999999999999              1.3999999999999999
      0.127349995      0.17578125               0.7996611411958744             -1.8370507231826740              0.2928227625715785              0.9154588971700844              1.3999999999999999              1.3999999999999999
      0.127349995      0.18359375               0.7508955152901723             -1.7924748625456348              0.2682183243697225              0.8929948272033349              1.3999999999999999              1.3999999999999999
      0.127349995      0.19140625               0.7013372676137961             -1.7447412480331095              0.2438608574923920              0.8692709939758911              1.3999999999999999              1.3999999999999999
      0.127349995      0.19921875               0.6517564591942575             -1.6942152868486335              0.2201744747593634              0.8445427415923007              1.3999999999999999              1.3999999999999999
      0.127349995      0.20703125               0.6042913915835909             -1.6429123558681247              0.1981744304644960              0.8198628725504641              1.3999999999999999              1.3999999999999999
      0.127349995      0.21484375               0.5594681834111849             -1.5914677863463897              0.1780380354781719              0.7955681875984433              1.3999999999999999              1.3999999999999999
      0.127349995      0.22265625               0.5173017490127251             -1.5400300562742024              0.1596897227538435              0.7717435861110695              1.3999999999999999              1.3999999999999999
      0.127349995      0.23046875               0.4777337276207580             -1.4886820701045571              0.1430214649849334              0.7484371351443967              1.3999999999999999              1.3999999999999999
      0.127349995      0.23828125               0.4406741896352688             -1.4374712590086987              0.1279141625372389              0.7256731024065035              1.3999999999999999              1.3999999999999999
      0.127349995      0.24609375               0.4060235661555020             -1.3864264338142431              0.1142476980203961              0.7034548456273634              1.3999999999999999              1.3999999999999999
      0.127349995      0.25390625               0.3736828853415170             -1.3355657678580370              0.1019055505930824              0.6817649040840381              1.3999999999999999              1.3999999999999999
      0.127349995      0.26171875               0.3435211794030316             -1.2849008596824194              0.0907769087781138              0.6606354587500630              1.3999999999999999              1.3999999999999999
      0.127349995      0.26953125               0.3153961328041271             -1.2344384738664156              0.0807580418422634              0.6401318329766680              1.3999999999999999              1.3999999999999999
      0.127349995      0.27734375               0.2891770120457190             -1.1841811867814345              0.0717524081024383              0.6203156294724272              1.3999999999999999              1.3999999999999999
      0.127349995      0.28515625               0.2647381439719672             -1.1341264644461913              0.0636704181063783              0.6012584468477680              1.3999999999999999              1.3999999999999999
      0.127349995      0.29296875               0.2419588304351780             -1.0842658964211707              0.0564292368258617              0.5830458504487126              1.3999999999999999              1.3999999999999999
      0.127349995      0.30078125               0.2207257784755803             -1.0345848379740035              0.0499525304578814              0.5657759007904897              1.3999999999999999              1.3999999999999999
      0.127349995      0.30859375               0.2009356816142172             -0.9850629213615484              0.0441701373763455              0.5495556715151914              1.3999999999999999              1.3999999999999999
      0.127349995      0.31640625               0.1824958435116089             -0.9356755961561883              0.0390177073859073              0.5345013156892165              1.3999999999999999              1.3999999999999999
      0.127349995      0.32421875               0.1653211761194726             -0.8863967979397869              0.0344363800741334              0.5207496837738337              1.3999999999999999              1.3999999999999999
      0.127349995      0.33203125               0.1493279395204412             -0.8372027182859367              0.0303726049684082              0.5084883154811528              1.3999999999999999              1.3999999999999999
      0.127349995      0.33984375               0.1344267012096804             -0.7880758563604702              0.0267780993953935              0.4980055888157356              1.3999999999999999              1.3999999999999999
      0.127349995      0.34765625               0.1205182941381177             -0.7390090200732728              0.0236098742749586              0.4897570622743174              1.3999999999999999              1.3999999999999999
      0.127349995      0.35546875               0.1074937367309691             -0.6900092241509477              0.0208301408731381              0.4844501062715616              1.3999999999999999              1.3999999999999999
      0.127349995      0.36328125               0.0952326056882986             -0.6411031443973025              0.0184054095435022              0.4831698505589590              1.3999999999999999              1.3999999999999999
      0.127349995      0.37109375               0.0839411001331210             -0.5923077213306355              0.0163060311594855              0.4856390711351771              1.3999999999999999              1.3999999999999999
      0.127349995      0.37890625               0.0740435639629028             -0.5437263966537502              0.0144976772473904              0.4894982248103968              1.3999999999999999              1.3999999999999999
      0.127349995      0.38671875               0.0654289601369716             -0.4954160644362684              0.0129458880660132              0.4946543563779635              1.3999999999999999              1.3999999999999999
      0.127349995      0.39453125               0.0579550334602768             -0.4475877413286141              0.0116164164713827              0.5010960988981562              1.3999999999999999              1.3999999999999999
      0.127349995      0.40234375               0.0514967540798200             -0.4005218853639855              0.0104800571950977              0.5087727072493569              1.3999999999999999              1.3999999999999999
      0.127349995      0.41015625               0.0459524002424386             -0.3545163125448623              0.0095141464258214              0.5176087851573645              1.3999999999999999              1.3999999999999999
      0.127349995      0.41796875               0.0412344299666399             -0.3099638782414000              0.0086997829448175              0.5274586645102111              1.3999999999999999              1.3999999999999999
      0.127349995      0.42578125               0.0372667561288951             -0.2673429640305210              0.0080213920135824              0.5381064014425284              1.3999999999999999              1.3999999999999999
      0.127349995      0.43359375               0.0339815833486411             -0.2271793436313379              0.0074659842079998              0.5492669464074826              1.3999999999999999              1.3999999999999999
      0.127349995      0.44140625               0.0313158218867810             -0.1899726901118732              0.0070219659662296              0.5605765347319336              1.3999999999999999              1.3999999999999999
      0.127349995      0.44921875               0.0292078801992017             -0.1560869365414508              0.0066777697871246              0.5715726151282879              1.3999999999999999              1.3999999999999999
      0.127349995      0.45703125               0.0275954370471293             -0.1256330383416754              0.0064207615332560              0.5816868856153852              1.3999999999999999              1.3999999999999999
      0.127349995      0.46484375               0.0264144379506928             -0.0984012777884987              0.0062369307448457              0.5902956137556287              1.3999999999999999              1.3999999999999999
      0.127349995      0.47265625               0.0255991739563911             -0.0738923118922203              0.0061116211880764              0.5968572656375282              1.3999999999999999              1.3999999999999999
      0.127349995      0.48046875               0.0250831275192676             -0.0514400292097962              0.0060310383678696              0.6011051017498616              1.3999999999999999              1.3999999999999999
      0.127349995      0.48828125               0.0248004073376111             -0.0303588093461849              0.0059838418083899              0.6031999522156150              1.3999999999999999              1.3999999999999999
      0.127349995      0.49609375               0.0246878445752034             -0.0100391888739990              0.0059622040263376              0.6037590693849021              1.3999999999999999              1.3999999999999999
      0.127349995      0.50390625               0.0246878445752034              0.0100391888739988              0.0059622040263376              0.6037590693849022              1.3999999999999999              1.3999999999999999
      0.127349995      0.51171875               0.0248004073376111              0.0303588093461849              0.0059838418083899              0.6031999522156150              1.3999999999999999              1.3999999999999999
      0.127349995      0.51953125               0.0250831275192676              0.0514400292097963              0.0060310383678696              0.6011051017498613              1.3999999999999999              1.3999999999999999
      0.127349995      0.52734375               0.0255991739563911              0.0738923118922203              0.0061116211880764              0.5968572656375281              1.3999999999999999              1.3999999999999999
      0.127349995      0.53515625               0.0264144379506928              0.0984012777884986              0.0062369307448457              0.5902956137556289              1.3999999999999999              1.3999999999999999
      0.127349995      0.54296875               0.0275954370471293              0.1256330383416754              0.0064207615332560              0.5816868856153852              1.3999999999999999              1.3999999999999999
      0.127349995      0.55078125               0.0292078801992017              0.1560869365414508              0.0066777697871246              0.5715726151282878              1.3999999999999999              1.3999999999999999
      0.127349995      0.55859375               0.0313158218867810              0.1899726901118735              0.0070219659662296              0.5605765347319335              1.3999999999999999              1.3999999999999999
      0.127349995      0.56640625               0.0339815833486411              0.2271793436313381              0.0074659842079998              0.5492669464074826              1.3999999999999999              1.3999999999999999
      0.127349995      0.57421875               0.0372667561288951              0.2673429640305210              0.0080213920135824              0.5381064014425286              1.3999999999999999              1.3999999999999999
      0.127349995      0.58203125               0.0412344299666399              0.3099638782413998              0.0086997829448175              0.5274586645102116              1.3999999999999999              1.3999999999999999
      0.127349995      0.58984375               0.0459524002424385              0.3545163125448624              0.0095141464258214              0.5176087851573645              1.3999999999999999              1.3999999999999999
      0.127349995      0.59765625               0.0514967540798200              0.4005218853639859              0.0104800571950977              0.5087727072493567              1.3999999999999999              1.3999999999999999
      0.127349995      0.60546875               0.0579550334602769              0.4475877413286141              0.0116164164713827              0.5010960988981559              1.3999999999999999              1.3999999999999999
      0.127349995      0.61328125               0.0654289601369717              0.4954160644362678              0.0129458880660133              0.4946543563779635              1.3999999999999999              1.3999999999999999
      0.127349995      0.62109375               0.0740435639629028              0.5437263966537507              0.0144976772473904              0.4894982248103962              1.3999999999999999              1.3999999999999999
      0.127349995      0.62890625               0.0839411001331211              0.5923077213306356              0.0163060311594855              0.4856390711351763              1.3999999999999999              1.3999999999999999
      0.127349995      0.63671875               0.0952326056882987              0.6411031443973022              0.0184054095435022              0.4831698505589588              1.3999999999999999              1.3999999999999999
      0.127349995      0.64453125               0.1074937367309689              0.6900092241509481              0.0208301408731381              0.4844501062715622              1.3999999999999999              1.3999999999999999
      0.127349995      0.65234375               0.1205182941381175              0.7390090200732727              0.0236098742749586              0.4897570622743182              1.3999999999999999              1.3999999999999999
      0.127349995      0.66015625               0.1344267012096803              0.7880758563604703              0.0267780993953935              0.4980055888157359              1.3999999999999999              1.3999999999999999
      0.127349995      0.66796875               0.1493279395204409              0.8372027182859366              0.0303726049684082              0.5084883154811534              1.3999999999999999              1.3999999999999999
      0.127349995      0.67578125               0.1653211761194724              0.8863967979397877              0.0344363800741334              0.5207496837738331              1.3999999999999999              1.3999999999999999
      0.127349995      0.68359375               0.1824958435116088              0.9356755961561886              0.0390177073859073              0.5345013156892162              1.3999999999999999              1.3999999999999999
      0.127349995      0.69140625               0.2009356816142172              0.9850629213615482              0.0441701373763455              0.5495556715151910              1.3999999999999999              1.3999999999999999
      0.127349995      0.69921875               0.2207257784755804              1.0345848379740035              0.0499525304578814              0.5657759007904894              1.3999999999999999              1.3999999999999999
      0.127349995      0.70703125               0.2419588304351781              1.0842658964211709              0.0564292368258617              0.5830458504487125              1.3999999999999999              1.3999999999999999
      0.127349995      0.71484375               0.2647381439719672              1.1341264644461919              0.0636704181063782              0.6012584468477671              1.3999999999999999              1.3999999999999999
      0.127349995      0.72265625               0.2891770120457191              1.1841811867814349              0.0717524081024382              0.6203156294724262              1.3999999999999999              1.3999999999999999
      0.127349995      0.73046875               0.3153961328041271              1.2344384738664160              0.0807580418422632              0.6401318329766668              1.3999999999999999              1.3999999999999999
      0.127349995      0.73828125               0.3435211794030314              1.2849008596824192              0.0907769087781137              0.6606354587500627              1.3999999999999999              1.3999999999999999
      0.127349995      0.74609375               0.3736828853415169              1.3355657678580373              0.1019055505930823              0.6817649040840379              1.3999999999999999              1.3999999999999999
      0.127349995      0.75390625               0.4060235661555020              1.3864264338142434              0.1142476980203961              0.7034548456273633              1.3999999999999999              1.3999999999999999
      0.127349995      0.76171875               0.4406741896352690              1.4374712590086991              0.1279141625372390              0.7256731024065036              1.3999999999999999              1.3999999999999999
      0.127349995      0.76953125               0.4777337276207582              1.4886820701045571              0.1430214649849335              0.7484371351443967              1.3999999999999999              1.3999999999999999
      0.127349995      0.77734375               0.5173017490127250              1.5400300562742024              0.1596897227538434              0.7717435861110692              1.3999999999999999              1.3999999999999999
      0.127349995      0.78515625               0.5594681834111851              1.5914677863463897              0.1780380354781717              0.7955681875984419              1.3999999999999999              1.3999999999999999
      0.127349995      0.79296875               0.6042913915835910              1.6429123558681249              0.1981744304644959              0.8198628725504634              1.3999999999999999              1.3999999999999999
      0.127349995      0.80078125               0.6517564591942575              1.6942152868486335              0.2201744747593632              0.8445427415922997              1.3999999999999999              1.3999999999999999
      0.127349995      0.80859375               0.7013372676137960              1.7447412480331095              0.2438608574923916              0.8692709939758900              1.3999999999999999              1.3999999999999999
      0.127349995      0.81640625               0.7508955152901724              1.7924748625456350              0.2682183243697224              0.8929948272033345              1.3999999999999999              1.3999999999999999
      0.127349995      0.82421875               0.7996611411958744              1.8370507231826740              0.2928227625715789              0.9154588971700856              1.3999999999999999              1.3999999999999999
      0.127349995      0.83203125               0.8464749731308909              1.8778337184618028              0.3170086540595000              0.9362611539682248              1.3999999999999999              1.3999999999999999
      0.127349995      0.83984375               0.8895097487191904              1.9137502143875511              0.3397113833140669              0.9547713889679654              1.3999999999999999              1.3999999999999999
      0.127349995      0.84765625               0.9266192902928448              1.9436136826702615              0.3596382404116954              0.9702966584530009              1.3999999999999999              1.3999999999999999
      0.127349995      0.85546875               0.9559269823247704              1.9665302003283314              0.3756018226113614              0.9822973656887349              1.3999999999999999              1.3999999999999999
      0.127349995      0.86328125               0.9765770768101504              1.9823489828997991              0.3869710863555903              0.9906311942616352              1.3999999999999999              1.3999999999999999
      0.127349995      0.87109375               0.9892217781036946              1.9919118087754626              0.3939848228969983              0.9956938666783455              1.3999999999999999              1.3999999999999999
      0.127349995      0.87890625               0.9957916462138374              1.9968479778064778              0.3976468568953593              0.9983184193382163              1.3999999999999999              1.3999999999999999
      0.127349995      0.88671875               0.9986324393605771              1.9989764042027478              0.3992345921606190              0.9994532933865247              1.3999999999999999              1.3999999999999999
      0.127349995      0.89453125               0.9996376286153882              1.9997288191754812              0.3997971066788462              0.9998550855688846              1.3999999999999999              1.3999999999999999
      0.127349995      0.90234375               0.9999236969319586              1.9999429001381903              0.3999572720901344              0.9999694809646815              1.3999999999999999              1.3999999999999999
      0.127349995      0.91015625               0.9999877030801254              1.9999907978458036              0.3999931137812564              0.9999950813125311              1.3999999999999999              1.3999999999999999
      0.127349995      0.91796875               0.9999985734175602              1.9999989324439711              0.3999992011147713              0.9999994293685542              1.3999999999999999              1.3999999999999999
      0.127349995      0.92578125               0.9999998937951449              1.9999999205235690              0.3999999405252878              0.9999999575180704              1.3999999999999999              1.3999999999999999
      0.127349995      0.93359375               0.9999999961851636              1.9999999971452376              0.3999999978636917              0.9999999984740660              1.3999999999999999              1.3999999999999999
      0.127349995      0.94140625               1.0000000000000000              2.0000000000000000              0.3999999999999999              1.0000000000000000              1.3999999999999999              1.3999999999999999
      0.127349995      0.94921875               1.0000000000000000              2.0000000000000000              0.3999999999999999              1.0000000000000000              1.3999999999999999              1.3999999999999999
      0.127349995      0.95703125               1.0000000000000000              2.0000000000000000              0.3999999999999999              1.0000000000000000              1.3999999999999999              1.3999999999999999
      0.127349995      0.96484375               1.0000000000000000              2.0000000000000000              0.3999999999999999              1.0000000000000000              1.3999999999999999              1.3999999999999999
      0.127349995      0.97265625               1.0000000000000000              2.0000000000000000              0.3999999999999999              1.0000000000000000              1.3999999999999999              1.3999999999999999
      0.127349995      0.98046875               1.0000000000000000              2.0000000000000000              0.3999999999999999              1.0000000000000000              1.3999999999999999              1.3999999999999999
      0.127349995      0.98828125               1.0000000000000000              2.0000000000000000              0.3999999999999999              1.0000000000000000              1.3999999999999999              1.3999999999999999
      0.127349995      0.99609375               1.0000000000000000              2.0000000000000000              0.3999999999999999              1.0000000000000000              1.3999999999999999              1.3999999999999999
