      0.121654355      0.00390625               1.0000000000000000             -2.0000000000000000              0.3999999999999999              1.0000000000000000              1.3999999999999999              1.3999999999999999
      0.121654355      0.01171875               1.0000000000000000             -2.0000000000000000              0.3999999999999999              1.0000000000000000              1.3999999999999999              1.3999999999999999
      0.121654355      0.01953125               1.0000000000000000             -2.0000000000000000              0.3999999999999999              1.0000000000000000              1.3999999999999999              1.3999999999999999
      0.121654355      0.02734375               1.0000000000000000             -2.0000000000000000              0.3999999999999999              1.0000000000000000              1.3999999999999999              1.3999999999999999
      0.121654355      0.03515625               1.0000000000000000             -2.0000000000000000              0.3999999999999999              1.0000000000000000              1.3999999999999999              1.3999999999999999
      0.121654355      0.04296875               1.0000000000000000             -2.0000000000000000              0.3999999999999999              1.0000000000000000              1.3999999999999999              1.3999999999999999
      0.121654355      0.05078125               1.0000000000000000             -2.0000000000000000              0.3999999999999999              1.0000000000000000              1.3999999999999999              1.3999999999999999
      0.121654355      0.05859375               1.0000000000000000             -2.0000000000000000              0.3999999999999999              1.0000000000000000              1.3999999999999999              1.3999999999999999
      0.121654355      0.06640625               1.0000000000000000             -2.0000000000000000              0.3999999999999999              1.0000000000000000              1.3999999999999999              1.3999999999999999
      0.121654355      0.07421875               1.0000000000000000             -2.0000000000000000              0.3999999999999999              1.0000000000000000              1.3999999999999999              1.3999999999999999
      0.121654355      0.08203125               1.0000000000000000             -2.0000000000000000              0.3999999999999999              1.0000000000000000              1.3999999999999999              1.3999999999999999
      0.121654355      0.08984375               1.0000000000000000             -2.0000000000000000              0.3999999999999999              1.0000000000000000              1.3999999999999999              1.3999999999999999
      0.121654355      0.09765625               1.0000000000000000             -2.0000000000000000              0.3999999999999999              1.0000000000000000              1.3999999999999999              1.3999999999999999
      0.121654355      0.10546875               1.0000000000000000             -2.0000000000000000              0.3999999999999999              1.0000000000000000              1.3999999999999999              1.3999999999999999
      0.121654355      0.11328125               1.0000000000000000             -2.0000000000000000              0.3999999999999999              1.0000000000000000              1.3999999999999999              1.3999999999999999
      0.121654355      0.12109375               1.0000000000000000             -2.0000000000000000              0.3999999999999999              1.0000000000000000              1.3999999999999999              1.3999999999999999
      0.121654355      0.12890625               1.0000000000000000             -2.0000000000000000              0.3999999999999999              1.0000000000000000              1.3999999999999999              1.3999999999999999
      0.121654355      0.13671875               1.0000000000000000             -2.0000000000000000              0.3999999999999999              1.0000000000000000              1.3999999999999999              1.3999999999999999
      0.121654355      0.14453125               1.0000000000000000             -2.0000000000000000              0.3999999999999999              1.0000000000000000              1.3999999999999999              1.3999999999999999
      0.121654355      0.15234375               1.0000000000000000             -2.0000000000000000              0.3999999999999999              1.0000000000000000              1.3999999999999999              1.3999999999999999
      0.121654355      0.16015625               1.0000000000000000             -2.0000000000000000              0.3999999999999999              1.0000000000000000              1.3999999999999999              1.3999999999999999
      0.121654355      0.16796875               1.0000000000000000             -2.0000000000000000              0.3999999999999999              1.0000000000000000              1.3999999999999999              1.3999999999999999
      0.121654355      0.17578125               1.0000000000000000             -2.0000000000000000              0.3999999999999999              1.0000000000000000              1.3999999999999999              1.3999999999999999
      0.121654355      0.18359375               1.0000000000000000             -2.0000000000000000              0.3999999999999999              1.0000000000000000              1.3999999999999999              1.3999999999999999
      0.121654355      0.19140625               1.0000000000000000             -2.0000000000000000              0.3999999999999999              1.0000000000000000              1.3999999999999999              1.3999999999999999
      0.121654355      0.19921875               1.0000000000000000             -2.0000000000000000              0.3999999999999999              1.0000000000000000              1.3999999999999999              1.3999999999999999
      0.121654355      0.20703125               1.0000000000000000             -2.0000000000000000              0.3999999999999999              1.0000000000000000              1.3999999999999999              1.3999999999999999
      0.121654355      0.21484375               1.0000000000000000             -2.0000000000000000              0.3999999999999999              1.0000000000000000              1.3999999999999999              1.3999999999999999
      0.121654355      0.22265625               1.0000000000000000             -2.0000000000000000              0.3999999999999999              1.0000000000000000              1.3999999999999999              1.3999999999999999
      0.121654355      0.23046875               0.0000000000010000                             NaN              0.0000000000010000              1.0000000000000000              1.3999999999999999              1.3999999999999999
      0.121654355      0.23828125               0.0000000000010000                             NaN              0.0000000000010000              1.0000000000000000              1.3999999999999999              1.3999999999999999
      0.121654355      0.24609375               0.0000000000010000                             NaN              0.0000000000010000              1.0000000000000000              1.3999999999999999              1.3999999999999999
      0.121654355      0.25390625               0.0000000000010000                             NaN              0.0000000000010000              1.0000000000000000              1.3999999999999999              1.3999999999999999
      0.121654355      0.26171875               0.0000000000010000                             NaN              0.0000000000010000              1.0000000000000000              1.3999999999999999              1.3999999999999999
      0.121654355      0.26953125               0.0000000000010000                             NaN              0.0000000000010000              1.0000000000000000              1.3999999999999999              1.3999999999999999
      0.121654355      0.27734375               0.0000000000010000                             NaN              0.0000000000010000              1.0000000000000000              1.3999999999999999              1.3999999999999999
      0.121654355      0.28515625               0.0000000000010000                             NaN              0.0000000000010000              1.0000000000000000              1.3999999999999999              1.3999999999999999
      0.121654355      0.29296875               0.0000000000010000                             NaN              0.0000000000010000              1.0000000000000000              1.3999999999999999              1.3999999999999999
      0.121654355      0.30078125               0.0000000000010000                             NaN              0.0000000000010000              1.0000000000000000              1.3999999999999999              1.3999999999999999
      0.121654355      0.30859375               0.0000000000010000                             NaN              0.0000000000010000              1.0000000000000000              1.3999999999999999              1.3999999999999999
      0.121654355      0.31640625               0.0000000000010000                             NaN              0.0000000000010000              1.0000000000000000              1.3999999999999999              1.3999999999999999
      0.121654355      0.32421875               0.0000000000010000                             NaN              0.0000000000010000              1.0000000000000000              1.3999999999999999              1.3999999999999999
      0.121654355      0.33203125               0.0000000000010000                             NaN              0.0000000000010000              1.0000000000000000              1.3999999999999999              1.3999999999999999
      0.121654355      0.33984375               0.0000000000010000                             NaN              0.0000000000010000              1.0000000000000000              1.3999999999999999              1.3999999999999999
      0.121654355      0.34765625               0.0000000000010000                             NaN              0.0000000000010000              1.0000000000000000              1.3999999999999999              1.3999999999999999
      0.121654355      0.35546875               0.0000000000010000                             NaN              0.0000000000010000              1.0000000000000000              1.3999999999999999              1.3999999999999999
      0.121654355      0.36328125               0.0000000000010000                             NaN              0.0000000000010000              1.0000000000000000              1.3999999999999999              1.3999999999999999
      0.121654355      0.37109375               0.0000000000010000                             NaN              0.0000000000010000              1.0000000000000000              1.3999999999999999              1.3999999999999999
      0.121654355      0.37890625               0.0000000000010000                             NaN              0.0000000000010000              1.0000000000000000              1.3999999999999999              1.3999999999999999
      0.121654355      0.38671875               0.0000000000010000                             NaN              0.0000000000010000              1.0000000000000000              1.3999999999999999              1.3999999999999999
      0.121654355      0.39453125               0.0000000000010000                             NaN              0.0000000000010000              1.0000000000000000              1.3999999999999999              1.3999999999999999
      0.121654355      0.40234375               0.0000000000010000                             NaN              0.0000000000010000              1.0000000000000000              1.3999999999999999              1.3999999999999999
      0.121654355      0.41015625               0.0000000000010000                             NaN              0.0000000000010000              1.0000000000000000              1.3999999999999999              1.3999999999999999
      0.121654355      0.41796875               0.0000000000010000                             NaN              0.0000000000010000              1.0000000000000000              1.3999999999999999              1.3999999999999999
      0.121654355      0.42578125               0.0000000000010000                             NaN              0.0000000000010000              1.0000000000000000              1.3999999999999999              1.3999999999999999
      0.121654355      0.43359375               0.0000000000010000                             NaN              0.0000000000010000              1.0000000000000000              1.3999999999999999              1.3999999999999999
      0.121654355      0.44140625               0.0000000000010000                             NaN              0.0000000000010000              1.0000000000000000              1.3999999999999999              1.3999999999999999
      0.121654355      0.44921875               0.0000000000010000                             NaN              0.0000000000010000              1.0000000000000000              1.3999999999999999              1.3999999999999999
      0.121654355      0.45703125               0.0000000000010000                             NaN              0.0000000000010000              1.0000000000000000              1.3999999999999999              1.3999999999999999
      0.121654355      0.46484375               0.0000000000010000                             NaN              0.0000000000010000              1.0000000000000000              1.3999999999999999              1.3999999999999999
      0.121654355      0.47265625               0.0000000000010000                             NaN              0.0000000000010000              1.0000000000000000              1.3999999999999999              1.3999999999999999
      0.121654355      0.48046875               0.0000000000010000                             NaN              0.0000000000010000              1.0000000000000000              1.3999999999999999              1.3999999999999999
      0.121654355      0.48828125               0.0000000000010000                             NaN              0.0000000000010000              1.0000000000000000              1.3999999999999999              1.3999999999999999
      0.121654355      0.49609375               0.0000000000010000                             NaN              0.0000000000010000              1.0000000000000000              1.3999999999999999              1.3999999999999999
      0.121654355      0.50390625               0.0000000000010000                             NaN              0.0000000000010000              1.0000000000000000              1.3999999999999999              1.3999999999999999
      0.121654355      0.51171875               0.0000000000010000                             NaN              0.0000000000010000              1.0000000000000000              1.3999999999999999              1.3999999999999999
      0.121654355      0.51953125               0.0000000000010000                             NaN              0.0000000000010000              1.0000000000000000              1.3999999999999999              1.3999999999999999
      0.121654355      0.52734375               0.0000000000010000                             NaN              0.0000000000010000              1.0000000000000000              1.3999999999999999              1.3999999999999999
      0.121654355      0.53515625               0.0000000000010000                             NaN              0.0000000000010000              1.0000000000000000              1.3999999999999999              1.3999999999999999
      0.121654355      0.54296875               0.0000000000010000                             NaN              0.0000000000010000              1.0000000000000000              1.3999999999999999              1.3999999999999999
      0.121654355      0.55078125               0.0000000000010000                             NaN              0.0000000000010000              1.0000000000000000              1.3999999999999999              1.3999999999999999
      0.121654355      0.55859375               0.0000000000010000                             NaN              0.0000000000010000              1.0000000000000000              1.3999999999999999              1.3999999999999999
      0.121654355      0.56640625               0.0000000000010000                             NaN              0.0000000000010000              1.0000000000000000              1.3999999999999999              1.3999999999999999
      0.121654355      0.57421875               0.0000000000010000                             NaN              0.0000000000010000              1.0000000000000000              1.3999999999999999              1.3999999999999999
      0.121654355      0.58203125               0.0000000000010000                             NaN              0.0000000000010000              1.0000000000000000              1.3999999999999999              1.3999999999999999
      0.121654355      0.58984375               0.0000000000010000                             NaN              0.0000000000010000              1.0000000000000000              1.3999999999999999              1.3999999999999999
      0.121654355      0.59765625               0.0000000000010000                             NaN              0.0000000000010000              1.0000000000000000              1.3999999999999999              1.3999999999999999
      0.121654355      0.60546875               0.0000000000010000                             NaN              0.0000000000010000              1.0000000000000000              1.3999999999999999              1.3999999999999999
      0.121654355      0.61328125               0.0000000000010000                             NaN              0.0000000000010000              1.0000000000000000              1.3999999999999999              1.3999999999999999
      0.121654355      0.62109375               0.0000000000010000                             NaN              0.0000000000010000              1.0000000000000000              1.3999999999999999              1.3999999999999999
      0.121654355      0.62890625               0.0000000000010000                             NaN              0.0000000000010000              1.0000000000000000              1.3999999999999999              1.3999999999999999
      0.121654355      0.63671875               0.0000000000010000                             NaN              0.0000000000010000              1.0000000000000000              1.3999999999999999              1.3999999999999999
      0.121654355      0.64453125               0.0000000000010000                             NaN              0.0000000000010000              1.0000000000000000              1.3999999999999999              1.3999999999999999
      0.121654355      0.65234375               0.0000000000010000                             NaN              0.0000000000010000              1.0000000000000000              1.3999999999999999              1.3999999999999999
      0.121654355      0.66015625               0.0000000000010000                             NaN              0.0000000000010000              1.0000000000000000              1.3999999999999999              1.3999999999999999
      0.121654355      0.66796875               0.0000000000010000                             NaN              0.0000000000010000              1.0000000000000000              1.3999999999999999              1.3999999999999999
      0.121654355      0.67578125               0.0000000000010000                             NaN              0.0000000000010000              1.0000000000000000              1.3999999999999999              1.3999999999999999
      0.121654355      0.68359375               0.0000000000010000                             NaN              0.0000000000010000              1.0000000000000000              1.3999999999999999              1.3999999999999999
      0.121654355      0.69140625               0.0000000000010000                             NaN              0.0000000000010000              1.0000000000000000              1.3999999999999999              1.3999999999999999
      0.121654355      0.69921875               0.0000000000010000                             NaN              0.0000000000010000              1.0000000000000000              1.3999999999999999              1.3999999999999999
      0.121654355      0.70703125               0.0000000000010000                             NaN              0.0000000000010000              1.0000000000000000              1.3999999999999999              1.3999999999999999
      0.121654355      0.71484375               0.0000000000010000                             NaN              0.0000000000010000              1.0000000000000000              1.3999999999999999              1.3999999999999999
      0.121654355      0.72265625               0.0000000000010000                             NaN              0.0000000000010000              1.0000000000000000              1.3999999999999999              1.3999999999999999
      0.121654355      0.73046875               0.0000000000010000                             NaN              0.0000000000010000              1.0000000000000000              1.3999999999999999              1.3999999999999999
      0.121654355      0.73828125               0.0000000000010000                             NaN              0.0000000000010000              1.0000000000000000              1.3999999999999999              1.3999999999999999
      0.121654355      0.74609375               0.0000000000010000                             NaN              0.0000000000010000              1.0000000000000000              1.3999999999999999              1.3999999999999999
      0.121654355      0.75390625               0.0000000000010000                             NaN              0.0000000000010000              1.0000000000000000              1.3999999999999999              1.3999999999999999
      0.121654355      0.76171875               0.5136930205277722              1.5094021471094450              0.1508289081649574              0.7340420355039800              1.3999999999999999              1.3999999999999999
      0.121654355      0.76953125               0.5444791771158179              1.5517118207229033              0.1631014380816494              0.7488873998158223              1.3999999999999999              1.3999999999999999
      0.121654355      0.77734375               0.5797377720428011              1.5903483071078379              0.1773522816320454              0.7647952668631353              1.3999999999999999              1.3999999999999999
      0.121654355      0.78515625               0.6108645760725758              1.6300302455788305              0.1938441992509541              0.7933190384734464              1.3999999999999999              1.3999999999999999
      0.121654355      0.79296875               0.6430702075553870              1.6694670955044613              0.2090382381489276              0.8126571395041785              1.3999999999999999              1.3999999999999999
      0.121654355      0.80078125               0.6792093212727668              1.7090437773037765              0.2284326047944652              0.8408034078743450              1.3999999999999999              1.3999999999999999
      0.121654355      0.80859375               0.7191757689063918              1.7534213473083322              0.2502854838204533              0.8700428137374808              1.3999999999999999              1.3999999999999999
      0.121654355      0.81640625               0.7583264529650123              1.7932667508965838              0.2727846366557480              0.8992981702971590              1.3999999999999999              1.3999999999999999
      0.121654355      0.82421875               0.7998348035105034              1.8393199528661419              0.2982161044109038              0.9321178045204547              1.3999999999999999              1.3999999999999999
      0.121654355      0.83203125               0.8453761586659663              1.8798859618429578              0.3226005992814533              0.9540149552789869              1.3999999999999999              1.3999999999999999
      0.121654355      0.83984375               0.9486372155142653              1.9879904749146273              0.4027242075550591              1.0613230246737120              1.3999999999999999              1.3999999999999999
      0.121654355      0.84765625               1.1364720763874818              2.1359227592223293              0.5201334727289146              1.1441844536609065              1.3999999999999999              1.3999999999999999
      0.121654355      0.85546875               1.1209265003372784              2.0970813282851890              0.4788738677873434              1.0680313732507303              1.3999999999999999              1.3999999999999999
      0.121654355      0.86328125               1.0774181112178445              2.0521682437722055              0.4370939340843926              1.0142161374805778              1.3999999999999999              1.3999999999999999
      0.121654355      0.87109375               0.9839364021368259              1.9746629536003713              0.3782399460572057              0.9610375864633572              1.3999999999999999              1.3999999999999999
      0.121654355      0.87890625               0.9856784600630364              1.9860517014730223              0.3893209380805950              0.9874440648111990              1.3999999999999999              1.3999999999999999
      0.121654355      0.88671875               0.9912454703788915              1.9925036986249733              0.3945427580479680              0.9950682495859449              1.3999999999999999              1.3999999999999999
      0.121654355      0.89453125               0.9991332807646559              2.0001832055722093              0.4005303014336782              1.0021943747263247              1.3999999999999999              1.3999999999999999
      0.121654355      0.90234375               1.0004661037858080              2.0006209549351830              0.4005090586427066              1.0008061670634383              1.3999999999999999              1.3999999999999999
      0.121654355      0.91015625               1.0001971641073135              2.0001815972660126              0.4001363850441863              1.0001437701568379              1.3999999999999999              1.3999999999999999
      0.121654355      0.91796875               1.0000186636535979              2.0000076521201589              0.4000014506458487              0.9999849632416649              1.3999999999999999              1.3999999999999999
      0.121654355      0.92578125               0.9999992930660149              1.9999970632073307              0.3999970760253342              0.9999933969926530              1.3999999999999999              1.3999999999999999
      0.121654355      0.93359375               0.9999992181210605              1.9999989758682799              0.3999991783609841              0.9999987277804053              1.3999999999999999              1.3999999999999999
      0.121654355      0.94140625               0.9999997234727398              1.9999997251885631              0.3999997877301413              0.9999997458525435              1.3999999999999999              1.3999999999999999
      0.121654355      0.94921875               0.9999999690824476              1.9999999803997881              0.3999999903064871              1.0000000066837706              1.3999999999999999              1.3999999999999999
      0.121654355      0.95703125               1.0000000002809115              2.0000000021004873              0.4000000021861479              1.0000000051844584              1.3999999999999999              1.3999999999999999
      0.121654355      0.96484375               1.0000000002619434              2.0000000003501164              0.4000000002802295              1.0000000004386305              1.3999999999999999              1.3999999999999999
      0.121654355      0.97265625               1.0000000000336484              2.0000000000352958              0.4000000000267827              1.0000000000333087              1.3999999999999999              1.3999999999999999
      0.121654355      0.98046875               1.0000000000023155              2.0000000000018852              0.4000000000011663              1.0000000000006004              1.3999999999999999              1.3999999999999999
      0.121654355      0.98828125               1.0000000000000586              2.0000000000000084              0.3999999999999860              0.9999999999999067              1.3999999999999999              1.3999999999999999
      0.121654355      0.99609375               0.9999999999999976              1.9999999999999951              0.3999999999999955              0.9999999999999913              1.3999999999999999              1.3999999999999999
