      0.120527674      0.00390625               1.0000000000000000             -2.0000000000000000              0.3999999999999999              1.0000000000000000              1.3999999999999999              1.3999999999999999
      0.120527674      0.01171875               1.0000000000000000             -2.0000000000000000              0.3999999999999999              1.0000000000000000              1.3999999999999999              1.3999999999999999
      0.120527674      0.01953125               1.0000000000000000             -2.0000000000000000              0.3999999999999999              1.0000000000000000              1.3999999999999999              1.3999999999999999
      0.120527674      0.02734375               1.0000000000000000             -2.0000000000000000              0.3999999999999999              1.0000000000000000              1.3999999999999999              1.3999999999999999
      0.120527674      0.03515625               1.0000000000000000             -2.0000000000000000              0.3999999999999999              1.0000000000000000              1.3999999999999999              1.3999999999999999
      0.120527674      0.04296875               1.0000000000000000             -2.0000000000000000              0.3999999999999999              1.0000000000000000              1.3999999999999999              1.3999999999999999
      0.120527674      0.05078125               1.0000000000000000             -2.0000000000000000              0.3999999999999999              1.0000000000000000              1.3999999999999999              1.3999999999999999
      0.120527674      0.05859375               1.0000000000000000             -2.0000000000000000              0.3999999999999999              1.0000000000000000              1.3999999999999999              1.3999999999999999
      0.120527674      0.06640625               1.0000000000000000             -2.0000000000000000              0.3999999999999999              1.0000000000000000              1.3999999999999999              1.3999999999999999
      0.120527674      0.07421875               1.0000000000000000             -2.0000000000000000              0.3999999999999999              1.0000000000000000              1.3999999999999999              1.3999999999999999
      0.120527674      0.08203125               1.0000000000000000             -2.0000000000000000              0.3999999999999999              1.0000000000000000              1.3999999999999999              1.3999999999999999
      0.120527674      0.08984375               0.9999999897793516             -1.9999999923515672              0.3999999942764370              0.9999999959117410              1.3999999999999999              1.3999999999999999
      0.120527674      0.09765625               0.9999997307885458             -1.9999997985406264              0.3999998492416281              0.9999998923154957              1.3999999999999999              1.3999999999999999
      0.120527674      0.10546875               0.9999965859855642             -1.9999974451882725              0.3999980881571399              0.9999986344026236              1.3999999999999999              1.3999999999999999
      0.120527674      0.11328125               0.9999722845486564             -1.9999792597321469              0.3999844796241763              0.9999889142045367              1.3999999999999999              1.3999999999999999
      0.120527674      0.12109375               0.9998384840134008             -1.9998791325792407              0.3999095588409376              0.9999354026554396              1.3999999999999999              1.3999999999999999
      0.120527674      0.12890625               0.9992817747197976             -1.9994624931513163              0.3995979242913142              0.9997128297555589              1.3999999999999999              1.3999999999999999
      0.120527674      0.13671875               0.9974693356162622             -1.9981054107012801              0.3985842230272907              0.9989886625964177              1.3999999999999999              1.3999999999999999
      0.120527674      0.14453125               0.9927432722995981             -1.9945605303796441              0.3959462814605904              0.9971013969790432              1.3999999999999999              1.3999999999999999
      0.120527674      0.15234375               0.9826797630115522             -1.9869767038117081              0.3903517197419324              0.9930796746685003              1.3999999999999999              1.3999999999999999
      0.120527674      0.16015625               0.9648216911185450             -1.9733818246961807              0.3804900958966149              0.9859078091815652              1.3999999999999999              1.3999999999999999
      0.120527674      0.16796875               0.9377732846576801             -1.9524164918908098              0.3656985325283435              0.9749118963807875              1.3999999999999999              1.3999999999999999
      0.120527674      0.17578125               0.9018198760402030             -1.9237937089479982              0.3463015414101571              0.9600075098442360              1.3999999999999999              1.3999999999999999
      0.120527674      0.18359375               0.8586719008365081             -1.8882066569874285              0.3234227773918465              0.9416366631910625              1.3999999999999999              1.3999999999999999
      0.120527674      0.19140625               0.8106563006677862             -1.8468687747443171              0.2984893532525328              0.9205175886705912              1.3999999999999999              1.3999999999999999
      0.120527674      0.19921875               0.7599436302567899             -1.8010145872053114              0.2727824760916178              0.8973773357355562              1.3999999999999999              1.3999999999999999
      0.120527674      0.20703125               0.7080581034235839             -1.7514972980191899              0.2471813298871333              0.8727438069417210              1.3999999999999999              1.3999999999999999
      0.120527674      0.21484375               0.6557918626540936             -1.6986054406428921              0.2221438796153238              0.8468535989310403              1.3999999999999999              1.3999999999999999
      0.120527674      0.22265625               0.6054194219188626             -1.6443678447121852              0.1987663903278307              0.8207797071402390              1.3999999999999999              1.3999999999999999
      0.120527674      0.23046875               0.5580118597623129             -1.5899852659686025              0.1774817161861364              0.7951520791230824              1.3999999999999999              1.3999999999999999
      0.120527674      0.23828125               0.5135771845693796             -1.5356205103894598              0.1581947874672969              0.7700633527944729              1.3999999999999999              1.3999999999999999
      0.120527674      0.24609375               0.4720464508480713             -1.4813716535336896              0.1407771765613551              0.7455684515180500              1.3999999999999999              1.3999999999999999
      0.120527674      0.25390625               0.4333134304527053             -1.4272930400522972              0.1250871682684731              0.7216898870281265              1.3999999999999999              1.3999999999999999
      0.120527674      0.26171875               0.3972639603130075             -1.3734165342786988              0.1109827533364402              0.6984194668010909              1.3999999999999999              1.3999999999999999
      0.120527674      0.26953125               0.3637660421995523             -1.3197623081449088              0.0983269528322486              0.6757568149964166              1.3999999999999999              1.3999999999999999
      0.120527674      0.27734375               0.3326460609310598             -1.2663423291655997              0.0869908425909148              0.6537792928272755              1.3999999999999999              1.3999999999999999
      0.120527674      0.28515625               0.3037416487838026             -1.2131631693065437              0.0768546262547982              0.6325657558201860              1.3999999999999999              1.3999999999999999
      0.120527674      0.29296875               0.2768995863357452             -1.1602253490008492              0.0678074121811099              0.6122021802056102              1.3999999999999999              1.3999999999999999
      0.120527674      0.30078125               0.2519737168994930             -1.1075221164508784              0.0597469587667793              0.5927895923229475              1.3999999999999999              1.3999999999999999
      0.120527674      0.30859375               0.2288274244578342             -1.0550388577521670              0.0525792963375344              0.5744426882192081              1.3999999999999999              1.3999999999999999
      0.120527674      0.31640625               0.2073366797946504             -1.0027534033659871              0.0462182690138020              0.5572852456639287              1.3999999999999999              1.3999999999999999
      0.120527674      0.32421875               0.1873900864240798             -0.9506378396714948              0.0405850604328356              0.5414515411048494              1.3999999999999999              1.3999999999999999
      0.120527674      0.33203125               0.1688839676571801             -0.8986617482285545              0.0356078139599213              0.5271047106170866              1.3999999999999999              1.3999999999999999
      0.120527674      0.33984375               0.1517136263011440             -0.8467964100501572              0.0312214749408805              0.5144804013666420              1.3999999999999999              1.3999999999999999
      0.120527674      0.34765625               0.1357653382513802             -0.7950195547849568              0.0273678533439372              0.5039550907548926              1.3999999999999999              1.3999999999999999
      0.120527674      0.35546875               0.1209137091958256             -0.7433199747411670              0.0239956956996516              0.4961326523527088              1.3999999999999999              1.3999999999999999
      0.120527674      0.36328125               0.1070254861713589             -0.6916997589786967              0.0210603790849467              0.4919477555847512              1.3999999999999999              1.3999999999999999
      0.120527674      0.37109375               0.0940023106406305             -0.6401792992116745              0.0185224892084298              0.4926072849219900              1.3999999999999999              1.3999999999999999
      0.120527674      0.37890625               0.0823813768088912             -0.5887982611656155              0.0163443933368388              0.4959978204404940              1.3999999999999999              1.3999999999999999
      0.120527674      0.38671875               0.0723035674281676             -0.5376739733639052              0.0144814760985732              0.5007178972517620              1.3999999999999999              1.3999999999999999
      0.120527674      0.39453125               0.0636001523250676             -0.4868609346675867              0.0128947565299967              0.5068681464821875              1.3999999999999999              1.3999999999999999
      0.120527674      0.40234375               0.0561075904387868             -0.4366663911173951              0.0115439810654553              0.5143680638918960              1.3999999999999999              1.3999999999999999
      0.120527674      0.41015625               0.0496937111738830             -0.3873830770376963              0.0103983536588100              0.5231222127094309              1.3999999999999999              1.3999999999999999
      0.120527674      0.41796875               0.0442466711903011             -0.3393829808983626              0.0094326749622780              0.5329595825248010              1.3999999999999999              1.3999999999999999
      0.120527674      0.42578125               0.0396708534023029             -0.2931358909732564              0.0086263811089718              0.5436221034553719              1.3999999999999999              1.3999999999999999
      0.120527674      0.43359375               0.0358827390760725             -0.2491919416323696              0.0079627453892470              0.5547754710395510              1.3999999999999999              1.3999999999999999
      0.120527674      0.44140625               0.0328066530581113             -0.2081315239883976              0.0074276632301361              0.5660180586677988              1.3999999999999999              1.3999999999999999
      0.120527674      0.44921875               0.0303709341940241             -0.1704667644819784              0.0070081420180630              0.5768790295757472              1.3999999999999999              1.3999999999999999
      0.120527674      0.45703125               0.0285048638764968             -0.1365024099248884              0.0066908424674381              0.5868158585520346              1.3999999999999999              1.3999999999999999
      0.120527674      0.46484375               0.0271363602264524             -0.1062112220361017              0.0064611297379287              0.5952465330658473              1.3999999999999999              1.3999999999999999
      0.120527674      0.47265625               0.0261908147932719             -0.0791983071651137              0.0063031661202186              0.6016580784113095              1.3999999999999999              1.3999999999999999
      0.120527674      0.48046875               0.0255915578639073             -0.0547880282830350              0.0062012002066736              0.6057857282126793              1.3999999999999999              1.3999999999999999
      0.120527674      0.48828125               0.0252620903125113             -0.0321857085961480              0.0061415277164686              0.6077810308344636              1.3999999999999999              1.3999999999999999
      0.120527674      0.49609375               0.0251296897865772             -0.0106176700030398              0.0061142449067181              0.6082690393957791              1.3999999999999999              1.3999999999999999
      0.120527674      0.50390625               0.0251296897865772              0.0106176700030397              0.0061142449067181              0.6082690393957793              1.3999999999999999              1.3999999999999999
      0.120527674      0.51171875               0.0252620903125113              0.0321857085961481              0.0061415277164686              0.6077810308344632              1.3999999999999999              1.3999999999999999
      0.120527674      0.51953125               0.0255915578639073              0.0547880282830350              0.0062012002066736              0.6057857282126790              1.3999999999999999              1.3999999999999999
      0.120527674      0.52734375               0.0261908147932719              0.0791983071651136              0.0063031661202186              0.6016580784113095              1.3999999999999999              1.3999999999999999
      0.120527674      0.53515625               0.0271363602264523              0.1062112220361016              0.0064611297379287              0.5952465330658476              1.3999999999999999              1.3999999999999999
      0.120527674      0.54296875               0.0285048638764968              0.1365024099248883              0.0066908424674381              0.5868158585520344              1.3999999999999999              1.3999999999999999
      0.120527674      0.55078125               0.0303709341940241              0.1704667644819785              0.0070081420180630              0.5768790295757471              1.3999999999999999              1.3999999999999999
      0.120527674      0.55859375               0.0328066530581113              0.2081315239883979              0.0074276632301361              0.5660180586677985              1.3999999999999999              1.3999999999999999
      0.120527674      0.56640625               0.0358827390760725              0.2491919416323697              0.0079627453892470              0.5547754710395509              1.3999999999999999              1.3999999999999999
      0.120527674      0.57421875               0.0396708534023029              0.2931358909732563              0.0086263811089718              0.5436221034553721              1.3999999999999999              1.3999999999999999
      0.120527674      0.58203125               0.0442466711903010              0.3393829808983623              0.0094326749622780              0.5329595825248015              1.3999999999999999              1.3999999999999999
      0.120527674      0.58984375               0.0496937111738830              0.3873830770376965              0.0103983536588100              0.5231222127094312              1.3999999999999999              1.3999999999999999
      0.120527674      0.59765625               0.0561075904387868              0.4366663911173956              0.0115439810654553              0.5143680638918958              1.3999999999999999              1.3999999999999999
      0.120527674      0.60546875               0.0636001523250677              0.4868609346675866              0.0128947565299967              0.5068681464821871              1.3999999999999999              1.3999999999999999
      0.120527674      0.61328125               0.0723035674281677              0.5376739733639045              0.0144814760985732              0.5007178972517620              1.3999999999999999              1.3999999999999999
      0.120527674      0.62109375               0.0823813768088912              0.5887982611656158              0.0163443933368388              0.4959978204404933              1.3999999999999999              1.3999999999999999
      0.120527674      0.62890625               0.0940023106406307              0.6401792992116745              0.0185224892084298              0.4926072849219892              1.3999999999999999              1.3999999999999999
      0.120527674      0.63671875               0.1070254861713588              0.6916997589786965              0.0210603790849467              0.4919477555847520              1.3999999999999999              1.3999999999999999
      0.120527674      0.64453125               0.1209137091958254              0.7433199747411672              0.0239956956996516              0.4961326523527097              1.3999999999999999              1.3999999999999999
      0.120527674      0.65234375               0.1357653382513800              0.7950195547849568              0.0273678533439372              0.5039550907548933              1.3999999999999999              1.3999999999999999
      0.120527674      0.66015625               0.1517136263011439              0.8467964100501574              0.0312214749408805              0.5144804013666424              1.3999999999999999              1.3999999999999999
      0.120527674      0.66796875               0.1688839676571799              0.8986617482285546              0.0356078139599213              0.5271047106170867              1.3999999999999999              1.3999999999999999
      0.120527674      0.67578125               0.1873900864240797              0.9506378396714951              0.0405850604328355              0.5414515411048488              1.3999999999999999              1.3999999999999999
      0.120527674      0.68359375               0.2073366797946503              1.0027534033659873              0.0462182690138020              0.5572852456639280              1.3999999999999999              1.3999999999999999
      0.120527674      0.69140625               0.2288274244578344              1.0550388577521670              0.0525792963375344              0.5744426882192077              1.3999999999999999              1.3999999999999999
      0.120527674      0.69921875               0.2519737168994931              1.1075221164508784              0.0597469587667793              0.5927895923229471              1.3999999999999999              1.3999999999999999
      0.120527674      0.70703125               0.2768995863357454              1.1602253490008498              0.0678074121811099              0.6122021802056096              1.3999999999999999              1.3999999999999999
      0.120527674      0.71484375               0.3037416487838026              1.2131631693065443              0.0768546262547980              0.6325657558201847              1.3999999999999999              1.3999999999999999
      0.120527674      0.72265625               0.3326460609310596              1.2663423291656004              0.0869908425909146              0.6537792928272745              1.3999999999999999              1.3999999999999999
      0.120527674      0.73046875               0.3637660421995521              1.3197623081449092              0.0983269528322484              0.6757568149964157              1.3999999999999999              1.3999999999999999
      0.120527674      0.73828125               0.3972639603130078              1.3734165342786993              0.1109827533364402              0.6984194668010908              1.3999999999999999              1.3999999999999999
      0.120527674      0.74609375               0.4333134304527053              1.4272930400522974              0.1250871682684732              0.7216898870281271              1.3999999999999999              1.3999999999999999
      0.120527674      0.75390625               0.4720464508480712              1.4813716535336898              0.1407771765613550              0.7455684515180497              1.3999999999999999              1.3999999999999999
      0.120527674      0.76171875               0.5135771845693795              1.5356205103894596              0.1581947874672968              0.7700633527944726              1.3999999999999999              1.3999999999999999
      0.120527674      0.76953125               0.5580118597623130              1.5899852659686027              0.1774817161861363              0.7951520791230818              1.3999999999999999              1.3999999999999999
      0.120527674      0.77734375               0.6054194219188629              1.6443678447121857              0.1987663903278303              0.8207797071402371              1.3999999999999999              1.3999999999999999
      0.120527674      0.78515625               0.6557918626540933              1.6986054406428912              0.2221438796153237              0.8468535989310403              1.3999999999999999              1.3999999999999999
      0.120527674      0.79296875               0.7080581034235838              1.7514972980191905              0.2471813298871331              0.8727438069417206              1.3999999999999999              1.3999999999999999
      0.120527674      0.80078125               0.7599436302567899              1.8010145872053116              0.2727824760916177              0.8973773357355557              1.3999999999999999              1.3999999999999999
      0.120527674      0.80859375               0.8106563006677863              1.8468687747443171              0.2984893532525330              0.9205175886705914              1.3999999999999999              1.3999999999999999
      0.120527674      0.81640625               0.8586719008365081              1.8882066569874283              0.3234227773918467              0.9416366631910631              1.3999999999999999              1.3999999999999999
      0.120527674      0.82421875               0.9018198760402031              1.9237937089479982              0.3463015414101568              0.9600075098442351              1.3999999999999999              1.3999999999999999
      0.120527674      0.83203125               0.9377732846576801              1.9524164918908098              0.3656985325283435              0.9749118963807875              1.3999999999999999              1.3999999999999999
      0.120527674      0.83984375               0.9648216911185450              1.9733818246961807              0.3804900958966149              0.9859078091815652              1.3999999999999999              1.3999999999999999
      0.120527674      0.84765625               0.9826797630115522              1.9869767038117081              0.3903517197419324              0.9930796746685003              1.3999999999999999              1.3999999999999999
      0.120527674      0.85546875               0.9927432722995981              1.9945605303796441              0.3959462814605904              0.9971013969790432              1.3999999999999999              1.3999999999999999
      0.120527674      0.86328125               0.9974693356162622              1.9981054107012801              0.3985842230272907              0.9989886625964177              1.3999999999999999              1.3999999999999999
      0.120527674      0.87109375               0.9992817747197976              1.9994624931513163              0.3995979242913142              0.9997128297555589              1.3999999999999999              1.3999999999999999
      0.120527674      0.87890625               0.9998384840134008              1.9998791325792407              0.3999095588409376              0.9999354026554396              1.3999999999999999              1.3999999999999999
      0.120527674      0.88671875               0.9999722845486564              1.9999792597321469              0.3999844796241763              0.9999889142045367              1.3999999999999999              1.3999999999999999
      0.120527674      0.89453125               0.9999965859855642              1.9999974451882725              0.3999980881571399              0.9999986344026236              1.3999999999999999              1.3999999999999999
      0.120527674      0.90234375               0.9999997307885458              1.9999997985406264              0.3999998492416281              0.9999998923154957              1.3999999999999999              1.3999999999999999
      0.120527674      0.91015625               0.9999999897793516              1.9999999923515672              0.3999999942764370              0.9999999959117410              1.3999999999999999              1.3999999999999999
      0.120527674      0.91796875               1.0000000000000000              2.0000000000000000              0.3999999999999999              1.0000000000000000              1.3999999999999999              1.3999999999999999
      0.120527674      0.92578125               1.0000000000000000              2.0000000000000000              0.3999999999999999              1.0000000000000000              1.3999999999999999              1.3999999999999999
      0.120527674      0.93359375               1.0000000000000000              2.0000000000000000              0.3999999999999999              1.0000000000000000              1.3999999999999999              1.3999999999999999
      0.120527674      0.94140625               1.0000000000000000              2.0000000000000000              0.3999999999999999              1.0000000000000000              1.3999999999999999              1.3999999999999999
      0.120527674      0.94921875               1.0000000000000000              2.0000000000000000              0.3999999999999999              1.0000000000000000              1.3999999999999999              1.3999999999999999
      0.120527674      0.95703125               1.0000000000000000              2.0000000000000000              0.3999999999999999              1.0000000000000000              1.3999999999999999              1.3999999999999999
      0.120527674      0.96484375               1.0000000000000000              2.0000000000000000              0.3999999999999999              1.0000000000000000              1.3999999999999999              1.3999999999999999
      0.120527674      0.97265625               1.0000000000000000              2.0000000000000000              0.3999999999999999              1.0000000000000000              1.3999999999999999              1.3999999999999999
      0.120527674      0.98046875               1.0000000000000000              2.0000000000000000              0.3999999999999999              1.0000000000000000              1.3999999999999999              1.3999999999999999
      0.120527674      0.98828125               1.0000000000000000              2.0000000000000000              0.3999999999999999              1.0000000000000000              1.3999999999999999              1.3999999999999999
      0.120527674      0.99609375               1.0000000000000000              2.0000000000000000              0.3999999999999999              1.0000000000000000              1.3999999999999999              1.3999999999999999
