      0.063674998      0.00390625               1.0000000000000000             -2.0000000000000000              0.3999999999999999              1.0000000000000000              1.3999999999999999              1.3999999999999999
      0.063674998      0.01171875               1.0000000000000000             -2.0000000000000000              0.3999999999999999              1.0000000000000000              1.3999999999999999              1.3999999999999999
      0.063674998      0.01953125               1.0000000000000000             -2.0000000000000000              0.3999999999999999              1.0000000000000000              1.3999999999999999              1.3999999999999999
      0.063674998      0.02734375               1.0000000000000000             -2.0000000000000000              0.3999999999999999              1.0000000000000000              1.3999999999999999              1.3999999999999999
      0.063674998      0.03515625               1.0000000000000000             -2.0000000000000000              0.3999999999999999              1.0000000000000000              1.3999999999999999              1.3999999999999999
      0.063674998      0.04296875               1.0000000000000000             -2.0000000000000000              0.3999999999999999              1.0000000000000000              1.3999999999999999              1.3999999999999999
      0.063674998      0.05078125               1.0000000000000000             -2.0000000000000000              0.3999999999999999              1.0000000000000000              1.3999999999999999              1.3999999999999999
      0.063674998      0.05859375               1.0000000000000000             -2.0000000000000000              0.3999999999999999              1.0000000000000000              1.3999999999999999              1.3999999999999999
      0.063674998      0.06640625               1.0000000000000000             -2.0000000000000000              0.3999999999999999              1.0000000000000000              1.3999999999999999              1.3999999999999999
      0.063674998      0.07421875               1.0000000000000000             -2.0000000000000000              0.3999999999999999              1.0000000000000000              1.3999999999999999              1.3999999999999999
      0.063674998      0.08203125               1.0000000000000000             -2.0000000000000000              0.3999999999999999              1.0000000000000000              1.3999999999999999              1.3999999999999999
      0.063674998      0.08984375               1.0000000000000000             -2.0000000000000000              0.3999999999999999              1.0000000000000000              1.3999999999999999              1.3999999999999999
      0.063674998      0.09765625               1.0000000000000000             -2.0000000000000000              0.3999999999999999              1.0000000000000000              1.3999999999999999              1.3999999999999999
      0.063674998      0.10546875               1.0000000000000000             -2.0000000000000000              0.3999999999999999              1.0000000000000000              1.3999999999999999              1.3999999999999999
      0.063674998      0.11328125               1.0000000000000000             -2.0000000000000000              0.3999999999999999              1.0000000000000000              1.3999999999999999              1.3999999999999999
      0.063674998      0.12109375               1.0000000000000000             -2.0000000000000000              0.3999999999999999              1.0000000000000000              1.3999999999999999              1.3999999999999999
      0.063674998      0.12890625               1.0000000000000000             -2.0000000000000000              0.3999999999999999              1.0000000000000000              1.3999999999999999              1.3999999999999999
      0.063674998      0.13671875               1.0000000000000000             -2.0000000000000000              0.3999999999999999              1.0000000000000000              1.3999999999999999              1.3999999999999999
      0.063674998      0.14453125               1.0000000000000000             -2.0000000000000000              0.3999999999999999              1.0000000000000000              1.3999999999999999              1.3999999999999999
      0.063674998      0.15234375               1.0000000000000000             -2.0000000000000000              0.3999999999999999              1.0000000000000000              1.3999999999999999              1.3999999999999999
      0.063674998      0.16015625               1.0000000000000000             -2.0000000000000000              0.3999999999999999              1.0000000000000000              1.3999999999999999              1.3999999999999999
      0.063674998      0.16796875               1.0000000000000000             -2.0000000000000000              0.3999999999999999              1.0000000000000000              1.3999999999999999              1.3999999999999999
      0.063674998      0.17578125               1.0000000000000000             -2.0000000000000000              0.3999999999999999              1.0000000000000000              1.3999999999999999              1.3999999999999999
      0.063674998      0.18359375               1.0000000000000000             -2.0000000000000000              0.3999999999999999              1.0000000000000000              1.3999999999999999              1.3999999999999999
      0.063674998      0.19140625               1.0000000000000000             -2.0000000000000000              0.3999999999999999              1.0000000000000000              1.3999999999999999              1.3999999999999999
      0.063674998      0.19921875               1.0000000000000000             -2.0000000000000000              0.3999999999999999              1.0000000000000000              1.3999999999999999              1.3999999999999999
      0.063674998      0.20703125               1.0000000000000000             -2.0000000000000000              0.3999999999999999              1.0000000000000000              1.3999999999999999              1.3999999999999999
      0.063674998      0.21484375               1.0000000000000000             -2.0000000000000000              0.3999999999999999              1.0000000000000000              1.3999999999999999              1.3999999999999999
      0.063674998      0.22265625               1.0000000000000000             -2.0000000000000000              0.3999999999999999              1.0000000000000000              1.3999999999999999              1.3999999999999999
      0.063674998      0.23046875               1.0000000000000000             -2.0000000000000000              0.3999999999999999              1.0000000000000000              1.3999999999999999              1.3999999999999999
      0.063674998      0.23828125               1.0000000000000000             -2.0000000000000000              0.3999999999999999              1.0000000000000000              1.3999999999999999              1.3999999999999999
      0.063674998      0.24609375               1.0000000000000000             -2.0000000000000000              0.3999999999999999              1.0000000000000000              1.3999999999999999              1.3999999999999999
      0.063674998      0.25390625               1.0000000000000000             -2.0000000000000000              0.3999999999999999              1.0000000000000000              1.3999999999999999              1.3999999999999999
      0.063674998      0.26171875               1.0000000000000000             -2.0000000000000000              0.3999999999999999              1.0000000000000000              1.3999999999999999              1.3999999999999999
      0.063674998      0.26953125               1.0000000000000000             -2.0000000000000000              0.3999999999999999              1.0000000000000000              1.3999999999999999              1.3999999999999999
      0.063674998      0.27734375               1.0000000000000000             -2.0000000000000000              0.3999999999999999              1.0000000000000000              1.3999999999999999              1.3999999999999999
      0.063674998      0.28515625               0.9999623112276531             -1.9999717975494118              0.3999788955501832              0.9999849270797253              1.3999999999999999              1.3999999999999999
      0.063674998      0.29296875               0.9994778495431310             -1.9996093305695504              0.3997077235631505              0.9997913504182709              1.3999999999999999              1.3999999999999999
      0.063674998      0.30078125               0.9966293532081921             -1.9974780365191107              0.3981160655239095              0.9986562814007965              1.3999999999999999              1.3999999999999999
      0.063674998      0.30859375               0.9864853602591567             -1.9898703736027439              0.3924759504779194              0.9946319689296081              1.3999999999999999              1.3999999999999999
      0.063674998      0.31640625               0.9617847993724427             -1.9711620344791734              0.3788865797805909              0.9848527966646271              1.3999999999999999              1.3999999999999999
      0.063674998      0.32421875               0.9170955705857692             -1.9364745346889469              0.3547396226872975              0.9670192345949221              1.3999999999999999              1.3999999999999999
      0.063674998      0.33203125               0.8525226179388713             -1.8840750897986647              0.3207594269255352              0.9406185248815732              1.3999999999999999              1.3999999999999999
      0.063674998      0.33984375               0.7730250644628885             -1.8151864278116403              0.2803698733331947              0.9067295687494968              1.3999999999999999              1.3999999999999999
      0.063674998      0.34765625               0.6848259502671037             -1.7319631105681201              0.2374897288824672              0.8669711216033752              1.3999999999999999              1.3999999999999999
      0.063674998      0.35546875               0.5922198689450998             -1.6349869788380496              0.1947893942789504              0.8222849506295772              1.3999999999999999              1.3999999999999999
      0.063674998      0.36328125               0.5045476602345286             -1.5313291146688917              0.1567052738580791              0.7764641787519039              1.3999999999999999              1.3999999999999999
      0.063674998      0.37109375               0.4279963275126308             -1.4288066397261299              0.1256155351446850              0.7337418984102027              1.3999999999999999              1.3999999999999999
      0.063674998      0.37890625               0.3613765527607158             -1.3277602638020793              0.1004491882316229              0.6949066525224658              1.3999999999999999              1.3999999999999999
      0.063674998      0.38671875               0.3035350656188698             -1.2282903545114672              0.0802107829657079              0.6606385229509497              1.3999999999999999              1.3999999999999999
      0.063674998      0.39453125               0.2533128098890704             -1.1304362864764697              0.0640432190991776              0.6320566568191234              1.3999999999999999              1.3999999999999999
      0.063674998      0.40234375               0.2095739439306686             -1.0341367454269215              0.0512176872682442              0.6109739396466678              1.3999999999999999              1.3999999999999999
      0.063674998      0.41015625               0.1710580910553588             -0.9391909544073456              0.0411291518080229              0.6010991873326889              1.3999999999999999              1.3999999999999999
      0.063674998      0.41796875               0.1375193087473885             -0.8451907329705032              0.0332837270675259              0.6050737051162994              1.3999999999999999              1.3999999999999999
      0.063674998      0.42578125               0.1107411241094725             -0.7521451044033111              0.0272065991527866              0.6141936740205853              1.3999999999999999              1.3999999999999999
      0.063674998      0.43359375               0.0896464084196261             -0.6599119045808854              0.0224705817877891              0.6266447865542628              1.3999999999999999              1.3999999999999999
      0.063674998      0.44140625               0.0731362813613803             -0.5682479540516868              0.0187800969628012              0.6419555593073281              1.3999999999999999              1.3999999999999999
      0.063674998      0.44921875               0.0603978236717020             -0.4776503652209784              0.0159026920152133              0.6582477251851779              1.3999999999999999              1.3999999999999999
      0.063674998      0.45703125               0.0507358276166747             -0.3896020584926423              0.0136424318829941              0.6722287052291264              1.3999999999999999              1.3999999999999999
      0.063674998      0.46484375               0.0435857183578351             -0.3053869077024642              0.0118759233118893              0.6811820338940469              1.3999999999999999              1.3999999999999999
      0.063674998      0.47265625               0.0384604418949141             -0.2264169181535593              0.0105205890455812              0.6838577852489807              1.3999999999999999              1.3999999999999999
      0.063674998      0.48046875               0.0349623272653376             -0.1539849059356395              0.0095247728291152              0.6810739997962187              1.3999999999999999              1.3999999999999999
      0.063674998      0.48828125               0.0328005622478341             -0.0885599681098370              0.0088627510653689              0.6755029836381965              1.3999999999999999              1.3999999999999999
      0.063674998      0.49609375               0.0317856148138527             -0.0287876203172969              0.0085297295248224              0.6708797025616305              1.3999999999999999              1.3999999999999999
      0.063674998      0.50390625               0.0317856148138527              0.0287876203172969              0.0085297295248224              0.6708797025616308              1.3999999999999999              1.3999999999999999
      0.063674998      0.51171875               0.0328005622478341              0.0885599681098371              0.0088627510653689              0.6755029836381967              1.3999999999999999              1.3999999999999999
      0.063674998      0.51953125               0.0349623272653376              0.1539849059356396              0.0095247728291152              0.6810739997962184              1.3999999999999999              1.3999999999999999
      0.063674998      0.52734375               0.0384604418949141              0.2264169181535594              0.0105205890455812              0.6838577852489807              1.3999999999999999              1.3999999999999999
      0.063674998      0.53515625               0.0435857183578351              0.3053869077024641              0.0118759233118893              0.6811820338940469              1.3999999999999999              1.3999999999999999
      0.063674998      0.54296875               0.0507358276166747              0.3896020584926423              0.0136424318829942              0.6722287052291267              1.3999999999999999              1.3999999999999999
      0.063674998      0.55078125               0.0603978236717020              0.4776503652209785              0.0159026920152133              0.6582477251851779              1.3999999999999999              1.3999999999999999
      0.063674998      0.55859375               0.0731362813613803              0.5682479540516867              0.0187800969628012              0.6419555593073279              1.3999999999999999              1.3999999999999999
      0.063674998      0.56640625               0.0896464084196261              0.6599119045808856              0.0224705817877891              0.6266447865542625              1.3999999999999999              1.3999999999999999
      0.063674998      0.57421875               0.1107411241094725              0.7521451044033112              0.0272065991527866              0.6141936740205850              1.3999999999999999              1.3999999999999999
      0.063674998      0.58203125               0.1375193087473886              0.8451907329705028              0.0332837270675259              0.6050737051162998              1.3999999999999999              1.3999999999999999
      0.063674998      0.58984375               0.1710580910553588              0.9391909544073456              0.0411291518080229              0.6010991873326891              1.3999999999999999              1.3999999999999999
      0.063674998      0.59765625               0.2095739439306685              1.0341367454269217              0.0512176872682442              0.6109739396466685              1.3999999999999999              1.3999999999999999
      0.063674998      0.60546875               0.2533128098890704              1.1304362864764692              0.0640432190991777              0.6320566568191247              1.3999999999999999              1.3999999999999999
      0.063674998      0.61328125               0.3035350656188699              1.2282903545114672              0.0802107829657079              0.6606385229509497              1.3999999999999999              1.3999999999999999
      0.063674998      0.62109375               0.3613765527607156              1.3277602638020798              0.1004491882316227              0.6949066525224653              1.3999999999999999              1.3999999999999999
      0.063674998      0.62890625               0.4279963275126309              1.4288066397261303              0.1256155351446849              0.7337418984102021              1.3999999999999999              1.3999999999999999
      0.063674998      0.63671875               0.5045476602345285              1.5313291146688914              0.1567052738580791              0.7764641787519041              1.3999999999999999              1.3999999999999999
      0.063674998      0.64453125               0.5922198689450997              1.6349869788380498              0.1947893942789504              0.8222849506295774              1.3999999999999999              1.3999999999999999
      0.063674998      0.65234375               0.6848259502671037              1.7319631105681201              0.2374897288824672              0.8669711216033752              1.3999999999999999              1.3999999999999999
      0.063674998      0.66015625               0.7730250644628885              1.8151864278116403              0.2803698733331947              0.9067295687494968              1.3999999999999999              1.3999999999999999
      0.063674998      0.66796875               0.8525226179388713              1.8840750897986647              0.3207594269255352              0.9406185248815732              1.3999999999999999              1.3999999999999999
      0.063674998      0.67578125               0.9170955705857692              1.9364745346889469              0.3547396226872975              0.9670192345949221              1.3999999999999999              1.3999999999999999
      0.063674998      0.68359375               0.9617847993724427              1.9711620344791734              0.3788865797805909              0.9848527966646271              1.3999999999999999              1.3999999999999999
      0.063674998      0.69140625               0.9864853602591567              1.9898703736027439              0.3924759504779194              0.9946319689296081              1.3999999999999999              1.3999999999999999
      0.063674998      0.69921875               0.9966293532081921              1.9974780365191107              0.3981160655239095              0.9986562814007965              1.3999999999999999              1.3999999999999999
      0.063674998      0.70703125               0.9994778495431310              1.9996093305695504              0.3997077235631505              0.9997913504182709              1.3999999999999999              1.3999999999999999
      0.063674998      0.71484375               0.9999623112276531              1.9999717975494118              0.3999788955501832              0.9999849270797253              1.3999999999999999              1.3999999999999999
      0.063674998      0.72265625               1.0000000000000000              2.0000000000000000              0.3999999999999999              1.0000000000000000              1.3999999999999999              1.3999999999999999
      0.063674998      0.73046875               1.0000000000000000              2.0000000000000000              0.3999999999999999              1.0000000000000000              1.3999999999999999              1.3999999999999999
      0.063674998      0.73828125               1.0000000000000000              2.0000000000000000              0.3999999999999999              1.0000000000000000              1.3999999999999999              1.3999999999999999
      0.063674998      0.74609375               1.0000000000000000              2.0000000000000000              0.3999999999999999              1.0000000000000000              1.3999999999999999              1.3999999999999999
      0.063674998      0.75390625               1.0000000000000000              2.0000000000000000              0.3999999999999999              1.0000000000000000              1.3999999999999999              1.3999999999999999
      0.063674998      0.76171875               1.0000000000000000              2.0000000000000000              0.3999999999999999              1.0000000000000000              1.3999999999999999              1.3999999999999999
      0.063674998      0.76953125               1.0000000000000000              2.0000000000000000              0.3999999999999999              1.0000000000000000              1.3999999999999999              1.3999999999999999
      0.063674998      0.77734375               1.0000000000000000              2.0000000000000000              0.3999999999999999              1.0000000000000000              1.3999999999999999              1.3999999999999999
      0.063674998      0.78515625               1.0000000000000000              2.0000000000000000              0.3999999999999999              1.0000000000000000              1.3999999999999999              1.3999999999999999
      0.063674998      0.79296875               1.0000000000000000              2.0000000000000000              0.3999999999999999              1.0000000000000000              1.3999999999999999              1.3999999999999999
      0.063674998      0.80078125               1.0000000000000000              2.0000000000000000              0.3999999999999999              1.0000000000000000              1.3999999999999999              1.3999999999999999
      0.063674998      0.80859375               1.0000000000000000              2.0000000000000000              0.3999999999999999              1.0000000000000000              1.3999999999999999              1.3999999999999999
      0.063674998      0.81640625               1.0000000000000000              2.0000000000000000              0.3999999999999999              1.0000000000000000              1.3999999999999999              1.3999999999999999
      0.063674998      0.82421875               1.0000000000000000              2.0000000000000000              0.3999999999999999              1.0000000000000000              1.3999999999999999              1.3999999999999999
      0.063674998      0.83203125               1.0000000000000000              2.0000000000000000              0.3999999999999999              1.0000000000000000              1.3999999999999999              1.3999999999999999
      0.063674998      0.83984375               1.0000000000000000              2.0000000000000000              0.3999999999999999              1.0000000000000000              1.3999999999999999              1.3999999999999999
      0.063674998      0.84765625               1.0000000000000000              2.0000000000000000              0.3999999999999999              1.0000000000000000              1.3999999999999999              1.3999999999999999
      0.063674998      0.85546875               1.0000000000000000              2.0000000000000000              0.3999999999999999              1.0000000000000000              1.3999999999999999              1.3999999999999999
      0.063674998      0.86328125               1.0000000000000000              2.0000000000000000              0.3999999999999999              1.0000000000000000              1.3999999999999999              1.3999999999999999
      0.063674998      0.87109375               1.0000000000000000              2.0000000000000000              0.3999999999999999              1.0000000000000000              1.3999999999999999              1.3999999999999999
      0.063674998      0.87890625               1.0000000000000000              2.0000000000000000              0.3999999999999999              1.0000000000000000              1.3999999999999999              1.3999999999999999
      0.063674998      0.88671875               1.0000000000000000              2.0000000000000000              0.3999999999999999              1.0000000000000000              1.3999999999999999              1.3999999999999999
      0.063674998      0.89453125               1.0000000000000000              2.0000000000000000              0.3999999999999999              1.0000000000000000              1.3999999999999999              1.3999999999999999
      0.063674998      0.90234375               1.0000000000000000              2.0000000000000000              0.3999999999999999              1.0000000000000000              1.3999999999999999              1.3999999999999999
      0.063674998      0.91015625               1.0000000000000000              2.0000000000000000              0.3999999999999999              1.0000000000000000              1.3999999999999999              1.3999999999999999
      0.063674998      0.91796875               1.0000000000000000              2.0000000000000000              0.3999999999999999              1.0000000000000000              1.3999999999999999              1.3999999999999999
      0.063674998      0.92578125               1.0000000000000000              2.0000000000000000              0.3999999999999999              1.0000000000000000              1.3999999999999999              1.3999999999999999
      0.063674998      0.93359375               1.0000000000000000              2.0000000000000000              0.3999999999999999              1.0000000000000000              1.3999999999999999              1.3999999999999999
      0.063674998      0.94140625               1.0000000000000000              2.0000000000000000              0.3999999999999999              1.0000000000000000              1.3999999999999999              1.3999999999999999
      0.063674998      0.94921875               1.0000000000000000              2.0000000000000000              0.3999999999999999              1.0000000000000000              1.3999999999999999              1.3999999999999999
      0.063674998      0.95703125               1.0000000000000000              2.0000000000000000              0.3999999999999999              1.0000000000000000              1.3999999999999999              1.3999999999999999
      0.063674998      0.96484375               1.0000000000000000              2.0000000000000000              0.3999999999999999              1.0000000000000000              1.3999999999999999              1.3999999999999999
      0.063674998      0.97265625               1.0000000000000000              2.0000000000000000              0.3999999999999999              1.0000000000000000              1.3999999999999999              1.3999999999999999
      0.063674998      0.98046875               1.0000000000000000              2.0000000000000000              0.3999999999999999              1.0000000000000000              1.3999999999999999              1.3999999999999999
      0.063674998      0.98828125               1.0000000000000000              2.0000000000000000              0.3999999999999999              1.0000000000000000              1.3999999999999999              1.3999999999999999
      0.063674998      0.99609375               1.0000000000000000              2.0000000000000000              0.3999999999999999              1.0000000000000000              1.3999999999999999              1.3999999999999999
