      0.041723178      0.00390625               1.0000000000000000             -2.0000000000000000              0.3999999999999999              1.0000000000000000              1.3999999999999999              1.3999999999999999
      0.041723178      0.01171875               1.0000000000000000             -2.0000000000000000              0.3999999999999999              1.0000000000000000              1.3999999999999999              1.3999999999999999
      0.041723178      0.01953125               1.0000000000000000             -2.0000000000000000              0.3999999999999999              1.0000000000000000              1.3999999999999999              1.3999999999999999
      0.041723178      0.02734375               1.0000000000000000             -2.0000000000000000              0.3999999999999999              1.0000000000000000              1.3999999999999999              1.3999999999999999
      0.041723178      0.03515625               1.0000000000000000             -2.0000000000000000              0.3999999999999999              1.0000000000000000              1.3999999999999999              1.3999999999999999
      0.041723178      0.04296875               1.0000000000000000             -2.0000000000000000              0.3999999999999999              1.0000000000000000              1.3999999999999999              1.3999999999999999
      0.041723178      0.05078125               1.0000000000000000             -2.0000000000000000              0.3999999999999999              1.0000000000000000              1.3999999999999999              1.3999999999999999
      0.041723178      0.05859375               1.0000000000000000             -2.0000000000000000              0.3999999999999999              1.0000000000000000              1.3999999999999999              1.3999999999999999
      0.041723178      0.06640625               1.0000000000000000             -2.0000000000000000              0.3999999999999999              1.0000000000000000              1.3999999999999999              1.3999999999999999
      0.041723178      0.07421875               1.0000000000000000             -2.0000000000000000              0.3999999999999999              1.0000000000000000              1.3999999999999999              1.3999999999999999
      0.041723178      0.08203125               1.0000000000000000             -2.0000000000000000              0.3999999999999999              1.0000000000000000              1.3999999999999999              1.3999999999999999
      0.041723178      0.08984375               1.0000000000000000             -2.0000000000000000              0.3999999999999999              1.0000000000000000              1.3999999999999999              1.3999999999999999
      0.041723178      0.09765625               1.0000000000000000             -2.0000000000000000              0.3999999999999999              1.0000000000000000              1.3999999999999999              1.3999999999999999
      0.041723178      0.10546875               1.0000000000000000             -2.0000000000000000              0.3999999999999999              1.0000000000000000              1.3999999999999999              1.3999999999999999
      0.041723178      0.11328125               1.0000000000000000             -2.0000000000000000              0.3999999999999999              1.0000000000000000              1.3999999999999999              1.3999999999999999
      0.041723178      0.12109375               1.0000000000000000             -2.0000000000000000              0.3999999999999999              1.0000000000000000              1.3999999999999999              1.3999999999999999
      0.041723178      0.12890625               1.0000000000000000             -2.0000000000000000              0.3999999999999999              1.0000000000000000              1.3999999999999999              1.3999999999999999
      0.041723178      0.13671875               1.0000000000000000             -2.0000000000000000              0.3999999999999999              1.0000000000000000              1.3999999999999999              1.3999999999999999
      0.041723178      0.14453125               1.0000000000000000             -2.0000000000000000              0.3999999999999999              1.0000000000000000              1.3999999999999999              1.3999999999999999
      0.041723178      0.15234375               1.0000000000000000             -2.0000000000000000              0.3999999999999999              1.0000000000000000              1.3999999999999999              1.3999999999999999
      0.041723178      0.16015625               1.0000000000000000             -2.0000000000000000              0.3999999999999999              1.0000000000000000              1.3999999999999999              1.3999999999999999
      0.041723178      0.16796875               1.0000000000000000             -2.0000000000000000              0.3999999999999999              1.0000000000000000              1.3999999999999999              1.3999999999999999
      0.041723178      0.17578125               1.0000000000000000             -2.0000000000000000              0.3999999999999999              1.0000000000000000              1.3999999999999999              1.3999999999999999
      0.041723178      0.18359375               1.0000000000000000             -2.0000000000000000              0.3999999999999999              1.0000000000000000              1.3999999999999999              1.3999999999999999
      0.041723178      0.19140625               1.0000000000000000             -2.0000000000000000              0.3999999999999999              1.0000000000000000              1.3999999999999999              1.3999999999999999
      0.041723178      0.19921875               1.0000000000000000             -2.0000000000000000              0.3999999999999999              1.0000000000000000              1.3999999999999999              1.3999999999999999
      0.041723178      0.20703125               1.0000000000000000             -2.0000000000000000              0.3999999999999999              1.0000000000000000              1.3999999999999999              1.3999999999999999
      0.041723178      0.21484375               1.0000000000000000             -2.0000000000000000              0.3999999999999999              1.0000000000000000              1.3999999999999999              1.3999999999999999
      0.041723178      0.22265625               1.0000000000000000             -2.0000000000000000              0.3999999999999999              1.0000000000000000              1.3999999999999999              1.3999999999999999
      0.041723178      0.23046875               1.0000000000000000             -2.0000000000000000              0.3999999999999999              1.0000000000000000              1.3999999999999999              1.3999999999999999
      0.041723178      0.23828125               1.0000000000000000             -2.0000000000000000              0.3999999999999999              1.0000000000000000              1.3999999999999999              1.3999999999999999
      0.041723178      0.24609375               1.0000000000000000             -2.0000000000000000              0.3999999999999999              1.0000000000000000              1.3999999999999999              1.3999999999999999
      0.041723178      0.25390625               1.0000000000000000             -2.0000000000000000              0.3999999999999999              1.0000000000000000              1.3999999999999999              1.3999999999999999
      0.041723178      0.26171875               1.0000000000000000             -2.0000000000000000              0.3999999999999999              1.0000000000000000              1.3999999999999999              1.3999999999999999
      0.041723178      0.26953125               1.0000000000000000             -2.0000000000000000              0.3999999999999999              1.0000000000000000              1.3999999999999999              1.3999999999999999
      0.041723178      0.27734375               1.0000000000000000             -2.0000000000000000              0.3999999999999999              1.0000000000000000              1.3999999999999999              1.3999999999999999
      0.041723178      0.28515625               1.0000000000000000             -2.0000000000000000              0.3999999999999999              1.0000000000000000              1.3999999999999999              1.3999999999999999
      0.041723178      0.29296875               1.0000000000000000             -2.0000000000000000              0.3999999999999999              1.0000000000000000              1.3999999999999999              1.3999999999999999
      0.041723178      0.30078125               1.0000000000000000             -2.0000000000000000              0.3999999999999999              1.0000000000000000              1.3999999999999999              1.3999999999999999
      0.041723178      0.30859375               1.0000000000000000             -2.0000000000000000              0.3999999999999999              1.0000000000000000              1.3999999999999999              1.3999999999999999
      0.041723178      0.31640625               1.0000000000000000             -2.0000000000000000              0.3999999999999999              1.0000000000000000              1.3999999999999999              1.3999999999999999
      0.041723178      0.32421875               1.0000000000000000             -2.0000000000000000              0.3999999999999999              1.0000000000000000              1.3999999999999999              1.3999999999999999
      0.041723178      0.33203125               1.0000000000000000             -2.0000000000000000              0.3999999999999999              1.0000000000000000              1.3999999999999999              1.3999999999999999
      0.041723178      0.33984375               1.0000000000000000             -2.0000000000000000              0.3999999999999999              1.0000000000000000              1.3999999999999999              1.3999999999999999
      0.041723178      0.34765625               0.9999266362378145             -1.9998835215626760              0.3999020179791052              0.9998283961204425              1.3999999999999999              1.3999999999999999
      0.041723178      0.35546875               1.0019743930451435             -2.0011772674613311              0.4005681155793527              0.9994469877667458              1.3999999999999999              1.3999999999999999
      0.041723178      0.36328125               1.0225222228432524             -2.0195675115465073              0.4148189933951856              1.0142053251462080              1.3999999999999999              1.3999999999999999
      0.041723178      0.37109375               1.0375188237806852             -2.0406248317602143              0.4332020888468029              1.0438415162151673              1.3999999999999999              1.3999999999999999
      0.041723178      0.37890625               0.9836815061069042             -2.0090805931318436              0.4153269031549618              1.0555421154523188              1.3999999999999999              1.3999999999999999
      0.041723178      0.38671875               0.8165637833202715             -1.8588376211578745              0.3052489255732093              0.9345532210968910              1.3999999999999999              1.3999999999999999
      0.041723178      0.39453125               0.6910256541431674             -1.7475530863182713              0.2497113875815307              0.9034085279046504              1.3999999999999999              1.3999999999999999
      0.041723178      0.40234375               0.5807876443614194             -1.6060801711406656              0.1847488994388710              0.7952515055739687              1.3999999999999999              1.3999999999999999
      0.041723178      0.41015625               0.4908924106478575             -1.4915245743646708              0.1458212437527537              0.7426334192063871              1.3999999999999999              1.3999999999999999
      0.041723178      0.41796875               0.3903940284315383             -1.3249471140097104              0.0978041529991598              0.6263169123776143              1.3999999999999999              1.3999999999999999
      0.041723178      0.42578125               0.3154813396232812             -1.1970026457305327              0.0686242943083237              0.5438062865324185              1.3999999999999999              1.3999999999999999
      0.041723178      0.43359375               0.2528343053340152             -1.0757473468198631              0.0484755407734422              0.4793212367819510              1.3999999999999999              1.3999999999999999
      0.041723178      0.44140625               0.2052285510176237             -0.9677904128841979              0.0373553928786222              0.4550462483581823              1.3999999999999999              1.3999999999999999
      0.041723178      0.44921875               0.1608959142762006             -0.8692210901468427              0.0263587187245020              0.4095616542389880              1.3999999999999999              1.3999999999999999
      0.041723178      0.45703125               0.1193351843037325             -0.7944601896844312              0.0201125681752816              0.4213461497677624              1.3999999999999999              1.3999999999999999
      0.041723178      0.46484375               0.0980876539516297             -0.7745517643461820              0.0212196867031445              0.5408348005144629              1.3999999999999999              1.3999999999999999
      0.041723178      0.47265625               0.0735499433696522             -0.8402553566060496              0.0312313798325351              1.0615704921610318              1.3999999999999999              1.3999999999999999
      0.041723178      0.48046875               0.0379279809566914             -0.8508653295165625              0.0344158761891475              2.2685017315083176              1.3999999999999999              1.3999999999999999
      0.041723178      0.48828125               0.0014796966815488              5.2502175328826883              0.0210879677454749             35.6288690926207181              1.3999999999999999              1.3999999999999999
      0.041723178      0.49609375                              NaN                             NaN              0.0000000000010000                             NaN              1.3999999999999999              1.3999999999999999
      0.041723178      0.50390625                              NaN                             NaN              0.0000000000010000                             NaN              1.3999999999999999              1.3999999999999999
      0.041723178      0.51171875                              NaN                             NaN              0.0000000000010000                             NaN              1.3999999999999999              1.3999999999999999
      0.041723178      0.51953125               0.0447735252734464              1.0586029289303229              0.0558262911235268              3.1171485148074485              1.3999999999999999              1.3999999999999999
      0.041723178      0.52734375               0.0738570193746416              0.7719079305056928              0.0270288915563650              0.9149059827089792              1.3999999999999999              1.3999999999999999
      0.041723178      0.53515625               0.0979439283508466              0.7718635902757054              0.0209972057936244              0.5359496537245775              1.3999999999999999              1.3999999999999999
      0.041723178      0.54296875               0.1231550876006599              0.8152345731364822              0.0213213546041757              0.4328151402342366              1.3999999999999999              1.3999999999999999
      0.041723178      0.55078125               0.1598685266027963              0.8664253327296650              0.0261135543922772              0.4083598402260576              1.3999999999999999              1.3999999999999999
      0.041723178      0.55859375               0.2058478563136094              0.9689482943052042              0.0374724009459753              0.4550982654986466              1.3999999999999999              1.3999999999999999
      0.041723178      0.56640625               0.2532004684453614              1.0764113922819574              0.0486194317675338              0.4800487936106000              1.3999999999999999              1.3999999999999999
      0.041723178      0.57421875               0.3154453859739813              1.1972383252176386              0.0687106172999890              0.5445524039592109              1.3999999999999999              1.3999999999999999
      0.041723178      0.58203125               0.3894478625145508              1.3232855025098957              0.0973438609962952              0.6248837801276818              1.3999999999999999              1.3999999999999999
      0.041723178      0.58984375               0.4906858798510111              1.4915487515205970              0.1458630365736463              0.7431589259198540              1.3999999999999999              1.3999999999999999
      0.041723178      0.59765625               0.5806498968594251              1.6058499341722206              0.1846306104795065              0.7949308674561149              1.3999999999999999              1.3999999999999999
      0.041723178      0.60546875               0.6910905768657047              1.7476462989670138              0.2497879721095388              0.9036007018153809              1.3999999999999999              1.3999999999999999
      0.041723178      0.61328125               0.8165450836439946              1.8588043422891094              0.3052176962851934              0.9344790091782160              1.3999999999999999              1.3999999999999999
      0.041723178      0.62109375               0.9836691977215392              2.0090679617588001              0.4153166112258093              1.0555291661765005              1.3999999999999999              1.3999999999999999
      0.041723178      0.62890625               1.0375182276668167              2.0406247613147954              0.4332022316288754              1.0438424600092711              1.3999999999999999              1.3999999999999999
      0.041723178      0.63671875               1.0225224480876589              2.0195676921329038              0.4148191223360027              1.0142054169857235              1.3999999999999999              1.3999999999999999
      0.041723178      0.64453125               1.0019743875186584              2.0011772637336671              0.4005681131040205              0.9994469871031542              1.3999999999999999              1.3999999999999999
      0.041723178      0.65234375               0.9999266362378145              1.9998835215626760              0.3999020179791052              0.9998283961204425              1.3999999999999999              1.3999999999999999
      0.041723178      0.66015625               1.0000000000000000              2.0000000000000000              0.3999999999999999              1.0000000000000000              1.3999999999999999              1.3999999999999999
      0.041723178      0.66796875               1.0000000000000000              2.0000000000000000              0.3999999999999999              1.0000000000000000              1.3999999999999999              1.3999999999999999
      0.041723178      0.67578125               1.0000000000000000              2.0000000000000000              0.3999999999999999              1.0000000000000000              1.3999999999999999              1.3999999999999999
      0.041723178      0.68359375               1.0000000000000000              2.0000000000000000              0.3999999999999999              1.0000000000000000              1.3999999999999999              1.3999999999999999
      0.041723178      0.69140625               1.0000000000000000              2.0000000000000000              0.3999999999999999              1.0000000000000000              1.3999999999999999              1.3999999999999999
      0.041723178      0.69921875               1.0000000000000000              2.0000000000000000              0.3999999999999999              1.0000000000000000              1.3999999999999999              1.3999999999999999
      0.041723178      0.70703125               1.0000000000000000              2.0000000000000000              0.3999999999999999              1.0000000000000000              1.3999999999999999              1.3999999999999999
      0.041723178      0.71484375               1.0000000000000000              2.0000000000000000              0.3999999999999999              1.0000000000000000              1.3999999999999999              1.3999999999999999
      0.041723178      0.72265625               1.0000000000000000              2.0000000000000000              0.3999999999999999              1.0000000000000000              1.3999999999999999              1.3999999999999999
      0.041723178      0.73046875               1.0000000000000000              2.0000000000000000              0.3999999999999999              1.0000000000000000              1.3999999999999999              1.3999999999999999
      0.041723178      0.73828125               1.0000000000000000              2.0000000000000000              0.3999999999999999              1.0000000000000000              1.3999999999999999              1.3999999999999999
      0.041723178      0.74609375               1.0000000000000000              2.0000000000000000              0.3999999999999999              1.0000000000000000              1.3999999999999999              1.3999999999999999
      0.041723178      0.75390625               1.0000000000000000              2.0000000000000000              0.3999999999999999              1.0000000000000000              1.3999999999999999              1.3999999999999999
      0.041723178      0.76171875               1.0000000000000000              2.0000000000000000              0.3999999999999999              1.0000000000000000              1.3999999999999999              1.3999999999999999
      0.041723178      0.76953125               1.0000000000000000              2.0000000000000000              0.3999999999999999              1.0000000000000000              1.3999999999999999              1.3999999999999999
      0.041723178      0.77734375               1.0000000000000000              2.0000000000000000              0.3999999999999999              1.0000000000000000              1.3999999999999999              1.3999999999999999
      0.041723178      0.78515625               1.0000000000000000              2.0000000000000000              0.3999999999999999              1.0000000000000000              1.3999999999999999              1.3999999999999999
      0.041723178      0.79296875               1.0000000000000000              2.0000000000000000              0.3999999999999999              1.0000000000000000              1.3999999999999999              1.3999999999999999
      0.041723178      0.80078125               1.0000000000000000              2.0000000000000000              0.3999999999999999              1.0000000000000000              1.3999999999999999              1.3999999999999999
      0.041723178      0.80859375               1.0000000000000000              2.0000000000000000              0.3999999999999999              1.0000000000000000              1.3999999999999999              1.3999999999999999
      0.041723178      0.81640625               1.0000000000000000              2.0000000000000000              0.3999999999999999              1.0000000000000000              1.3999999999999999              1.3999999999999999
      0.041723178      0.82421875               1.0000000000000000              2.0000000000000000              0.3999999999999999              1.0000000000000000              1.3999999999999999              1.3999999999999999
      0.041723178      0.83203125               1.0000000000000000              2.0000000000000000              0.3999999999999999              1.0000000000000000              1.3999999999999999              1.3999999999999999
      0.041723178      0.83984375               1.0000000000000000              2.0000000000000000              0.3999999999999999              1.0000000000000000              1.3999999999999999              1.3999999999999999
      0.041723178      0.84765625               1.0000000000000000              2.0000000000000000              0.3999999999999999              1.0000000000000000              1.3999999999999999              1.3999999999999999
      0.041723178      0.85546875               1.0000000000000000              2.0000000000000000              0.3999999999999999              1.0000000000000000              1.3999999999999999              1.3999999999999999
      0.041723178      0.86328125               1.0000000000000000              2.0000000000000000              0.3999999999999999              1.0000000000000000              1.3999999999999999              1.3999999999999999
      0.041723178      0.87109375               1.0000000000000000              2.0000000000000000              0.3999999999999999              1.0000000000000000              1.3999999999999999              1.3999999999999999
      0.041723178      0.87890625               1.0000000000000000              2.0000000000000000              0.3999999999999999              1.0000000000000000              1.3999999999999999              1.3999999999999999
      0.041723178      0.88671875               1.0000000000000000              2.0000000000000000              0.3999999999999999              1.0000000000000000              1.3999999999999999              1.3999999999999999
      0.041723178      0.89453125               1.0000000000000000              2.0000000000000000              0.3999999999999999              1.0000000000000000              1.3999999999999999              1.3999999999999999
      0.041723178      0.90234375               1.0000000000000000              2.0000000000000000              0.3999999999999999              1.0000000000000000              1.3999999999999999              1.3999999999999999
      0.041723178      0.91015625               1.0000000000000000              2.0000000000000000              0.3999999999999999              1.0000000000000000              1.3999999999999999              1.3999999999999999
      0.041723178      0.91796875               1.0000000000000000              2.0000000000000000              0.3999999999999999              1.0000000000000000              1.3999999999999999              1.3999999999999999
      0.041723178      0.92578125               1.0000000000000000              2.0000000000000000              0.3999999999999999              1.0000000000000000              1.3999999999999999              1.3999999999999999
      0.041723178      0.93359375               1.0000000000000000              2.0000000000000000              0.3999999999999999              1.0000000000000000              1.3999999999999999              1.3999999999999999
      0.041723178      0.94140625               1.0000000000000000              2.0000000000000000              0.3999999999999999              1.0000000000000000              1.3999999999999999              1.3999999999999999
      0.041723178      0.94921875               1.0000000000000000              2.0000000000000000              0.3999999999999999              1.0000000000000000              1.3999999999999999              1.3999999999999999
      0.041723178      0.95703125               1.0000000000000000              2.0000000000000000              0.3999999999999999              1.0000000000000000              1.3999999999999999              1.3999999999999999
      0.041723178      0.96484375               1.0000000000000000              2.0000000000000000              0.3999999999999999              1.0000000000000000              1.3999999999999999              1.3999999999999999
      0.041723178      0.97265625               1.0000000000000000              2.0000000000000000              0.3999999999999999              1.0000000000000000              1.3999999999999999              1.3999999999999999
      0.041723178      0.98046875               1.0000000000000000              2.0000000000000000              0.3999999999999999              1.0000000000000000              1.3999999999999999              1.3999999999999999
      0.041723178      0.98828125               1.0000000000000000              2.0000000000000000              0.3999999999999999              1.0000000000000000              1.3999999999999999              1.3999999999999999
      0.041723178      0.99609375               1.0000000000000000              2.0000000000000000              0.3999999999999999              1.0000000000000000              1.3999999999999999              1.3999999999999999
