      0.140994637      0.00390625               1.0000000000000000             -2.0000000000000000              0.3999999999999999              1.0000000000000000              1.3999999999999999              1.3999999999999999
      0.140994637      0.01171875               1.0000000000000000             -2.0000000000000000              0.3999999999999999              1.0000000000000000              1.3999999999999999              1.3999999999999999
      0.140994637      0.01953125               0.9999999994685395             -1.9999999996022912              0.3999999997023823              0.9999999997874164              1.3999999999999999              1.3999999999999999
      0.140994637      0.02734375               0.9999999836097913             -1.9999999877346908              0.3999999908214835              0.9999999934439175              1.3999999999999999              1.3999999999999999
      0.140994637      0.03515625               0.9999997552313311             -1.9999998168319175              0.3999998629295740              0.9999999020925801              1.3999999999999999              1.3999999999999999
      0.140994637      0.04296875               0.9999976446084609             -1.9999982373872285              0.3999986809829350              0.9999990578466578              1.3999999999999999              1.3999999999999999
      0.140994637      0.05078125               0.9999836069759570             -1.9999877325993680              0.3999908199960211              0.9999934429066053              1.3999999999999999              1.3999999999999999
      0.140994637      0.05859375               0.9999122158864693             -1.9999343082397594              0.3999508430936205              0.9999648887653737              1.3999999999999999              1.3999999999999999
      0.140994637      0.06640625               0.9996243595305673             -1.9997188852755621              0.3997896762686199              0.9998497747102845              1.3999999999999999              1.3999999999999999
      0.140994637      0.07421875               0.9986827465686265             -1.9990140363746474              0.3992627154272372              0.9994733482656626              1.3999999999999999              1.3999999999999999
      0.140994637      0.08203125               0.9961445130559651             -1.9971123302170362              0.3978437994959076              0.9984590445501860              1.3999999999999999              1.3999999999999999
      0.140994637      0.08984375               0.9904351677351577             -1.9928240484484889              0.3946595931500399              0.9961772511887722              1.3999999999999999              1.3999999999999999
      0.140994637      0.09765625               0.9795805378595280             -1.9846245414605446              0.3886308858303822              0.9918298465779443              1.3999999999999999              1.3999999999999999
      0.140994637      0.10546875               0.9618635056326755             -1.9710932815592366              0.3788530477426634              0.9846850554265208              1.3999999999999999              1.3999999999999999
      0.140994637      0.11328125               0.9365366696068684             -1.9514077343793812              0.3650037182019343              0.9743444385235673              1.3999999999999999              1.3999999999999999
      0.140994637      0.12109375               0.9041022809466962             -1.9255669448152950              0.3474845206506673              0.9608551155484647              1.3999999999999999              1.3999999999999999
      0.140994637      0.12890625               0.8660120871026257             -1.8942477822299100              0.3272235390514277              0.9446275171118096              1.3999999999999999              1.3999999999999999
      0.140994637      0.13671875               0.8240830080291222             -1.8584582929921918              0.3053214533911357              0.9262460529350766              1.3999999999999999              1.3999999999999999
      0.140994637      0.14453125               0.7799848950017068             -1.8191979641503326              0.2827558878027243              0.9062864217457238              1.3999999999999999              1.3999999999999999
      0.140994637      0.15234375               0.7349365981030146             -1.7772092656197971              0.2602223100630726              0.8851862552999361              1.3999999999999999              1.3999999999999999
      0.140994637      0.16015625               0.6895376267490365             -1.7327626214534453              0.2380669226299685              0.8631397091134199              1.3999999999999999              1.3999999999999999
      0.140994637      0.16796875               0.6449334023879333             -1.6867609643051293              0.2168630666414061              0.8406413198573992              1.3999999999999999              1.3999999999999999
      0.140994637      0.17578125               0.6023570249027347             -1.6404408256553251              0.1971718011360320              0.8183344469497564              1.3999999999999999              1.3999999999999999
      0.140994637      0.18359375               0.5619366839528389             -1.5940122093760278              0.1789957959039336              0.7963343603269548              1.3999999999999999              1.3999999999999999
      0.140994637      0.19140625               0.5236769900328179             -1.5475771890256034              0.1622769581743288              0.7746996777735031              1.3999999999999999              1.3999999999999999
      0.140994637      0.19921875               0.4875353861930645             -1.5011964763641275              0.1469367325135577              0.7534670132404024              1.3999999999999999              1.3999999999999999
      0.140994637      0.20703125               0.4534461093773088             -1.4549068230909303              0.1328885092730205              0.7326587797583523              1.3999999999999999              1.3999999999999999
      0.140994637      0.21484375               0.4213341436598855             -1.4087313133832318              0.1200442562359989              0.7122865428923234              1.3999999999999999              1.3999999999999999
      0.140994637      0.22265625               0.3911233729964569             -1.3626850651291653              0.1083177119855686              0.6923500323934224              1.3999999999999999              1.3999999999999999
      0.140994637      0.23046875               0.3627411013119833             -1.3167781806136840              0.0976259047114090              0.6728345944139628              1.3999999999999999              1.3999999999999999
      0.140994637      0.23828125               0.3360962795675719             -1.2710172859212514              0.0878898777051469              0.6537552112911496              1.3999999999999999              1.3999999999999999
      0.140994637      0.24609375               0.3110865389787384             -1.2254060198535277              0.0790353308002821              0.6351555025471859              1.3999999999999999              1.3999999999999999
      0.140994637      0.25390625               0.2876186341688869             -1.1799455511373231              0.0709926390380798              0.6170726667556040              1.3999999999999999              1.3999999999999999
      0.140994637      0.26171875               0.2656025744471629             -1.1346339292469714              0.0636966858799273              0.5995488373230985              1.3999999999999999              1.3999999999999999
      0.140994637      0.26953125               0.2449504380136495             -1.0894656429998186              0.0570867691160821              0.5826359158510774              1.3999999999999999              1.3999999999999999
      0.140994637      0.27734375               0.2255772347621452             -1.0444313740643696              0.0511064971936971              0.5663968845037175              1.3999999999999999              1.3999999999999999
      0.140994637      0.28515625               0.2074026517488498             -0.9995180673065657              0.0457036464418245              0.5509047986663217              1.3999999999999999              1.3999999999999999
      0.140994637      0.29296875               0.1903528646243329             -0.9547094582172230              0.0408299835435552              0.5362407288187445              1.3999999999999999              1.3999999999999999
      0.140994637      0.30078125               0.1743614481048584             -0.9099872178308906              0.0364410539986896              0.5224929936457992              1.3999999999999999              1.3999999999999999
      0.140994637      0.30859375               0.1593684889226714             -0.8653327752070722              0.0324959614699632              0.5097613977774939              1.3999999999999999              1.3999999999999999
      0.140994637      0.31640625               0.1453175296536165             -0.8207297779266671              0.0289571874915155              0.4981709288710525              1.3999999999999999              1.3999999999999999
      0.140994637      0.32421875               0.1321510460529426             -0.7761670317589289              0.0257904847971331              0.4878978556628465              1.3999999999999999              1.3999999999999999
      0.140994637      0.33203125               0.1198061664955998             -0.7316414688302543              0.0229648293505397              0.4792079995186052              1.3999999999999999              1.3999999999999999
      0.140994637      0.33984375               0.1082124765711697             -0.6871610424275736              0.0204523957711645              0.4725054914927773              1.3999999999999999              1.3999999999999999
      0.140994637      0.34765625               0.0972914648135620             -0.6427489629341467              0.0182283563088371              0.4683955664499406              1.3999999999999999              1.3999999999999999
      0.140994637      0.35546875               0.0869579127367760             -0.5984443260257912              0.0162703462495645              0.4677649720852678              1.3999999999999999              1.3999999999999999
      0.140994637      0.36328125               0.0774206055410330             -0.5542633100738489              0.0145591227595920              0.4701307441943103              1.3999999999999999              1.3999999999999999
      0.140994637      0.37109375               0.0689894867928600             -0.5103044457133258              0.0130706318943373              0.4736457865522923              1.3999999999999999              1.3999999999999999
      0.140994637      0.37890625               0.0615772657427942             -0.4666415810833012              0.0117803889001201              0.4782767129238205              1.3999999999999999              1.3999999999999999
      0.140994637      0.38671875               0.0550763130338973             -0.4235045645010230              0.0106630552265775              0.4840127560833113              1.3999999999999999              1.3999999999999999
      0.140994637      0.39453125               0.0493988049255141             -0.3811045875852478              0.0096993451997488              0.4908694256052334              1.3999999999999999              1.3999999999999999
      0.140994637      0.40234375               0.0444687386084546             -0.3397216249088962              0.0088730035857176              0.4988337798292414              1.3999999999999999              1.3999999999999999
      0.140994637      0.41015625               0.0402214732514054             -0.2997010839078912              0.0081707100246277              0.5078574554912795              1.3999999999999999              1.3999999999999999
      0.140994637      0.41796875               0.0366003594178012             -0.2614529194165684              0.0075813277654136              0.5178451718787127              1.3999999999999999              1.3999999999999999
      0.140994637      0.42578125               0.0335538427318087             -0.2254194760918098              0.0070951665289713              0.5286403844771200              1.3999999999999999              1.3999999999999999
      0.140994637      0.43359375               0.0310329534921391             -0.1920057033758724              0.0067031369933013              0.5400015337727433              1.3999999999999999              1.3999999999999999
      0.140994637      0.44140625               0.0289892020048598             -0.1614845159849538              0.0063958067799608              0.5515680268543283              1.3999999999999999              1.3999999999999999
      0.140994637      0.44921875               0.0273733799594408             -0.1339090921759737              0.0061626606204088              0.5628333648913681              1.3999999999999999              1.3999999999999999
      0.140994637      0.45703125               0.0261355735323736             -0.1090740484250094              0.0059919745148303              0.5731627151216088              1.3999999999999999              1.3999999999999999
      0.140994637      0.46484375               0.0252259189086447             -0.0865530824698649              0.0058714819817494              0.5818898018158286              1.3999999999999999              1.3999999999999999
      0.140994637      0.47265625               0.0245951586226997             -0.0658009689679584              0.0057895725530566              0.5884870109877216              1.3999999999999999              1.3999999999999999
      0.140994637      0.48046875               0.0241944992898364             -0.0462713042876402              0.0057364636408631              0.5927446123335277              1.3999999999999999              1.3999999999999999
      0.140994637      0.48828125               0.0239752111713544             -0.0274990182427947              0.0057048855595121              0.5948733380009110              1.3999999999999999              1.3999999999999999
      0.140994637      0.49609375               0.0238888821407600             -0.0091254556174652              0.0056902013258590              0.5954863534771931              1.3999999999999999              1.3999999999999999
      0.140994637      0.50390625               0.0238888821407600              0.0091254556174650              0.0056902013258590              0.5954863534771933              1.3999999999999999              1.3999999999999999
      0.140994637      0.51171875               0.0239752111713544              0.0274990182427947              0.0057048855595121              0.5948733380009111              1.3999999999999999              1.3999999999999999
      0.140994637      0.51953125               0.0241944992898364              0.0462713042876404              0.0057364636408631              0.5927446123335273              1.3999999999999999              1.3999999999999999
      0.140994637      0.52734375               0.0245951586226997              0.0658009689679584              0.0057895725530566              0.5884870109877214              1.3999999999999999              1.3999999999999999
      0.140994637      0.53515625               0.0252259189086447              0.0865530824698650              0.0058714819817494              0.5818898018158287              1.3999999999999999              1.3999999999999999
      0.140994637      0.54296875               0.0261355735323736              0.1090740484250096              0.0059919745148303              0.5731627151216091              1.3999999999999999              1.3999999999999999
      0.140994637      0.55078125               0.0273733799594408              0.1339090921759739              0.0061626606204088              0.5628333648913680              1.3999999999999999              1.3999999999999999
      0.140994637      0.55859375               0.0289892020048598              0.1614845159849537              0.0063958067799608              0.5515680268543280              1.3999999999999999              1.3999999999999999
      0.140994637      0.56640625               0.0310329534921391              0.1920057033758722              0.0067031369933013              0.5400015337727432              1.3999999999999999              1.3999999999999999
      0.140994637      0.57421875               0.0335538427318087              0.2254194760918097              0.0070951665289713              0.5286403844771200              1.3999999999999999              1.3999999999999999
      0.140994637      0.58203125               0.0366003594178011              0.2614529194165686              0.0075813277654136              0.5178451718787127              1.3999999999999999              1.3999999999999999
      0.140994637      0.58984375               0.0402214732514054              0.2997010839078915              0.0081707100246277              0.5078574554912795              1.3999999999999999              1.3999999999999999
      0.140994637      0.59765625               0.0444687386084546              0.3397216249088962              0.0088730035857176              0.4988337798292415              1.3999999999999999              1.3999999999999999
      0.140994637      0.60546875               0.0493988049255141              0.3811045875852476              0.0096993451997488              0.4908694256052334              1.3999999999999999              1.3999999999999999
      0.140994637      0.61328125               0.0550763130338974              0.4235045645010225              0.0106630552265776              0.4840127560833115              1.3999999999999999              1.3999999999999999
      0.140994637      0.62109375               0.0615772657427942              0.4666415810833018              0.0117803889001201              0.4782767129238199              1.3999999999999999              1.3999999999999999
      0.140994637      0.62890625               0.0689894867928601              0.5103044457133261              0.0130706318943373              0.4736457865522919              1.3999999999999999              1.3999999999999999
      0.140994637      0.63671875               0.0774206055410332              0.5542633100738485              0.0145591227595920              0.4701307441943099              1.3999999999999999              1.3999999999999999
      0.140994637      0.64453125               0.0869579127367760              0.5984443260257916              0.0162703462495644              0.4677649720852671              1.3999999999999999              1.3999999999999999
      0.140994637      0.65234375               0.0972914648135618              0.6427489629341467              0.0182283563088371              0.4683955664499413              1.3999999999999999              1.3999999999999999
      0.140994637      0.66015625               0.1082124765711697              0.6871610424275735              0.0204523957711645              0.4725054914927779              1.3999999999999999              1.3999999999999999
      0.140994637      0.66796875               0.1198061664955996              0.7316414688302542              0.0229648293505397              0.4792079995186062              1.3999999999999999              1.3999999999999999
      0.140994637      0.67578125               0.1321510460529424              0.7761670317589293              0.0257904847971331              0.4878978556628466              1.3999999999999999              1.3999999999999999
      0.140994637      0.68359375               0.1453175296536164              0.8207297779266675              0.0289571874915155              0.4981709288710525              1.3999999999999999              1.3999999999999999
      0.140994637      0.69140625               0.1593684889226713              0.8653327752070721              0.0324959614699632              0.5097613977774943              1.3999999999999999              1.3999999999999999
      0.140994637      0.69921875               0.1743614481048584              0.9099872178308906              0.0364410539986896              0.5224929936457988              1.3999999999999999              1.3999999999999999
      0.140994637      0.70703125               0.1903528646243329              0.9547094582172232              0.0408299835435552              0.5362407288187442              1.3999999999999999              1.3999999999999999
      0.140994637      0.71484375               0.2074026517488496              0.9995180673065658              0.0457036464418245              0.5509047986663215              1.3999999999999999              1.3999999999999999
      0.140994637      0.72265625               0.2255772347621451              1.0444313740643696              0.0511064971936970              0.5663968845037173              1.3999999999999999              1.3999999999999999
      0.140994637      0.73046875               0.2449504380136497              1.0894656429998193              0.0570867691160820              0.5826359158510767              1.3999999999999999              1.3999999999999999
      0.140994637      0.73828125               0.2656025744471631              1.1346339292469714              0.0636966858799274              0.5995488373230988              1.3999999999999999              1.3999999999999999
      0.140994637      0.74609375               0.2876186341688869              1.1799455511373234              0.0709926390380798              0.6170726667556037              1.3999999999999999              1.3999999999999999
      0.140994637      0.75390625               0.3110865389787385              1.2254060198535277              0.0790353308002821              0.6351555025471857              1.3999999999999999              1.3999999999999999
      0.140994637      0.76171875               0.3360962795675718              1.2710172859212514              0.0878898777051468              0.6537552112911493              1.3999999999999999              1.3999999999999999
      0.140994637      0.76953125               0.3627411013119831              1.3167781806136838              0.0976259047114089              0.6728345944139624              1.3999999999999999              1.3999999999999999
      0.140994637      0.77734375               0.3911233729964568              1.3626850651291655              0.1083177119855686              0.6923500323934224              1.3999999999999999              1.3999999999999999
      0.140994637      0.78515625               0.4213341436598857              1.4087313133832322              0.1200442562359990              0.7122865428923233              1.3999999999999999              1.3999999999999999
      0.140994637      0.79296875               0.4534461093773091              1.4549068230909301              0.1328885092730206              0.7326587797583524              1.3999999999999999              1.3999999999999999
      0.140994637      0.80078125               0.4875353861930645              1.5011964763641279              0.1469367325135576              0.7534670132404019              1.3999999999999999              1.3999999999999999
      0.140994637      0.80859375               0.5236769900328178              1.5475771890256038              0.1622769581743285              0.7746996777735020              1.3999999999999999              1.3999999999999999
      0.140994637      0.81640625               0.5619366839528391              1.5940122093760281              0.1789957959039335              0.7963343603269539              1.3999999999999999              1.3999999999999999
      0.140994637      0.82421875               0.6023570249027347              1.6404408256553256              0.1971718011360317              0.8183344469497552              1.3999999999999999              1.3999999999999999
      0.140994637      0.83203125               0.6449334023879333              1.6867609643051293              0.2168630666414060              0.8406413198573989              1.3999999999999999              1.3999999999999999
      0.140994637      0.83984375               0.6895376267490365              1.7327626214534446              0.2380669226299683              0.8631397091134192              1.3999999999999999              1.3999999999999999
      0.140994637      0.84765625               0.7349365981030145              1.7772092656197971              0.2602223100630723              0.8851862552999353              1.3999999999999999              1.3999999999999999
      0.140994637      0.85546875               0.7799848950017070              1.8191979641503326              0.2827558878027245              0.9062864217457240              1.3999999999999999              1.3999999999999999
      0.140994637      0.86328125               0.8240830080291223              1.8584582929921916              0.3053214533911360              0.9262460529350774              1.3999999999999999              1.3999999999999999
      0.140994637      0.87109375               0.8660120871026257              1.8942477822299093              0.3272235390514278              0.9446275171118099              1.3999999999999999              1.3999999999999999
      0.140994637      0.87890625               0.9041022809466961              1.9255669448152948              0.3474845206506670              0.9608551155484644              1.3999999999999999              1.3999999999999999
      0.140994637      0.88671875               0.9365366696068682              1.9514077343793812              0.3650037182019341              0.9743444385235671              1.3999999999999999              1.3999999999999999
      0.140994637      0.89453125               0.9618635056326755              1.9710932815592368              0.3788530477426632              0.9846850554265203              1.3999999999999999              1.3999999999999999
      0.140994637      0.90234375               0.9795805378595280              1.9846245414605446              0.3886308858303822              0.9918298465779443              1.3999999999999999              1.3999999999999999
      0.140994637      0.91015625               0.9904351677351577              1.9928240484484889              0.3946595931500399              0.9961772511887722              1.3999999999999999              1.3999999999999999
      0.140994637      0.91796875               0.9961445130559651              1.9971123302170362              0.3978437994959076              0.9984590445501860              1.3999999999999999              1.3999999999999999
      0.140994637      0.92578125               0.9986827465686265              1.9990140363746474              0.3992627154272372              0.9994733482656626              1.3999999999999999              1.3999999999999999
      0.140994637      0.93359375               0.9996243595305673              1.9997188852755621              0.3997896762686199              0.9998497747102845              1.3999999999999999              1.3999999999999999
      0.140994637      0.94140625               0.9999122158864693              1.9999343082397594              0.3999508430936205              0.9999648887653737              1.3999999999999999              1.3999999999999999
      0.140994637      0.94921875               0.9999836069759570              1.9999877325993680              0.3999908199960211              0.9999934429066053              1.3999999999999999              1.3999999999999999
      0.140994637      0.95703125               0.9999976446084609              1.9999982373872285              0.3999986809829350              0.9999990578466578              1.3999999999999999              1.3999999999999999
      0.140994637      0.96484375               0.9999997552313311              1.9999998168319175              0.3999998629295740              0.9999999020925801              1.3999999999999999              1.3999999999999999
      0.140994637      0.97265625               0.9999999836097913              1.9999999877346908              0.3999999908214835              0.9999999934439175              1.3999999999999999              1.3999999999999999
      0.140994637      0.98046875               0.9999999994685395              1.9999999996022912              0.3999999997023823              0.9999999997874164              1.3999999999999999              1.3999999999999999
      0.140994637      0.98828125               1.0000000000000000              2.0000000000000000              0.3999999999999999              1.0000000000000000              1.3999999999999999              1.3999999999999999
      0.140994637      0.99609375               1.0000000000000000              2.0000000000000000              0.3999999999999999              1.0000000000000000              1.3999999999999999              1.3999999999999999
