      0.125243046      0.00390625               1.0000000000000000             -2.0000000000000000              0.3999999999999999              1.0000000000000000              1.3999999999999999              1.3999999999999999
      0.125243046      0.01171875               1.0000000000000000             -2.0000000000000000              0.3999999999999999              1.0000000000000000              1.3999999999999999              1.3999999999999999
      0.125243046      0.01953125               1.0000000000000000             -2.0000000000000000              0.3999999999999999              1.0000000000000000              1.3999999999999999              1.3999999999999999
      0.125243046      0.02734375               1.0000000000000000             -2.0000000000000000              0.3999999999999999              1.0000000000000000              1.3999999999999999              1.3999999999999999
      0.125243046      0.03515625               0.9999999999930086             -1.9999999999897176              0.3999999999915534              0.9999999999858752              1.3999999999999999              1.3999999999999999
      0.125243046      0.04296875               1.0000000000785332             -1.9999999999118439              0.3999999998734576              0.9999999996051110              1.3999999999999999              1.3999999999999999
      0.125243046      0.05078125               1.0000000136565284             -2.0000000121279178              0.4000000090722415              1.0000000090240755              1.3999999999999999              1.3999999999999999
      0.125243046      0.05859375               1.0000001003847006             -2.0000001440222008              0.4000001188320261              1.0000001966953451              1.3999999999999999              1.3999999999999999
      0.125243046      0.06640625               0.9999985165965670             -1.9999994082642725              0.3999999147496800              1.0000012702795176              1.3999999999999999              1.3999999999999999
      0.125243046      0.07421875               0.9999780953647889             -1.9999781054836447              0.3999832969987755              0.9999801466972706              1.3999999999999999              1.3999999999999999
      0.125243046      0.08203125               0.9999943125628025             -1.9999405989053598              0.3999365201762520              0.9998469870075761              1.3999999999999999              1.3999999999999999
      0.125243046      0.08984375               1.0010561198029637             -2.0008754984017627              0.4006448275765381              1.0005553626089325              1.3999999999999999              1.3999999999999999
      0.125243046      0.09765625               1.0023701582863742             -2.0028125710353146              0.4022616937087974              1.0032763106108764              1.3999999999999999              1.3999999999999999
      0.125243046      0.10546875               0.9922802501613868             -1.9962469084021395              0.3985029297249492              1.0040080150243236              1.3999999999999999              1.3999999999999999
      0.125243046      0.11328125               0.9601922940290711             -1.9641140393405538              0.3731884375468660              0.9716502617952880              1.3999999999999999              1.3999999999999999
      0.125243046      0.12109375               0.9845701462196813             -1.9535239249128777              0.3539523793985165              0.8987485065374440              1.3999999999999999              1.3999999999999999
      0.125243046      0.12890625               1.2915473099507118             -2.2117689557592257              0.5837566930009049              1.1299560776894468              1.3999999999999999              1.3999999999999999
      0.125243046      0.13671875               1.3036794746165759             -2.2787982477692914              0.6819673968083182              1.3077742844131439              1.3999999999999999              1.3999999999999999
      0.125243046      0.14453125               0.9364354319537502             -1.9449399885757110              0.3672503085966172              0.9804474928677076              1.3999999999999999              1.3999999999999999
      0.125243046      0.15234375               0.8658467432455006             -1.8868069646041670              0.3241089268090060              0.9358149387792662              1.3999999999999999              1.3999999999999999
      0.125243046      0.16015625               0.8067598215023641             -1.8298874427944996              0.2940714383512639              0.9112731897197057              1.3999999999999999              1.3999999999999999
      0.125243046      0.16796875               0.7604251013488403             -1.7870603387184814              0.2664254307551518              0.8759095086503821              1.3999999999999999              1.3999999999999999
      0.125243046      0.17578125               0.6984919790183299             -1.7262873790587061              0.2349594990964812              0.8409527458951517              1.3999999999999999              1.3999999999999999
      0.125243046      0.18359375                              NaN                             NaN              0.0000000000010000                             NaN              1.3999999999999999              1.3999999999999999
      0.125243046      0.19140625                              NaN                             NaN              0.0000000000010000                             NaN              1.3999999999999999              1.3999999999999999
      0.125243046      0.19921875                              NaN                             NaN              0.0000000000010000                             NaN              1.3999999999999999              1.3999999999999999
      0.125243046      0.20703125                              NaN                             NaN              0.0000000000010000                             NaN              1.3999999999999999              1.3999999999999999
      0.125243046      0.21484375                              NaN                             NaN              0.0000000000010000                             NaN              1.3999999999999999              1.3999999999999999
      0.125243046      0.22265625                              NaN                             NaN              0.0000000000010000                             NaN              1.3999999999999999              1.3999999999999999
      0.125243046      0.23046875                              NaN                             NaN              0.0000000000010000                             NaN              1.3999999999999999              1.3999999999999999
      0.125243046      0.23828125                              NaN                             NaN              0.0000000000010000                             NaN              1.3999999999999999              1.3999999999999999
      0.125243046      0.24609375                              NaN                             NaN              0.0000000000010000                             NaN              1.3999999999999999              1.3999999999999999
      0.125243046      0.25390625                              NaN                             NaN              0.0000000000010000                             NaN              1.3999999999999999              1.3999999999999999
      0.125243046      0.26171875                              NaN                             NaN              0.0000000000010000                             NaN              1.3999999999999999              1.3999999999999999
      0.125243046      0.26953125                              NaN                             NaN              0.0000000000010000                             NaN              1.3999999999999999              1.3999999999999999
      0.125243046      0.27734375                              NaN                             NaN              0.0000000000010000                             NaN              1.3999999999999999              1.3999999999999999
      0.125243046      0.28515625                              NaN                             NaN              0.0000000000010000                             NaN              1.3999999999999999              1.3999999999999999
      0.125243046      0.29296875                              NaN                             NaN              0.0000000000010000                             NaN              1.3999999999999999              1.3999999999999999
      0.125243046      0.30078125                              NaN                             NaN              0.0000000000010000                             NaN              1.3999999999999999              1.3999999999999999
      0.125243046      0.30859375                              NaN                             NaN              0.0000000000010000                             NaN              1.3999999999999999              1.3999999999999999
      0.125243046      0.31640625                              NaN                             NaN              0.0000000000010000                             NaN              1.3999999999999999              1.3999999999999999
      0.125243046      0.32421875                              NaN                             NaN              0.0000000000010000                             NaN              1.3999999999999999              1.3999999999999999
      0.125243046      0.33203125                              NaN                             NaN              0.0000000000010000                             NaN              1.3999999999999999              1.3999999999999999
      0.125243046      0.33984375                              NaN                             NaN              0.0000000000010000                             NaN              1.3999999999999999              1.3999999999999999
      0.125243046      0.34765625                              NaN                             NaN              0.0000000000010000                             NaN              1.3999999999999999              1.3999999999999999
      0.125243046      0.35546875                              NaN                             NaN              0.0000000000010000                             NaN              1.3999999999999999              1.3999999999999999
      0.125243046      0.36328125                              NaN                             NaN              0.0000000000010000                             NaN              1.3999999999999999              1.3999999999999999
      0.125243046      0.37109375                              NaN                             NaN              0.0000000000010000                             NaN              1.3999999999999999              1.3999999999999999
      0.125243046      0.37890625                              NaN                             NaN              0.0000000000010000                             NaN              1.3999999999999999              1.3999999999999999
      0.125243046      0.38671875                              NaN                             NaN              0.0000000000010000                             NaN              1.3999999999999999              1.3999999999999999
      0.125243046      0.39453125                              NaN                             NaN              0.0000000000010000                             NaN              1.3999999999999999              1.3999999999999999
      0.125243046      0.40234375                              NaN                             NaN              0.0000000000010000                             NaN              1.3999999999999999              1.3999999999999999
      0.125243046      0.41015625                              NaN                             NaN              0.0000000000010000                             NaN              1.3999999999999999              1.3999999999999999
      0.125243046      0.41796875                              NaN                             NaN              0.0000000000010000                             NaN              1.3999999999999999              1.3999999999999999
      0.125243046      0.42578125                              NaN                             NaN              0.0000000000010000                             NaN              1.3999999999999999              1.3999999999999999
      0.125243046      0.43359375                              NaN                             NaN              0.0000000000010000                             NaN              1.3999999999999999              1.3999999999999999
      0.125243046      0.44140625                              NaN                             NaN              0.0000000000010000                             NaN              1.3999999999999999              1.3999999999999999
      0.125243046      0.44921875                              NaN                             NaN              0.0000000000010000                             NaN              1.3999999999999999              1.3999999999999999
      0.125243046      0.45703125                              NaN                             NaN              0.0000000000010000                             NaN              1.3999999999999999              1.3999999999999999
      0.125243046      0.46484375                              NaN                             NaN              0.0000000000010000                             NaN              1.3999999999999999              1.3999999999999999
      0.125243046      0.47265625                              NaN                             NaN              0.0000000000010000                             NaN              1.3999999999999999              1.3999999999999999
      0.125243046      0.48046875                              NaN                             NaN              0.0000000000010000                             NaN              1.3999999999999999              1.3999999999999999
      0.125243046      0.48828125                              NaN                             NaN              0.0000000000010000                             NaN              1.3999999999999999              1.3999999999999999
      0.125243046      0.49609375                              NaN                             NaN              0.0000000000010000                             NaN              1.3999999999999999              1.3999999999999999
      0.125243046      0.50390625                              NaN                             NaN              0.0000000000010000                             NaN              1.3999999999999999              1.3999999999999999
      0.125243046      0.51171875                              NaN                             NaN              0.0000000000010000                             NaN              1.3999999999999999              1.3999999999999999
      0.125243046      0.51953125                              NaN                             NaN              0.0000000000010000                             NaN              1.3999999999999999              1.3999999999999999
      0.125243046      0.52734375                              NaN                             NaN              0.0000000000010000                             NaN              1.3999999999999999              1.3999999999999999
      0.125243046      0.53515625                              NaN                             NaN              0.0000000000010000                             NaN              1.3999999999999999              1.3999999999999999
      0.125243046      0.54296875                              NaN                             NaN              0.0000000000010000                             NaN              1.3999999999999999              1.3999999999999999
      0.125243046      0.55078125                              NaN                             NaN              0.0000000000010000                             NaN              1.3999999999999999              1.3999999999999999
      0.125243046      0.55859375                              NaN                             NaN              0.0000000000010000                             NaN              1.3999999999999999              1.3999999999999999
      0.125243046      0.56640625                              NaN                             NaN              0.0000000000010000                             NaN              1.3999999999999999              1.3999999999999999
      0.125243046      0.57421875                              NaN                             NaN              0.0000000000010000                             NaN              1.3999999999999999              1.3999999999999999
      0.125243046      0.58203125                              NaN                             NaN              0.0000000000010000                             NaN              1.3999999999999999              1.3999999999999999
      0.125243046      0.58984375                              NaN                             NaN              0.0000000000010000                             NaN              1.3999999999999999              1.3999999999999999
      0.125243046      0.59765625                              NaN                             NaN              0.0000000000010000                             NaN              1.3999999999999999              1.3999999999999999
      0.125243046      0.60546875                              NaN                             NaN              0.0000000000010000                             NaN              1.3999999999999999              1.3999999999999999
      0.125243046      0.61328125                              NaN                             NaN              0.0000000000010000                             NaN              1.3999999999999999              1.3999999999999999
      0.125243046      0.62109375                              NaN                             NaN              0.0000000000010000                             NaN              1.3999999999999999              1.3999999999999999
      0.125243046      0.62890625                              NaN                             NaN              0.0000000000010000                             NaN              1.3999999999999999              1.3999999999999999
      0.125243046      0.63671875                              NaN                             NaN              0.0000000000010000                             NaN              1.3999999999999999              1.3999999999999999
      0.125243046      0.64453125                              NaN                             NaN              0.0000000000010000                             NaN              1.3999999999999999              1.3999999999999999
      0.125243046      0.65234375                              NaN                             NaN              0.0000000000010000                             NaN              1.3999999999999999              1.3999999999999999
      0.125243046      0.66015625                              NaN                             NaN              0.0000000000010000                             NaN              1.3999999999999999              1.3999999999999999
      0.125243046      0.66796875                              NaN                             NaN              0.0000000000010000                             NaN              1.3999999999999999              1.3999999999999999
      0.125243046      0.67578125                              NaN                             NaN              0.0000000000010000                             NaN              1.3999999999999999              1.3999999999999999
      0.125243046      0.68359375                              NaN                             NaN              0.0000000000010000                             NaN              1.3999999999999999              1.3999999999999999
      0.125243046      0.69140625                              NaN                             NaN              0.0000000000010000                             NaN              1.3999999999999999              1.3999999999999999
      0.125243046      0.69921875                              NaN                             NaN              0.0000000000010000                             NaN              1.3999999999999999              1.3999999999999999
      0.125243046      0.70703125                              NaN                             NaN              0.0000000000010000                             NaN              1.3999999999999999              1.3999999999999999
      0.125243046      0.71484375                              NaN                             NaN              0.0000000000010000                             NaN              1.3999999999999999              1.3999999999999999
      0.125243046      0.72265625                              NaN                             NaN              0.0000000000010000                             NaN              1.3999999999999999              1.3999999999999999
      0.125243046      0.73046875                              NaN                             NaN              0.0000000000010000                             NaN              1.3999999999999999              1.3999999999999999
      0.125243046      0.73828125                              NaN                             NaN              0.0000000000010000                             NaN              1.3999999999999999              1.3999999999999999
      0.125243046      0.74609375                              NaN                             NaN              0.0000000000010000                             NaN              1.3999999999999999              1.3999999999999999
      0.125243046      0.75390625                              NaN                             NaN              0.0000000000010000                             NaN              1.3999999999999999              1.3999999999999999
      0.125243046      0.76171875                              NaN                             NaN              0.0000000000010000                             NaN              1.3999999999999999              1.3999999999999999
      0.125243046      0.76953125                              NaN                             NaN              0.0000000000010000                             NaN              1.3999999999999999              1.3999999999999999
      0.125243046      0.77734375                              NaN                             NaN              0.0000000000010000                             NaN              1.3999999999999999              1.3999999999999999
      0.125243046      0.78515625                              NaN                             NaN              0.0000000000010000                             NaN              1.3999999999999999              1.3999999999999999
      0.125243046      0.79296875                              NaN                             NaN              0.0000000000010000                             NaN              1.3999999999999999              1.3999999999999999
      0.125243046      0.80078125                              NaN                             NaN              0.0000000000010000                             NaN              1.3999999999999999              1.3999999999999999
      0.125243046      0.80859375                              NaN                             NaN              0.0000000000010000                             NaN              1.3999999999999999              1.3999999999999999
      0.125243046      0.81640625                              NaN                             NaN              0.0000000000010000                             NaN              1.3999999999999999              1.3999999999999999
      0.125243046      0.82421875                              NaN                             NaN              0.0000000000010000                             NaN              1.3999999999999999              1.3999999999999999
      0.125243046      0.83203125               0.7533026903021073              1.7830622592750334              0.2641971771242455              0.8767962086339123              1.3999999999999999              1.3999999999999999
      0.125243046      0.83984375               0.8110331519284565              1.8348558441235754              0.2973536169191584              0.9165889711540079              1.3999999999999999              1.3999999999999999
      0.125243046      0.84765625               0.8637385100603943              1.8845256727068673              0.3224981880655537              0.9334369844265832              1.3999999999999999              1.3999999999999999
      0.125243046      0.85546875               0.9367817655401627              1.9453023869508068              0.3675650596404640              0.9809249954511030              1.3999999999999999              1.3999999999999999
      0.125243046      0.86328125               1.3036155379507179              2.2787419839456380              0.6818895560187551              1.3076891463925875              1.3999999999999999              1.3999999999999999
      0.125243046      0.87109375               1.2914870729001784              2.2117371244906345              0.5837332677853243              1.1299634352407535              1.3999999999999999              1.3999999999999999
      0.125243046      0.87890625               0.9846248268930112              1.9535817603823562              0.3539928855312237              0.8988014415811811              1.3999999999999999              1.3999999999999999
      0.125243046      0.88671875               0.9601955024577938              1.9641160887877509              0.3731899982723307              0.9716510786529504              1.3999999999999999              1.3999999999999999
      0.125243046      0.89453125               0.9922780641681650              1.9962438968634977              0.3985001460507556              1.0040032135166208              1.3999999999999999              1.3999999999999999
      0.125243046      0.90234375               1.0023697404753917              2.0028123072550739              0.4022615623236536              1.0032764011134103              1.3999999999999999              1.3999999999999999
      0.125243046      0.91015625               1.0010561241156821              2.0008755232910920              0.4006448493378642              1.0005554126442906              1.3999999999999999              1.3999999999999999
      0.125243046      0.91796875               0.9999943228666057              1.9999406142060798              0.3999365328258609              0.9998470083294926              1.3999999999999999              1.3999999999999999
      0.125243046      0.92578125               0.9999780977305780              1.9999781078300265              0.3999832987589551              0.9999801487320221              1.3999999999999999              1.3999999999999999
      0.125243046      0.93359375               0.9999985166312282              1.9999994083582666              0.3999999148354062              1.0000012704591721              1.3999999999999999              1.3999999999999999
      0.125243046      0.94140625               1.0000001003817480              2.0000001440235606              0.4000001188347038              1.0000001967049919              1.3999999999999999              1.3999999999999999
      0.125243046      0.94921875               1.0000000136568226              2.0000000121281651              0.4000000090724273              1.0000000090242458              1.3999999999999999              1.3999999999999999
      0.125243046      0.95703125               1.0000000000785332              1.9999999999118443              0.3999999998734577              0.9999999996051114              1.3999999999999999              1.3999999999999999
      0.125243046      0.96484375               0.9999999999930086              1.9999999999897176              0.3999999999915534              0.9999999999858752              1.3999999999999999              1.3999999999999999
      0.125243046      0.97265625               1.0000000000000000              2.0000000000000000              0.3999999999999999              1.0000000000000000              1.3999999999999999              1.3999999999999999
      0.125243046      0.98046875               1.0000000000000000              2.0000000000000000              0.3999999999999999              1.0000000000000000              1.3999999999999999              1.3999999999999999
      0.125243046      0.98828125               1.0000000000000000              2.0000000000000000              0.3999999999999999              1.0000000000000000              1.3999999999999999              1.3999999999999999
      0.125243046      0.99609375               1.0000000000000000              2.0000000000000000              0.3999999999999999              1.0000000000000000              1.3999999999999999              1.3999999999999999
