      0.143268744      0.00390625               1.0000000000000000             -2.0000000000000000              0.3999999999999999              1.0000000000000000              1.3999999999999999              1.3999999999999999
      0.143268744      0.01171875               0.9999999996173484             -1.9999999997136497              0.3999999997857150              0.9999999998469394              1.3999999999999999              1.3999999999999999
      0.143268744      0.01953125               0.9999999880077240             -1.9999999910258024              0.3999999932843257              0.9999999952030902              1.3999999999999999              1.3999999999999999
      0.143268744      0.02734375               0.9999998179086221             -1.9999998637352994              0.3999998980288449              0.9999999271634770              1.3999999999999999              1.3999999999999999
      0.143268744      0.03515625               0.9999982173143732             -1.9999986659607412              0.3999990016973186              0.9999992869276523              1.3999999999999999              1.3999999999999999
      0.143268744      0.04296875               0.9999873687399526             -1.9999905476404647              0.3999929265480723              0.9999949475664098              1.3999999999999999              1.3999999999999999
      0.143268744      0.05078125               0.9999310843519611             -1.9999484281877740              0.3999614086074993              0.9999724352671461              1.3999999999999999              1.3999999999999999
      0.143268744      0.05859375               0.9996992804958866             -1.9997749554594004              0.3998316197556788              0.9998797327265959              1.3999999999999999              1.3999999999999999
      0.143268744      0.06640625               0.9989237288486518             -1.9991944502086652              0.3993975435130773              0.9995696667788103              1.3999999999999999              1.3999999999999999
      0.143268744      0.07421875               0.9967826442183696             -1.9975906650605411              0.3982003086055683              0.9987139897430158              1.3999999999999999              1.3999999999999999
      0.143268744      0.08203125               0.9918457763574969             -1.9938849137754517              0.3954453454385920              0.9967410127279187              1.3999999999999999              1.3999999999999999
      0.143268744      0.08984375               0.9822231205894968             -1.9866263244810018              0.3900955178227187              0.9928892673301071              1.3999999999999999              1.3999999999999999
      0.143268744      0.09765625               0.9661376817102515             -1.9743737445870058              0.3812042297987603              0.9864127986498644              1.3999999999999999              1.3999999999999999
      0.143268744      0.10546875               0.9426417063625263             -1.9561881810928514              0.3683267266997000              0.9768470995225808              1.3999999999999999              1.3999999999999999
      0.143268744      0.11328125               0.9119922563066474             -1.9319151999953157              0.3517207027085097              0.9641548496609371              1.3999999999999999              1.3999999999999999
      0.143268744      0.12109375               0.8754592462059445             -1.9021088398562287              0.3322119724090856              0.9486791471128502              1.3999999999999999              1.3999999999999999
      0.143268744      0.12890625               0.8347858294274398             -1.8677180758859961              0.3108648362744050              0.9309718292882980              1.3999999999999999              1.3999999999999999
      0.143268744      0.13671875               0.7916612740862076             -1.8297458923658949              0.2886743277879609              0.9116093499747404              1.3999999999999999              1.3999999999999999
      0.143268744      0.14453125               0.7473885812086859             -1.7889939393621652              0.2663867339259227              0.8910583484401076              1.3999999999999999              1.3999999999999999
      0.143268744      0.15234375               0.7026907101225913             -1.7458459633721439              0.2444150429944215              0.8695683587156751              1.3999999999999999              1.3999999999999999
      0.143268744      0.16015625               0.6583274156709898             -1.7007976841237522              0.2231553976076020              0.8474331779884727              1.3999999999999999              1.3999999999999999
      0.143268744      0.16796875               0.6157925652468281             -1.6552887735504229              0.2033104143231320              0.8254013843185941              1.3999999999999999              1.3999999999999999
      0.143268744      0.17578125               0.5753232339785093             -1.6096236474583485              0.1849402999302074              0.8036364994826358              1.3999999999999999              1.3999999999999999
      0.143268744      0.18359375               0.5369509515817917             -1.5639241628669678              0.1680028095191347              0.7822074298603021              1.3999999999999999              1.3999999999999999
      0.143268744      0.19140625               0.5006468026640528             -1.5182586070540920              0.1524278740849724              0.7611547366020808              1.3999999999999999              1.3999999999999999
      0.143268744      0.19921875               0.4663537955804801             -1.4726683268059664              0.1381347499254997              0.7405040509725055              1.3999999999999999              1.3999999999999999
      0.143268744      0.20703125               0.4340022954654340             -1.4271791814672918              0.1250396179871016              0.7202704875846700              1.3999999999999999              1.3999999999999999
      0.143268744      0.21484375               0.4035190272151806             -1.3818079468628750              0.1130594739691860              0.7004593733128716              1.3999999999999999              1.3999999999999999
      0.143268744      0.22265625               0.3748330483243002             -1.3365658468702588              0.1021139737860609              0.6810630375480750              1.3999999999999999              1.3999999999999999
      0.143268744      0.23046875               0.3478711219770660             -1.2914604727644861              0.0921262793154769              0.6620719103664958              1.3999999999999999              1.3999999999999999
      0.143268744      0.23828125               0.3225362446805478             -1.2464963584010174              0.0830236454918655              0.6435218278653868              1.3999999999999999              1.3999999999999999
      0.143268744      0.24609375               0.2987363759477992             -1.2016757245081922              0.0747377659711431              0.6254491584262465              1.3999999999999999              1.3999999999999999
      0.143268744      0.25390625               0.2763849536936479             -1.1569981876716442              0.0672046113837624              0.6078895620549383              1.3999999999999999              1.3999999999999999
      0.143268744      0.26171875               0.2553975598426614             -1.1124602632059915              0.0603643188756676              0.5908858224101204              1.3999999999999999              1.3999999999999999
      0.143268744      0.26953125               0.2356917825862068             -1.0680550439863865              0.0541611087706295              0.5744908474993132              1.3999999999999999              1.3999999999999999
      0.143268744      0.27734375               0.2171884228898350             -1.0237720833107891              0.0485431798111466              0.5587680407321856              1.3999999999999999              1.3999999999999999
      0.143268744      0.28515625               0.1998132343479092             -0.9795976341377630              0.0434625687896706              0.5437899162624379              1.3999999999999999              1.3999999999999999
      0.143268744      0.29296875               0.1834984594508760             -0.9355153515387034              0.0388749764579569              0.5296362783411280              1.3999999999999999              1.3999999999999999
      0.143268744      0.30078125               0.1681832842800445             -0.8915075699734312              0.0347395646946980              0.5163944330646530              1.3999999999999999              1.3999999999999999
      0.143268744      0.30859375               0.1538124942832791             -0.8475572149925367              0.0310187559918411              0.5041650897149046              1.3999999999999999              1.3999999999999999
      0.143268744      0.31640625               0.1403331993001212             -0.8036502919624909              0.0276780793106265              0.4930778933400002              1.3999999999999999              1.3999999999999999
      0.143268744      0.32421875               0.1276904791182299             -0.7597786439756011              0.0246860763847400              0.4833186576479770              1.3999999999999999              1.3999999999999999
      0.143268744      0.33203125               0.1158236709738911             -0.7159427541924712              0.0220142635078643              0.4751676259861163              1.3999999999999999              1.3999999999999999
      0.143268744      0.33984375               0.1046647731614368             -0.6721547416955201              0.0196371095163701              0.4690477254959868              1.3999999999999999              1.3999999999999999
      0.143268744      0.34765625               0.0941377953778616             -0.6284433216820876              0.0175316756695435              0.4655854643496997              1.3999999999999999              1.3999999999999999
      0.143268744      0.35546875               0.0841720924477065             -0.5848435285804600              0.0156776273802957              0.4656420829158932              1.3999999999999999              1.3999999999999999
      0.143268744      0.36328125               0.0750530901617107             -0.5413835065852709              0.0140565978297991              0.4682218213637998              1.3999999999999999              1.3999999999999999
      0.143268744      0.37109375               0.0669978783014069             -0.4981534056163349              0.0126455045123243              0.4718621258211841              1.3999999999999999              1.3999999999999999
      0.143268744      0.37890625               0.0599076871337571             -0.4552603158190720              0.0114205420221356              0.4765891727983407              1.3999999999999999              1.3999999999999999
      0.143268744      0.38671875               0.0536828975990329             -0.4129282306073103              0.0103586726345860              0.4824009646403949              1.3999999999999999              1.3999999999999999
      0.143268744      0.39453125               0.0482422951553345             -0.3713706420127957              0.0094423141600979              0.4893172127121422              1.3999999999999999              1.3999999999999999
      0.143268744      0.40234375               0.0435153062607349             -0.3308740484931141              0.0086565590608251              0.4973284003194631              1.3999999999999999              1.3999999999999999
      0.143268744      0.41015625               0.0394416314917274             -0.2917891176628251              0.0079891609140358              0.5063913821434746              1.3999999999999999              1.3999999999999999
      0.143268744      0.41796875               0.0359681355523416             -0.2545238176551650              0.0074298318839269              0.5164176409084945              1.3999999999999999              1.3999999999999999
      0.143268744      0.42578125               0.0330459601824735             -0.2195067521122465              0.0069694730065359              0.5272560524835601              1.3999999999999999              1.3999999999999999
      0.143268744      0.43359375               0.0306281270180346             -0.1871141322219860              0.0065993263815297              0.5386655195764836              1.3999999999999999              1.3999999999999999
      0.143268744      0.44140625               0.0286677208481011             -0.1575763278667447              0.0063100986877059              0.5502790683239714              1.3999999999999999              1.3999999999999999
      0.143268744      0.44921875               0.0271170830050716             -0.1308986721196531              0.0060913562087731              0.5615792273484823              1.3999999999999999              1.3999999999999999
      0.143268744      0.45703125               0.0259281530547508             -0.1068368940524433              0.0059315528695006              0.5719220394309741              1.3999999999999999              1.3999999999999999
      0.143268744      0.46484375               0.0250533342705368             -0.0849474541010691              0.0058187941837366              0.5806406964540830              1.3999999999999999              1.3999999999999999
      0.143268744      0.47265625               0.0244459132612403             -0.0646929768692724              0.0057420231534827              0.5872170832933131              1.3999999999999999              1.3999999999999999
      0.143268744      0.48046875               0.0240596560911372             -0.0455531505692682              0.0056920841464838              0.5914552690323536              1.3999999999999999              1.3999999999999999
      0.143268744      0.48828125               0.0238481688434053             -0.0270961783982638              0.0056622745656540              0.5935754022493585              1.3999999999999999              1.3999999999999999
      0.143268744      0.49609375               0.0237649992682189             -0.0089956806927586              0.0056483688859182              0.5941898863712354              1.3999999999999999              1.3999999999999999
      0.143268744      0.50390625               0.0237649992682189              0.0089956806927584              0.0056483688859182              0.5941898863712354              1.3999999999999999              1.3999999999999999
      0.143268744      0.51171875               0.0238481688434053              0.0270961783982638              0.0056622745656540              0.5935754022493583              1.3999999999999999              1.3999999999999999
      0.143268744      0.51953125               0.0240596560911372              0.0455531505692683              0.0056920841464838              0.5914552690323531              1.3999999999999999              1.3999999999999999
      0.143268744      0.52734375               0.0244459132612403              0.0646929768692724              0.0057420231534827              0.5872170832933128              1.3999999999999999              1.3999999999999999
      0.143268744      0.53515625               0.0250533342705368              0.0849474541010691              0.0058187941837366              0.5806406964540830              1.3999999999999999              1.3999999999999999
      0.143268744      0.54296875               0.0259281530547508              0.1068368940524435              0.0059315528695006              0.5719220394309744              1.3999999999999999              1.3999999999999999
      0.143268744      0.55078125               0.0271170830050716              0.1308986721196533              0.0060913562087731              0.5615792273484824              1.3999999999999999              1.3999999999999999
      0.143268744      0.55859375               0.0286677208481011              0.1575763278667447              0.0063100986877059              0.5502790683239713              1.3999999999999999              1.3999999999999999
      0.143268744      0.56640625               0.0306281270180347              0.1871141322219858              0.0065993263815297              0.5386655195764833              1.3999999999999999              1.3999999999999999
      0.143268744      0.57421875               0.0330459601824735              0.2195067521122465              0.0069694730065359              0.5272560524835602              1.3999999999999999              1.3999999999999999
      0.143268744      0.58203125               0.0359681355523416              0.2545238176551652              0.0074298318839269              0.5164176409084946              1.3999999999999999              1.3999999999999999
      0.143268744      0.58984375               0.0394416314917274              0.2917891176628254              0.0079891609140358              0.5063913821434746              1.3999999999999999              1.3999999999999999
      0.143268744      0.59765625               0.0435153062607349              0.3308740484931142              0.0086565590608251              0.4973284003194632              1.3999999999999999              1.3999999999999999
      0.143268744      0.60546875               0.0482422951553345              0.3713706420127954              0.0094423141600979              0.4893172127121423              1.3999999999999999              1.3999999999999999
      0.143268744      0.61328125               0.0536828975990329              0.4129282306073098              0.0103586726345860              0.4824009646403951              1.3999999999999999              1.3999999999999999
      0.143268744      0.62109375               0.0599076871337571              0.4552603158190726              0.0114205420221356              0.4765891727983403              1.3999999999999999              1.3999999999999999
      0.143268744      0.62890625               0.0669978783014070              0.4981534056163352              0.0126455045123243              0.4718621258211836              1.3999999999999999              1.3999999999999999
      0.143268744      0.63671875               0.0750530901617109              0.5413835065852706              0.0140565978297991              0.4682218213637995              1.3999999999999999              1.3999999999999999
      0.143268744      0.64453125               0.0841720924477065              0.5848435285804603              0.0156776273802956              0.4656420829158923              1.3999999999999999              1.3999999999999999
      0.143268744      0.65234375               0.0941377953778614              0.6284433216820875              0.0175316756695435              0.4655854643497001              1.3999999999999999              1.3999999999999999
      0.143268744      0.66015625               0.1046647731614368              0.6721547416955201              0.0196371095163702              0.4690477254959873              1.3999999999999999              1.3999999999999999
      0.143268744      0.66796875               0.1158236709738909              0.7159427541924712              0.0220142635078644              0.4751676259861173              1.3999999999999999              1.3999999999999999
      0.143268744      0.67578125               0.1276904791182296              0.7597786439756015              0.0246860763847399              0.4833186576479774              1.3999999999999999              1.3999999999999999
      0.143268744      0.68359375               0.1403331993001211              0.8036502919624914              0.0276780793106264              0.4930778933400001              1.3999999999999999              1.3999999999999999
      0.143268744      0.69140625               0.1538124942832789              0.8475572149925367              0.0310187559918411              0.5041650897149053              1.3999999999999999              1.3999999999999999
      0.143268744      0.69921875               0.1681832842800444              0.8915075699734313              0.0347395646946979              0.5163944330646527              1.3999999999999999              1.3999999999999999
      0.143268744      0.70703125               0.1834984594508760              0.9355153515387036              0.0388749764579569              0.5296362783411275              1.3999999999999999              1.3999999999999999
      0.143268744      0.71484375               0.1998132343479091              0.9795976341377634              0.0434625687896705              0.5437899162624377              1.3999999999999999              1.3999999999999999
      0.143268744      0.72265625               0.2171884228898349              1.0237720833107891              0.0485431798111465              0.5587680407321854              1.3999999999999999              1.3999999999999999
      0.143268744      0.73046875               0.2356917825862069              1.0680550439863870              0.0541611087706295              0.5744908474993125              1.3999999999999999              1.3999999999999999
      0.143268744      0.73828125               0.2553975598426616              1.1124602632059919              0.0603643188756676              0.5908858224101202              1.3999999999999999              1.3999999999999999
      0.143268744      0.74609375               0.2763849536936480              1.1569981876716442              0.0672046113837624              0.6078895620549385              1.3999999999999999              1.3999999999999999
      0.143268744      0.75390625               0.2987363759477992              1.2016757245081922              0.0747377659711431              0.6254491584262465              1.3999999999999999              1.3999999999999999
      0.143268744      0.76171875               0.3225362446805478              1.2464963584010174              0.0830236454918654              0.6435218278653866              1.3999999999999999              1.3999999999999999
      0.143268744      0.76953125               0.3478711219770659              1.2914604727644858              0.0921262793154769              0.6620719103664957              1.3999999999999999              1.3999999999999999
      0.143268744      0.77734375               0.3748330483243000              1.3365658468702588              0.1021139737860608              0.6810630375480750              1.3999999999999999              1.3999999999999999
      0.143268744      0.78515625               0.4035190272151806              1.3818079468628752              0.1130594739691860              0.7004593733128718              1.3999999999999999              1.3999999999999999
      0.143268744      0.79296875               0.4340022954654343              1.4271791814672918              0.1250396179871018              0.7202704875846700              1.3999999999999999              1.3999999999999999
      0.143268744      0.80078125               0.4663537955804801              1.4726683268059664              0.1381347499254997              0.7405040509725054              1.3999999999999999              1.3999999999999999
      0.143268744      0.80859375               0.5006468026640529              1.5182586070540922              0.1524278740849722              0.7611547366020799              1.3999999999999999              1.3999999999999999
      0.143268744      0.81640625               0.5369509515817918              1.5639241628669678              0.1680028095191347              0.7822074298603018              1.3999999999999999              1.3999999999999999
      0.143268744      0.82421875               0.5753232339785093              1.6096236474583490              0.1849402999302072              0.8036364994826350              1.3999999999999999              1.3999999999999999
      0.143268744      0.83203125               0.6157925652468282              1.6552887735504229              0.2033104143231319              0.8254013843185936              1.3999999999999999              1.3999999999999999
      0.143268744      0.83984375               0.6583274156709900              1.7007976841237520              0.2231553976076021              0.8474331779884727              1.3999999999999999              1.3999999999999999
      0.143268744      0.84765625               0.7026907101225910              1.7458459633721439              0.2444150429944207              0.8695683587156726              1.3999999999999999              1.3999999999999999
      0.143268744      0.85546875               0.7473885812086860              1.7889939393621652              0.2663867339259227              0.8910583484401075              1.3999999999999999              1.3999999999999999
      0.143268744      0.86328125               0.7916612740862078              1.8297458923658949              0.2886743277879614              0.9116093499747416              1.3999999999999999              1.3999999999999999
      0.143268744      0.87109375               0.8347858294274400              1.8677180758859961              0.3108648362744050              0.9309718292882977              1.3999999999999999              1.3999999999999999
      0.143268744      0.87890625               0.8754592462059443              1.9021088398562280              0.3322119724090858              0.9486791471128512              1.3999999999999999              1.3999999999999999
      0.143268744      0.88671875               0.9119922563066472              1.9319151999953155              0.3517207027085095              0.9641548496609369              1.3999999999999999              1.3999999999999999
      0.143268744      0.89453125               0.9426417063625261              1.9561881810928516              0.3683267266996998              0.9768470995225805              1.3999999999999999              1.3999999999999999
      0.143268744      0.90234375               0.9661376817102515              1.9743737445870060              0.3812042297987602              0.9864127986498640              1.3999999999999999              1.3999999999999999
      0.143268744      0.91015625               0.9822231205894968              1.9866263244810018              0.3900955178227187              0.9928892673301071              1.3999999999999999              1.3999999999999999
      0.143268744      0.91796875               0.9918457763574969              1.9938849137754517              0.3954453454385920              0.9967410127279187              1.3999999999999999              1.3999999999999999
      0.143268744      0.92578125               0.9967826442183696              1.9975906650605411              0.3982003086055683              0.9987139897430158              1.3999999999999999              1.3999999999999999
      0.143268744      0.93359375               0.9989237288486518              1.9991944502086652              0.3993975435130773              0.9995696667788103              1.3999999999999999              1.3999999999999999
      0.143268744      0.94140625               0.9996992804958866              1.9997749554594004              0.3998316197556788              0.9998797327265959              1.3999999999999999              1.3999999999999999
      0.143268744      0.94921875               0.9999310843519611              1.9999484281877740              0.3999614086074993              0.9999724352671461              1.3999999999999999              1.3999999999999999
      0.143268744      0.95703125               0.9999873687399526              1.9999905476404647              0.3999929265480723              0.9999949475664098              1.3999999999999999              1.3999999999999999
      0.143268744      0.96484375               0.9999982173143732              1.9999986659607412              0.3999990016973186              0.9999992869276523              1.3999999999999999              1.3999999999999999
      0.143268744      0.97265625               0.9999998179086221              1.9999998637352994              0.3999998980288449              0.9999999271634770              1.3999999999999999              1.3999999999999999
      0.143268744      0.98046875               0.9999999880077240              1.9999999910258024              0.3999999932843257              0.9999999952030902              1.3999999999999999              1.3999999999999999
      0.143268744      0.98828125               0.9999999996173484              1.9999999997136497              0.3999999997857150              0.9999999998469394              1.3999999999999999              1.3999999999999999
      0.143268744      0.99609375               1.0000000000000000              2.0000000000000000              0.3999999999999999              1.0000000000000000              1.3999999999999999              1.3999999999999999
