      0.059126783      0.00390625               1.0000000000000000             -2.0000000000000000              0.3999999999999999              1.0000000000000000              1.3999999999999999              1.3999999999999999
      0.059126783      0.01171875               1.0000000000000000             -2.0000000000000000              0.3999999999999999              1.0000000000000000              1.3999999999999999              1.3999999999999999
      0.059126783      0.01953125               1.0000000000000000             -2.0000000000000000              0.3999999999999999              1.0000000000000000              1.3999999999999999              1.3999999999999999
      0.059126783      0.02734375               1.0000000000000000             -2.0000000000000000              0.3999999999999999              1.0000000000000000              1.3999999999999999              1.3999999999999999
      0.059126783      0.03515625               1.0000000000000000             -2.0000000000000000              0.3999999999999999              1.0000000000000000              1.3999999999999999              1.3999999999999999
      0.059126783      0.04296875               1.0000000000000000             -2.0000000000000000              0.3999999999999999              1.0000000000000000              1.3999999999999999              1.3999999999999999
      0.059126783      0.05078125               1.0000000000000000             -2.0000000000000000              0.3999999999999999              1.0000000000000000              1.3999999999999999              1.3999999999999999
      0.059126783      0.05859375               1.0000000000000000             -2.0000000000000000              0.3999999999999999              1.0000000000000000              1.3999999999999999              1.3999999999999999
      0.059126783      0.06640625               1.0000000000000000             -2.0000000000000000              0.3999999999999999              1.0000000000000000              1.3999999999999999              1.3999999999999999
      0.059126783      0.07421875               1.0000000000000000             -2.0000000000000000              0.3999999999999999              1.0000000000000000              1.3999999999999999              1.3999999999999999
      0.059126783      0.08203125               1.0000000000000000             -2.0000000000000000              0.3999999999999999              1.0000000000000000              1.3999999999999999              1.3999999999999999
      0.059126783      0.08984375               1.0000000000000000             -2.0000000000000000              0.3999999999999999              1.0000000000000000              1.3999999999999999              1.3999999999999999
      0.059126783      0.09765625               1.0000000000000000             -2.0000000000000000              0.3999999999999999              1.0000000000000000              1.3999999999999999              1.3999999999999999
      0.059126783      0.10546875               1.0000000000000000             -2.0000000000000000              0.3999999999999999              1.0000000000000000              1.3999999999999999              1.3999999999999999
      0.059126783      0.11328125               1.0000000000000000             -2.0000000000000000              0.3999999999999999              1.0000000000000000              1.3999999999999999              1.3999999999999999
      0.059126783      0.12109375               1.0000000000000000             -2.0000000000000000              0.3999999999999999              1.0000000000000000              1.3999999999999999              1.3999999999999999
      0.059126783      0.12890625               1.0000000000000000             -2.0000000000000000              0.3999999999999999              1.0000000000000000              1.3999999999999999              1.3999999999999999
      0.059126783      0.13671875               1.0000000000000000             -2.0000000000000000              0.3999999999999999              1.0000000000000000              1.3999999999999999              1.3999999999999999
      0.059126783      0.14453125               1.0000000000000000             -2.0000000000000000              0.3999999999999999              1.0000000000000000              1.3999999999999999              1.3999999999999999
      0.059126783      0.15234375               1.0000000000000000             -2.0000000000000000              0.3999999999999999              1.0000000000000000              1.3999999999999999              1.3999999999999999
      0.059126783      0.16015625               1.0000000000000000             -2.0000000000000000              0.3999999999999999              1.0000000000000000              1.3999999999999999              1.3999999999999999
      0.059126783      0.16796875               1.0000000000000000             -2.0000000000000000              0.3999999999999999              1.0000000000000000              1.3999999999999999              1.3999999999999999
      0.059126783      0.17578125               1.0000000000000000             -2.0000000000000000              0.3999999999999999              1.0000000000000000              1.3999999999999999              1.3999999999999999
      0.059126783      0.18359375               1.0000000000000000             -2.0000000000000000              0.3999999999999999              1.0000000000000000              1.3999999999999999              1.3999999999999999
      0.059126783      0.19140625               1.0000000000000000             -2.0000000000000000              0.3999999999999999              1.0000000000000000              1.3999999999999999              1.3999999999999999
      0.059126783      0.19921875               1.0000000000000000             -2.0000000000000000              0.3999999999999999              1.0000000000000000              1.3999999999999999              1.3999999999999999
      0.059126783      0.20703125               1.0000000000000000             -2.0000000000000000              0.3999999999999999              1.0000000000000000              1.3999999999999999              1.3999999999999999
      0.059126783      0.21484375               1.0000000000000000             -2.0000000000000000              0.3999999999999999              1.0000000000000000              1.3999999999999999              1.3999999999999999
      0.059126783      0.22265625               1.0000000000000000             -2.0000000000000000              0.3999999999999999              1.0000000000000000              1.3999999999999999              1.3999999999999999
      0.059126783      0.23046875               1.0000000000000000             -2.0000000000000000              0.3999999999999999              1.0000000000000000              1.3999999999999999              1.3999999999999999
      0.059126783      0.23828125               1.0000000000000000             -2.0000000000000000              0.3999999999999999              1.0000000000000000              1.3999999999999999              1.3999999999999999
      0.059126783      0.24609375               1.0000000000000000             -2.0000000000000000              0.3999999999999999              1.0000000000000000              1.3999999999999999              1.3999999999999999
      0.059126783      0.25390625               1.0000000000000000             -2.0000000000000000              0.3999999999999999              1.0000000000000000              1.3999999999999999              1.3999999999999999
      0.059126783      0.26171875               1.0000000000000000             -2.0000000000000000              0.3999999999999999              1.0000000000000000              1.3999999999999999              1.3999999999999999
      0.059126783      0.26953125               1.0000000000000000             -2.0000000000000000              0.3999999999999999              1.0000000000000000              1.3999999999999999              1.3999999999999999
      0.059126783      0.27734375               1.0000000000000000             -2.0000000000000000              0.3999999999999999              1.0000000000000000              1.3999999999999999              1.3999999999999999
      0.059126783      0.28515625               1.0000000000000000             -2.0000000000000000              0.3999999999999999              1.0000000000000000              1.3999999999999999              1.3999999999999999
      0.059126783      0.29296875               1.0000000000000000             -2.0000000000000000              0.3999999999999999              1.0000000000000000              1.3999999999999999              1.3999999999999999
      0.059126783      0.30078125               0.9999272906137935             -1.9999455940052973              0.3999592875146631              0.9999709260589161              1.3999999999999999              1.3999999999999999
      0.059126783      0.30859375               0.9990647048701811             -1.9993003074157989              0.3994766363615720              0.9996265367353766              1.3999999999999999              1.3999999999999999
      0.059126783      0.31640625               0.9944135447611810             -1.9958200484359852              0.3968812231037056              0.9977770948378949              1.3999999999999999              1.3999999999999999
      0.059126783      0.32421875               0.9792816885255288             -1.9844518359979963              0.3884979607336567              0.9917931818948974              1.3999999999999999              1.3999999999999999
      0.059126783      0.33203125               0.9455503459887855             -1.9587331076703858              0.3700746297981909              0.9784635777674927              1.3999999999999999              1.3999999999999999
      0.059126783      0.33984375               0.8891513806918907             -1.9142741211832996              0.3399721065983579              0.9558892725719259              1.3999999999999999              1.3999999999999999
      0.059126783      0.34765625               0.8127021772794100             -1.8505166948202914              0.3004754374710311              0.9243098082894844              1.3999999999999999              1.3999999999999999
      0.059126783      0.35546875               0.7228412570931420             -1.7693823207667272              0.2559777313647482              0.8853179340998938              1.3999999999999999              1.3999999999999999
      0.059126783      0.36328125               0.6257096345155989             -1.6723614365213928              0.2103442878364677              0.8404229223644144              1.3999999999999999              1.3999999999999999
      0.059126783      0.37109375               0.5280040720142644             -1.5618051581938439              0.1671504519574426              0.7914259605981171              1.3999999999999999              1.3999999999999999
      0.059126783      0.37890625               0.4424465885994837             -1.4511156184698373              0.1318973980190425              0.7452729968861852              1.3999999999999999              1.3999999999999999
      0.059126783      0.38671875               0.3688168398265209             -1.3421314898834735              0.1038009360619259              0.7036076234395264              1.3999999999999999              1.3999999999999999
      0.059126783      0.39453125               0.3055983952697451             -1.2351122224171704              0.0816002520797111              0.6675448345178999              1.3999999999999999              1.3999999999999999
      0.059126783      0.40234375               0.2513161831309301             -1.1301033067700941              0.0641912228772597              0.6385504315475934              1.3999999999999999              1.3999999999999999
      0.059126783      0.41015625               0.2044243759204815             -1.0270189222207935              0.0506540091755910              0.6194712463656334              1.3999999999999999              1.3999999999999999
      0.059126783      0.41796875               0.1634148725134112             -0.9255494670855786              0.0402382458027779              0.6155842057685966              1.3999999999999999              1.3999999999999999
      0.059126783      0.42578125               0.1295790909308276             -0.8252966291979151              0.0323117364506291              0.6233979614017728              1.3999999999999999              1.3999999999999999
      0.059126783      0.43359375               0.1033259271041429             -0.7262928533271122              0.0262540367770202              0.6352238376375411              1.3999999999999999              1.3999999999999999
      0.059126783      0.44140625               0.0829823513928623             -0.6282001558087262              0.0215901356902427              0.6504435981823655              1.3999999999999999              1.3999999999999999
      0.059126783      0.44921875               0.0674137965324687             -0.5307251730513528              0.0180080956955186              0.6678193716194748              1.3999999999999999              1.3999999999999999
      0.059126783      0.45703125               0.0556937723881809             -0.4353288250352402              0.0152285187322618              0.6835826556208264              1.3999999999999999              1.3999999999999999
      0.059126783      0.46484375               0.0470806896390056             -0.3434345733549670              0.0130696005722413              0.6940000599212427              1.3999999999999999              1.3999999999999999
      0.059126783      0.47265625               0.0409439430187608             -0.2564224218062183              0.0114167238427244              0.6970947960173977              1.3999999999999999              1.3999999999999999
      0.059126783      0.48046875               0.0367615280346811             -0.1756715534575090              0.0101981205745952              0.6935321462273180              1.3999999999999999              1.3999999999999999
      0.059126783      0.48828125               0.0341642559797484             -0.1017174847530267              0.0093819285035231              0.6865310127845610              1.3999999999999999              1.3999999999999999
      0.059126783      0.49609375               0.0329347404461297             -0.0332075896893692              0.0089685693247033              0.6807833615216233              1.3999999999999999              1.3999999999999999
      0.059126783      0.50390625               0.0329347404461297              0.0332075896893691              0.0089685693247033              0.6807833615216236              1.3999999999999999              1.3999999999999999
      0.059126783      0.51171875               0.0341642559797484              0.1017174847530268              0.0093819285035231              0.6865310127845611              1.3999999999999999              1.3999999999999999
      0.059126783      0.51953125               0.0367615280346811              0.1756715534575091              0.0101981205745952              0.6935321462273178              1.3999999999999999              1.3999999999999999
      0.059126783      0.52734375               0.0409439430187608              0.2564224218062184              0.0114167238427244              0.6970947960173974              1.3999999999999999              1.3999999999999999
      0.059126783      0.53515625               0.0470806896390056              0.3434345733549669              0.0130696005722413              0.6940000599212427              1.3999999999999999              1.3999999999999999
      0.059126783      0.54296875               0.0556937723881809              0.4353288250352400              0.0152285187322618              0.6835826556208268              1.3999999999999999              1.3999999999999999
      0.059126783      0.55078125               0.0674137965324687              0.5307251730513530              0.0180080956955185              0.6678193716194748              1.3999999999999999              1.3999999999999999
      0.059126783      0.55859375               0.0829823513928623              0.6282001558087262              0.0215901356902427              0.6504435981823655              1.3999999999999999              1.3999999999999999
      0.059126783      0.56640625               0.1033259271041429              0.7262928533271125              0.0262540367770202              0.6352238376375409              1.3999999999999999              1.3999999999999999
      0.059126783      0.57421875               0.1295790909308276              0.8252966291979151              0.0323117364506291              0.6233979614017723              1.3999999999999999              1.3999999999999999
      0.059126783      0.58203125               0.1634148725134113              0.9255494670855785              0.0402382458027779              0.6155842057685967              1.3999999999999999              1.3999999999999999
      0.059126783      0.58984375               0.2044243759204815              1.0270189222207935              0.0506540091755910              0.6194712463656337              1.3999999999999999              1.3999999999999999
      0.059126783      0.59765625               0.2513161831309300              1.1301033067700939              0.0641912228772598              0.6385504315475939              1.3999999999999999              1.3999999999999999
      0.059126783      0.60546875               0.3055983952697452              1.2351122224171702              0.0816002520797111              0.6675448345179001              1.3999999999999999              1.3999999999999999
      0.059126783      0.61328125               0.3688168398265209              1.3421314898834737              0.1038009360619258              0.7036076234395259              1.3999999999999999              1.3999999999999999
      0.059126783      0.62109375               0.4424465885994837              1.4511156184698375              0.1318973980190424              0.7452729968861850              1.3999999999999999              1.3999999999999999
      0.059126783      0.62890625               0.5280040720142644              1.5618051581938439              0.1671504519574426              0.7914259605981171              1.3999999999999999              1.3999999999999999
      0.059126783      0.63671875               0.6257096345155989              1.6723614365213928              0.2103442878364677              0.8404229223644144              1.3999999999999999              1.3999999999999999
      0.059126783      0.64453125               0.7228412570931420              1.7693823207667272              0.2559777313647482              0.8853179340998938              1.3999999999999999              1.3999999999999999
      0.059126783      0.65234375               0.8127021772794100              1.8505166948202914              0.3004754374710311              0.9243098082894844              1.3999999999999999              1.3999999999999999
      0.059126783      0.66015625               0.8891513806918907              1.9142741211832996              0.3399721065983579              0.9558892725719259              1.3999999999999999              1.3999999999999999
      0.059126783      0.66796875               0.9455503459887855              1.9587331076703858              0.3700746297981909              0.9784635777674927              1.3999999999999999              1.3999999999999999
      0.059126783      0.67578125               0.9792816885255288              1.9844518359979963              0.3884979607336567              0.9917931818948974              1.3999999999999999              1.3999999999999999
      0.059126783      0.68359375               0.9944135447611810              1.9958200484359852              0.3968812231037056              0.9977770948378949              1.3999999999999999              1.3999999999999999
      0.059126783      0.69140625               0.9990647048701811              1.9993003074157989              0.3994766363615720              0.9996265367353766              1.3999999999999999              1.3999999999999999
      0.059126783      0.69921875               0.9999272906137935              1.9999455940052973              0.3999592875146631              0.9999709260589161              1.3999999999999999              1.3999999999999999
      0.059126783      0.70703125               1.0000000000000000              2.0000000000000000              0.3999999999999999              1.0000000000000000              1.3999999999999999              1.3999999999999999
      0.059126783      0.71484375               1.0000000000000000              2.0000000000000000              0.3999999999999999              1.0000000000000000              1.3999999999999999              1.3999999999999999
      0.059126783      0.72265625               1.0000000000000000              2.0000000000000000              0.3999999999999999              1.0000000000000000              1.3999999999999999              1.3999999999999999
      0.059126783      0.73046875               1.0000000000000000              2.0000000000000000              0.3999999999999999              1.0000000000000000              1.3999999999999999              1.3999999999999999
      0.059126783      0.73828125               1.0000000000000000              2.0000000000000000              0.3999999999999999              1.0000000000000000              1.3999999999999999              1.3999999999999999
      0.059126783      0.74609375               1.0000000000000000              2.0000000000000000              0.3999999999999999              1.0000000000000000              1.3999999999999999              1.3999999999999999
      0.059126783      0.75390625               1.0000000000000000              2.0000000000000000              0.3999999999999999              1.0000000000000000              1.3999999999999999              1.3999999999999999
      0.059126783      0.76171875               1.0000000000000000              2.0000000000000000              0.3999999999999999              1.0000000000000000              1.3999999999999999              1.3999999999999999
      0.059126783      0.76953125               1.0000000000000000              2.0000000000000000              0.3999999999999999              1.0000000000000000              1.3999999999999999              1.3999999999999999
      0.059126783      0.77734375               1.0000000000000000              2.0000000000000000              0.3999999999999999              1.0000000000000000              1.3999999999999999              1.3999999999999999
      0.059126783      0.78515625               1.0000000000000000              2.0000000000000000              0.3999999999999999              1.0000000000000000              1.3999999999999999              1.3999999999999999
      0.059126783      0.79296875               1.0000000000000000              2.0000000000000000              0.3999999999999999              1.0000000000000000              1.3999999999999999              1.3999999999999999
      0.059126783      0.80078125               1.0000000000000000              2.0000000000000000              0.3999999999999999              1.0000000000000000              1.3999999999999999              1.3999999999999999
      0.059126783      0.80859375               1.0000000000000000              2.0000000000000000              0.3999999999999999              1.0000000000000000              1.3999999999999999              1.3999999999999999
      0.059126783      0.81640625               1.0000000000000000              2.0000000000000000              0.3999999999999999              1.0000000000000000              1.3999999999999999              1.3999999999999999
      0.059126783      0.82421875               1.0000000000000000              2.0000000000000000              0.3999999999999999              1.0000000000000000              1.3999999999999999              1.3999999999999999
      0.059126783      0.83203125               1.0000000000000000              2.0000000000000000              0.3999999999999999              1.0000000000000000              1.3999999999999999              1.3999999999999999
      0.059126783      0.83984375               1.0000000000000000              2.0000000000000000              0.3999999999999999              1.0000000000000000              1.3999999999999999              1.3999999999999999
      0.059126783      0.84765625               1.0000000000000000              2.0000000000000000              0.3999999999999999              1.0000000000000000              1.3999999999999999              1.3999999999999999
      0.059126783      0.85546875               1.0000000000000000              2.0000000000000000              0.3999999999999999              1.0000000000000000              1.3999999999999999              1.3999999999999999
      0.059126783      0.86328125               1.0000000000000000              2.0000000000000000              0.3999999999999999              1.0000000000000000              1.3999999999999999              1.3999999999999999
      0.059126783      0.87109375               1.0000000000000000              2.0000000000000000              0.3999999999999999              1.0000000000000000              1.3999999999999999              1.3999999999999999
      0.059126783      0.87890625               1.0000000000000000              2.0000000000000000              0.3999999999999999              1.0000000000000000              1.3999999999999999              1.3999999999999999
      0.059126783      0.88671875               1.0000000000000000              2.0000000000000000              0.3999999999999999              1.0000000000000000              1.3999999999999999              1.3999999999999999
      0.059126783      0.89453125               1.0000000000000000              2.0000000000000000              0.3999999999999999              1.0000000000000000              1.3999999999999999              1.3999999999999999
      0.059126783      0.90234375               1.0000000000000000              2.0000000000000000              0.3999999999999999              1.0000000000000000              1.3999999999999999              1.3999999999999999
      0.059126783      0.91015625               1.0000000000000000              2.0000000000000000              0.3999999999999999              1.0000000000000000              1.3999999999999999              1.3999999999999999
      0.059126783      0.91796875               1.0000000000000000              2.0000000000000000              0.3999999999999999              1.0000000000000000              1.3999999999999999              1.3999999999999999
      0.059126783      0.92578125               1.0000000000000000              2.0000000000000000              0.3999999999999999              1.0000000000000000              1.3999999999999999              1.3999999999999999
      0.059126783      0.93359375               1.0000000000000000              2.0000000000000000              0.3999999999999999              1.0000000000000000              1.3999999999999999              1.3999999999999999
      0.059126783      0.94140625               1.0000000000000000              2.0000000000000000              0.3999999999999999              1.0000000000000000              1.3999999999999999              1.3999999999999999
      0.059126783      0.94921875               1.0000000000000000              2.0000000000000000              0.3999999999999999              1.0000000000000000              1.3999999999999999              1.3999999999999999
      0.059126783      0.95703125               1.0000000000000000              2.0000000000000000              0.3999999999999999              1.0000000000000000              1.3999999999999999              1.3999999999999999
      0.059126783      0.96484375               1.0000000000000000              2.0000000000000000              0.3999999999999999              1.0000000000000000              1.3999999999999999              1.3999999999999999
      0.059126783      0.97265625               1.0000000000000000              2.0000000000000000              0.3999999999999999              1.0000000000000000              1.3999999999999999              1.3999999999999999
      0.059126783      0.98046875               1.0000000000000000              2.0000000000000000              0.3999999999999999              1.0000000000000000              1.3999999999999999              1.3999999999999999
      0.059126783      0.98828125               1.0000000000000000              2.0000000000000000              0.3999999999999999              1.0000000000000000              1.3999999999999999              1.3999999999999999
      0.059126783      0.99609375               1.0000000000000000              2.0000000000000000              0.3999999999999999              1.0000000000000000              1.3999999999999999              1.3999999999999999
