      0.118253567      0.00390625               1.0000000000000000             -2.0000000000000000              0.3999999999999999              1.0000000000000000              1.3999999999999999              1.3999999999999999
      0.118253567      0.01171875               1.0000000000000000             -2.0000000000000000              0.3999999999999999              1.0000000000000000              1.3999999999999999              1.3999999999999999
      0.118253567      0.01953125               1.0000000000000000             -2.0000000000000000              0.3999999999999999              1.0000000000000000              1.3999999999999999              1.3999999999999999
      0.118253567      0.02734375               1.0000000000000000             -2.0000000000000000              0.3999999999999999              1.0000000000000000              1.3999999999999999              1.3999999999999999
      0.118253567      0.03515625               1.0000000000000000             -2.0000000000000000              0.3999999999999999              1.0000000000000000              1.3999999999999999              1.3999999999999999
      0.118253567      0.04296875               1.0000000000000000             -2.0000000000000000              0.3999999999999999              1.0000000000000000              1.3999999999999999              1.3999999999999999
      0.118253567      0.05078125               1.0000000000000000             -2.0000000000000000              0.3999999999999999              1.0000000000000000              1.3999999999999999              1.3999999999999999
      0.118253567      0.05859375               1.0000000000000000             -2.0000000000000000              0.3999999999999999              1.0000000000000000              1.3999999999999999              1.3999999999999999
      0.118253567      0.06640625               1.0000000000000000             -2.0000000000000000              0.3999999999999999              1.0000000000000000              1.3999999999999999              1.3999999999999999
      0.118253567      0.07421875               1.0000000000000000             -2.0000000000000000              0.3999999999999999              1.0000000000000000              1.3999999999999999              1.3999999999999999
      0.118253567      0.08203125               1.0000000000000000             -2.0000000000000000              0.3999999999999999              1.0000000000000000              1.3999999999999999              1.3999999999999999
      0.118253567      0.08984375               1.0000000000000000             -2.0000000000000000              0.3999999999999999              1.0000000000000000              1.3999999999999999              1.3999999999999999
      0.118253567      0.09765625               0.9999999858046549             -1.9999999893771763              0.3999999920506072              0.9999999943218633              1.3999999999999999              1.3999999999999999
      0.118253567      0.10546875               0.9999996331927965             -1.9999997255066821              0.3999997945880439              0.9999998532772597              1.3999999999999999              1.3999999999999999
      0.118253567      0.11328125               0.9999954401295686             -1.9999965877101749              0.3999974464817890              0.9999981760665871              1.3999999999999999              1.3999999999999999
      0.118253567      0.12109375               0.9999637449501098             -1.9999728693276757              0.3999796976403437              0.9999854986250016              1.3999999999999999              1.3999999999999999
      0.118253567      0.12890625               0.9997932775650343             -1.9998453029464007              0.3998842480304735              0.9999173254204593              1.3999999999999999              1.3999999999999999
      0.118253567      0.13671875               0.9991015385033928             -1.9993275914015809              0.3994970626897816              0.9996407954896395              1.3999999999999999              1.3999999999999999
      0.118253567      0.14453125               0.9969087380246100             -1.9976854454750976              0.3982709430440205              0.9987648012625524              1.3999999999999999              1.3999999999999999
      0.118253567      0.15234375               0.9913483394755456             -1.9935124897507892              0.3951691388814905              0.9965446128919414              1.3999999999999999              1.3999999999999999
      0.118253567      0.16015625               0.9798382341121127             -1.9848265333863491              0.3887776246543239              0.9919433920809836              1.3999999999999999              1.3999999999999999
      0.118253567      0.16796875               0.9599623465341066             -1.9696520908079040              0.3778216343210703              0.9839490988505316              1.3999999999999999              1.3999999999999999
      0.118253567      0.17578125               0.9305900278057215             -1.9467749029891213              0.3618026707880655              0.9719711687679905              1.3999999999999999              1.3999999999999999
      0.118253567      0.18359375               0.8923539037349743             -1.9161174688609681              0.3412511361670237              0.9560420331516083              1.3999999999999999              1.3999999999999999
      0.118253567      0.19140625               0.8472220208343477             -1.8785407766695446              0.3174360797408656              0.9366968513998648              1.3999999999999999              1.3999999999999999
      0.118253567      0.19921875               0.7976167091537388             -1.8353316680299012              0.2918307696297102              0.9146961387611194              1.3999999999999999              1.3999999999999999
      0.118253567      0.20703125               0.7456626884043841             -1.7877003083825622              0.2656820744247293              0.8907582428230806              1.3999999999999999              1.3999999999999999
      0.118253567      0.21484375               0.6927198313373784             -1.7363595325159484              0.2397766411202928              0.8653449427648672              1.3999999999999999              1.3999999999999999
      0.118253567      0.22265625               0.6397585009929736             -1.6817729650651192              0.2146463583512975              0.8387788439627745              1.3999999999999999              1.3999999999999999
      0.118253567      0.23046875               0.5893670291174851             -1.6264205058735983              0.1915099752043242              0.8123544656505903              1.3999999999999999              1.3999999999999999
      0.118253567      0.23828125               0.5420637854982748             -1.5709732130156235              0.1705178163146780              0.7864287417666860              1.3999999999999999              1.3999999999999999
      0.118253567      0.24609375               0.4978349701343313             -1.5155912477034441              0.1515593708383098              0.7610924298739722              1.3999999999999999              1.3999999999999999
      0.118253567      0.25390625               0.4565891479381609             -1.4603583715696280              0.1344908900232171              0.7363889978032955              1.3999999999999999              1.3999999999999999
      0.118253567      0.26171875               0.4182091008287382             -1.4053214915029000              0.1191609455739690              0.7123287449856748              1.3999999999999999              1.3999999999999999
      0.118253567      0.26953125               0.3825717117663938             -1.3505089820185674              0.1054204366505997              0.6888933068512634              1.3999999999999999              1.3999999999999999
      0.118253567      0.27734375               0.3495081639132452             -1.2959382348502777              0.0931273619394016              0.6661315210545246              1.3999999999999999              1.3999999999999999
      0.118253567      0.28515625               0.3188367715600241             -1.2416193812154106              0.0821492772305939              0.6441327080048584              1.3999999999999999              1.3999999999999999
      0.118253567      0.29296875               0.2903903885949301             -1.1875566193918439              0.0723635388232197              0.6229849683847550              1.3999999999999999              1.3999999999999999
      0.118253567      0.30078125               0.2640099946120753             -1.1337467316994321              0.0636570346378269              0.6027900073571248              1.3999999999999999              1.3999999999999999
      0.118253567      0.30859375               0.2395459004563311             -1.0801781901179883              0.0559257996141046              0.5836647538902452              1.3999999999999999              1.3999999999999999
      0.118253567      0.31640625               0.2168612092126116             -1.0268309897327783              0.0490745317710958              0.5657366288475194              1.3999999999999999              1.3999999999999999
      0.118253567      0.32421875               0.1958330379431572             -0.9736779130790718              0.0430160495036443              0.5491418858054252              1.3999999999999999              1.3999999999999999
      0.118253567      0.33203125               0.1763486611507828             -0.9206875391003250              0.0376708392470232              0.5340392011087289              1.3999999999999999              1.3999999999999999
      0.118253567      0.33984375               0.1582966732350601             -0.8678283395711391              0.0329668232767125              0.5206493384064835              1.3999999999999999              1.3999999999999999
      0.118253567      0.34765625               0.1415575671785914             -0.8150734183400092              0.0288393966158045              0.5093227651231850              1.3999999999999999              1.3999999999999999
      0.118253567      0.35546875               0.1259995753905874             -0.7624053814304418              0.0252315578776718              0.5006278354402440              1.3999999999999999              1.3999999999999999
      0.118253567      0.36328125               0.1114800976921370             -0.7098201130932519              0.0220937396173195              0.4954637660601430              1.3999999999999999              1.3999999999999999
      0.118253567      0.37109375               0.0978645268434722             -0.6573298561237412              0.0193825774023571              0.4951379735723403              1.3999999999999999              1.3999999999999999
      0.118253567      0.37890625               0.0855767325769334             -0.6049618025464782              0.0170578141235379              0.4983192746989635              1.3999999999999999              1.3999999999999999
      0.118253567      0.38671875               0.0749311574807690             -0.5528338975833855              0.0150726015010320              0.5028816452254979              1.3999999999999999              1.3999999999999999
      0.118253567      0.39453125               0.0657490354977333             -0.5009960659838263              0.0133839838484981              0.5089041895131495              1.3999999999999999              1.3999999999999999
      0.118253567      0.40234375               0.0578575630261657             -0.4497049596730571              0.0119495633344865              0.5163354067074356              1.3999999999999999              1.3999999999999999
      0.118253567      0.41015625               0.0511096102991095             -0.3992784137198788              0.0107342309254636              0.5250593216541626              1.3999999999999999              1.3999999999999999
      0.118253567      0.41796875               0.0453837584697334             -0.3500776126938650              0.0097102871911084              0.5348988007231854              1.3999999999999999              1.3999999999999999
      0.118253567      0.42578125               0.0405763088786824             -0.3025672886786246              0.0088550596482617              0.5455806536479885              1.3999999999999999              1.3999999999999999
      0.118253567      0.43359375               0.0365972404260315             -0.2573004836925906              0.0081502119094222              0.5567504417371960              1.3999999999999999              1.3999999999999999
      0.118253567      0.44140625               0.0333655477595634             -0.2148783649552201              0.0075804846455990              0.5679874267481674              1.3999999999999999              1.3999999999999999
      0.118253567      0.44921875               0.0308052783387899             -0.1758581000406164              0.0071321733299852              0.5788109793674843              1.3999999999999999              1.3999999999999999
      0.118253567      0.45703125               0.0288422801278391             -0.1406104532416370              0.0067915845534193              0.5886830482295964              1.3999999999999999              1.3999999999999999
      0.118253567      0.46484375               0.0274014695823727             -0.1091785076164495              0.0065438739052330              0.5970367652692115              1.3999999999999999              1.3999999999999999
      0.118253567      0.47265625               0.0264051290821106             -0.0812166955846198              0.0063728728436215              0.6033745208936642              1.3999999999999999              1.3999999999999999
      0.118253567      0.48046875               0.0257730527531706             -0.0560582907781777              0.0062622239610917              0.6074390974427116              1.3999999999999999              1.3999999999999999
      0.118253567      0.48828125               0.0254249335916442             -0.0328758316230650              0.0061974167215441              0.6093837668450002              1.3999999999999999              1.3999999999999999
      0.118253567      0.49609375               0.0252845226498249             -0.0108354937760033              0.0061677909572806              0.6098385801761739              1.3999999999999999              1.3999999999999999
      0.118253567      0.50390625               0.0252845226498249              0.0108354937760032              0.0061677909572806              0.6098385801761740              1.3999999999999999              1.3999999999999999
      0.118253567      0.51171875               0.0254249335916443              0.0328758316230650              0.0061974167215441              0.6093837668450001              1.3999999999999999              1.3999999999999999
      0.118253567      0.51953125               0.0257730527531706              0.0560582907781778              0.0062622239610917              0.6074390974427112              1.3999999999999999              1.3999999999999999
      0.118253567      0.52734375               0.0264051290821106              0.0812166955846198              0.0063728728436215              0.6033745208936642              1.3999999999999999              1.3999999999999999
      0.118253567      0.53515625               0.0274014695823726              0.1091785076164493              0.0065438739052330              0.5970367652692117              1.3999999999999999              1.3999999999999999
      0.118253567      0.54296875               0.0288422801278391              0.1406104532416369              0.0067915845534193              0.5886830482295963              1.3999999999999999              1.3999999999999999
      0.118253567      0.55078125               0.0308052783387899              0.1758581000406167              0.0071321733299852              0.5788109793674842              1.3999999999999999              1.3999999999999999
      0.118253567      0.55859375               0.0333655477595634              0.2148783649552205              0.0075804846455990              0.5679874267481672              1.3999999999999999              1.3999999999999999
      0.118253567      0.56640625               0.0365972404260315              0.2573004836925907              0.0081502119094222              0.5567504417371959              1.3999999999999999              1.3999999999999999
      0.118253567      0.57421875               0.0405763088786824              0.3025672886786245              0.0088550596482617              0.5455806536479886              1.3999999999999999              1.3999999999999999
      0.118253567      0.58203125               0.0453837584697334              0.3500776126938648              0.0097102871911084              0.5348988007231859              1.3999999999999999              1.3999999999999999
      0.118253567      0.58984375               0.0511096102991095              0.3992784137198789              0.0107342309254636              0.5250593216541627              1.3999999999999999              1.3999999999999999
      0.118253567      0.59765625               0.0578575630261657              0.4497049596730577              0.0119495633344865              0.5163354067074352              1.3999999999999999              1.3999999999999999
      0.118253567      0.60546875               0.0657490354977334              0.5009960659838262              0.0133839838484981              0.5089041895131491              1.3999999999999999              1.3999999999999999
      0.118253567      0.61328125               0.0749311574807691              0.5528338975833850              0.0150726015010320              0.5028816452254978              1.3999999999999999              1.3999999999999999
      0.118253567      0.62109375               0.0855767325769335              0.6049618025464785              0.0170578141235378              0.4983192746989629              1.3999999999999999              1.3999999999999999
      0.118253567      0.62890625               0.0978645268434724              0.6573298561237411              0.0193825774023571              0.4951379735723397              1.3999999999999999              1.3999999999999999
      0.118253567      0.63671875               0.1114800976921369              0.7098201130932517              0.0220937396173196              0.4954637660601439              1.3999999999999999              1.3999999999999999
      0.118253567      0.64453125               0.1259995753905871              0.7624053814304421              0.0252315578776718              0.5006278354402448              1.3999999999999999              1.3999999999999999
      0.118253567      0.65234375               0.1415575671785912              0.8150734183400091              0.0288393966158045              0.5093227651231856              1.3999999999999999              1.3999999999999999
      0.118253567      0.66015625               0.1582966732350600              0.8678283395711393              0.0329668232767125              0.5206493384064835              1.3999999999999999              1.3999999999999999
      0.118253567      0.66796875               0.1763486611507825              0.9206875391003251              0.0376708392470231              0.5340392011087288              1.3999999999999999              1.3999999999999999
      0.118253567      0.67578125               0.1958330379431571              0.9736779130790720              0.0430160495036442              0.5491418858054244              1.3999999999999999              1.3999999999999999
      0.118253567      0.68359375               0.2168612092126115              1.0268309897327785              0.0490745317710957              0.5657366288475187              1.3999999999999999              1.3999999999999999
      0.118253567      0.69140625               0.2395459004563313              1.0801781901179883              0.0559257996141046              0.5836647538902446              1.3999999999999999              1.3999999999999999
      0.118253567      0.69921875               0.2640099946120755              1.1337467316994323              0.0636570346378269              0.6027900073571244              1.3999999999999999              1.3999999999999999
      0.118253567      0.70703125               0.2903903885949302              1.1875566193918443              0.0723635388232196              0.6229849683847540              1.3999999999999999              1.3999999999999999
      0.118253567      0.71484375               0.3188367715600240              1.2416193812154110              0.0821492772305937              0.6441327080048573              1.3999999999999999              1.3999999999999999
      0.118253567      0.72265625               0.3495081639132450              1.2959382348502784              0.0931273619394014              0.6661315210545233              1.3999999999999999              1.3999999999999999
      0.118253567      0.73046875               0.3825717117663937              1.3505089820185681              0.1054204366505997              0.6888933068512630              1.3999999999999999              1.3999999999999999
      0.118253567      0.73828125               0.4182091008287384              1.4053214915029000              0.1191609455739691              0.7123287449856752              1.3999999999999999              1.3999999999999999
      0.118253567      0.74609375               0.4565891479381607              1.4603583715696280              0.1344908900232171              0.7363889978032956              1.3999999999999999              1.3999999999999999
      0.118253567      0.75390625               0.4978349701343313              1.5155912477034441              0.1515593708383098              0.7610924298739720              1.3999999999999999              1.3999999999999999
      0.118253567      0.76171875               0.5420637854982746              1.5709732130156238              0.1705178163146779              0.7864287417666861              1.3999999999999999              1.3999999999999999
      0.118253567      0.76953125               0.5893670291174854              1.6264205058735990              0.1915099752043239              0.8123544656505890              1.3999999999999999              1.3999999999999999
      0.118253567      0.77734375               0.6397585009929734              1.6817729650651188              0.2146463583512972              0.8387788439627735              1.3999999999999999              1.3999999999999999
      0.118253567      0.78515625               0.6927198313373784              1.7363595325159482              0.2397766411202927              0.8653449427648668              1.3999999999999999              1.3999999999999999
      0.118253567      0.79296875               0.7456626884043840              1.7877003083825627              0.2656820744247293              0.8907582428230807              1.3999999999999999              1.3999999999999999
      0.118253567      0.80078125               0.7976167091537389              1.8353316680299012              0.2918307696297102              0.9146961387611191              1.3999999999999999              1.3999999999999999
      0.118253567      0.80859375               0.8472220208343479              1.8785407766695443              0.3174360797408656              0.9366968513998645              1.3999999999999999              1.3999999999999999
      0.118253567      0.81640625               0.8923539037349743              1.9161174688609683              0.3412511361670236              0.9560420331516080              1.3999999999999999              1.3999999999999999
      0.118253567      0.82421875               0.9305900278057215              1.9467749029891213              0.3618026707880655              0.9719711687679905              1.3999999999999999              1.3999999999999999
      0.118253567      0.83203125               0.9599623465341066              1.9696520908079040              0.3778216343210703              0.9839490988505316              1.3999999999999999              1.3999999999999999
      0.118253567      0.83984375               0.9798382341121127              1.9848265333863491              0.3887776246543239              0.9919433920809836              1.3999999999999999              1.3999999999999999
      0.118253567      0.84765625               0.9913483394755456              1.9935124897507892              0.3951691388814905              0.9965446128919414              1.3999999999999999              1.3999999999999999
      0.118253567      0.85546875               0.9969087380246100              1.9976854454750976              0.3982709430440205              0.9987648012625524              1.3999999999999999              1.3999999999999999
      0.118253567      0.86328125               0.9991015385033928              1.9993275914015809              0.3994970626897816              0.9996407954896395              1.3999999999999999              1.3999999999999999
      0.118253567      0.87109375               0.9997932775650343              1.9998453029464007              0.3998842480304735              0.9999173254204593              1.3999999999999999              1.3999999999999999
      0.118253567      0.87890625               0.9999637449501098              1.9999728693276757              0.3999796976403437              0.9999854986250016              1.3999999999999999              1.3999999999999999
      0.118253567      0.88671875               0.9999954401295686              1.9999965877101749              0.3999974464817890              0.9999981760665871              1.3999999999999999              1.3999999999999999
      0.118253567      0.89453125               0.9999996331927965              1.9999997255066821              0.3999997945880439              0.9999998532772597              1.3999999999999999              1.3999999999999999
      0.118253567      0.90234375               0.9999999858046549              1.9999999893771763              0.3999999920506072              0.9999999943218633              1.3999999999999999              1.3999999999999999
      0.118253567      0.91015625               1.0000000000000000              2.0000000000000000              0.3999999999999999              1.0000000000000000              1.3999999999999999              1.3999999999999999
      0.118253567      0.91796875               1.0000000000000000              2.0000000000000000              0.3999999999999999              1.0000000000000000              1.3999999999999999              1.3999999999999999
      0.118253567      0.92578125               1.0000000000000000              2.0000000000000000              0.3999999999999999              1.0000000000000000              1.3999999999999999              1.3999999999999999
      0.118253567      0.93359375               1.0000000000000000              2.0000000000000000              0.3999999999999999              1.0000000000000000              1.3999999999999999              1.3999999999999999
      0.118253567      0.94140625               1.0000000000000000              2.0000000000000000              0.3999999999999999              1.0000000000000000              1.3999999999999999              1.3999999999999999
      0.118253567      0.94921875               1.0000000000000000              2.0000000000000000              0.3999999999999999              1.0000000000000000              1.3999999999999999              1.3999999999999999
      0.118253567      0.95703125               1.0000000000000000              2.0000000000000000              0.3999999999999999              1.0000000000000000              1.3999999999999999              1.3999999999999999
      0.118253567      0.96484375               1.0000000000000000              2.0000000000000000              0.3999999999999999              1.0000000000000000              1.3999999999999999              1.3999999999999999
      0.118253567      0.97265625               1.0000000000000000              2.0000000000000000              0.3999999999999999              1.0000000000000000              1.3999999999999999              1.3999999999999999
      0.118253567      0.98046875               1.0000000000000000              2.0000000000000000              0.3999999999999999              1.0000000000000000              1.3999999999999999              1.3999999999999999
      0.118253567      0.98828125               1.0000000000000000              2.0000000000000000              0.3999999999999999              1.0000000000000000              1.3999999999999999              1.3999999999999999
      0.118253567      0.99609375               1.0000000000000000              2.0000000000000000              0.3999999999999999              1.0000000000000000              1.3999999999999999              1.3999999999999999
