      0.040933927      0.00390625               1.0000000000000000             -2.0000000000000000              0.3999999999999999              1.0000000000000000              1.3999999999999999              1.3999999999999999
      0.040933927      0.01171875               1.0000000000000000             -2.0000000000000000              0.3999999999999999              1.0000000000000000              1.3999999999999999              1.3999999999999999
      0.040933927      0.01953125               1.0000000000000000             -2.0000000000000000              0.3999999999999999              1.0000000000000000              1.3999999999999999              1.3999999999999999
      0.040933927      0.02734375               1.0000000000000000             -2.0000000000000000              0.3999999999999999              1.0000000000000000              1.3999999999999999              1.3999999999999999
      0.040933927      0.03515625               1.0000000000000000             -2.0000000000000000              0.3999999999999999              1.0000000000000000              1.3999999999999999              1.3999999999999999
      0.040933927      0.04296875               1.0000000000000000             -2.0000000000000000              0.3999999999999999              1.0000000000000000              1.3999999999999999              1.3999999999999999
      0.040933927      0.05078125               1.0000000000000000             -2.0000000000000000              0.3999999999999999              1.0000000000000000              1.3999999999999999              1.3999999999999999
      0.040933927      0.05859375               1.0000000000000000             -2.0000000000000000              0.3999999999999999              1.0000000000000000              1.3999999999999999              1.3999999999999999
      0.040933927      0.06640625               1.0000000000000000             -2.0000000000000000              0.3999999999999999              1.0000000000000000              1.3999999999999999              1.3999999999999999
      0.040933927      0.07421875               1.0000000000000000             -2.0000000000000000              0.3999999999999999              1.0000000000000000              1.3999999999999999              1.3999999999999999
      0.040933927      0.08203125               1.0000000000000000             -2.0000000000000000              0.3999999999999999              1.0000000000000000              1.3999999999999999              1.3999999999999999
      0.040933927      0.08984375               1.0000000000000000             -2.0000000000000000              0.3999999999999999              1.0000000000000000              1.3999999999999999              1.3999999999999999
      0.040933927      0.09765625               1.0000000000000000             -2.0000000000000000              0.3999999999999999              1.0000000000000000              1.3999999999999999              1.3999999999999999
      0.040933927      0.10546875               1.0000000000000000             -2.0000000000000000              0.3999999999999999              1.0000000000000000              1.3999999999999999              1.3999999999999999
      0.040933927      0.11328125               1.0000000000000000             -2.0000000000000000              0.3999999999999999              1.0000000000000000              1.3999999999999999              1.3999999999999999
      0.040933927      0.12109375               1.0000000000000000             -2.0000000000000000              0.3999999999999999              1.0000000000000000              1.3999999999999999              1.3999999999999999
      0.040933927      0.12890625               1.0000000000000000             -2.0000000000000000              0.3999999999999999              1.0000000000000000              1.3999999999999999              1.3999999999999999
      0.040933927      0.13671875               1.0000000000000000             -2.0000000000000000              0.3999999999999999              1.0000000000000000              1.3999999999999999              1.3999999999999999
      0.040933927      0.14453125               1.0000000000000000             -2.0000000000000000              0.3999999999999999              1.0000000000000000              1.3999999999999999              1.3999999999999999
      0.040933927      0.15234375               1.0000000000000000             -2.0000000000000000              0.3999999999999999              1.0000000000000000              1.3999999999999999              1.3999999999999999
      0.040933927      0.16015625               1.0000000000000000             -2.0000000000000000              0.3999999999999999              1.0000000000000000              1.3999999999999999              1.3999999999999999
      0.040933927      0.16796875               1.0000000000000000             -2.0000000000000000              0.3999999999999999              1.0000000000000000              1.3999999999999999              1.3999999999999999
      0.040933927      0.17578125               1.0000000000000000             -2.0000000000000000              0.3999999999999999              1.0000000000000000              1.3999999999999999              1.3999999999999999
      0.040933927      0.18359375               1.0000000000000000             -2.0000000000000000              0.3999999999999999              1.0000000000000000              1.3999999999999999              1.3999999999999999
      0.040933927      0.19140625               1.0000000000000000             -2.0000000000000000              0.3999999999999999              1.0000000000000000              1.3999999999999999              1.3999999999999999
      0.040933927      0.19921875               1.0000000000000000             -2.0000000000000000              0.3999999999999999              1.0000000000000000              1.3999999999999999              1.3999999999999999
      0.040933927      0.20703125               1.0000000000000000             -2.0000000000000000              0.3999999999999999              1.0000000000000000              1.3999999999999999              1.3999999999999999
      0.040933927      0.21484375               1.0000000000000000             -2.0000000000000000              0.3999999999999999              1.0000000000000000              1.3999999999999999              1.3999999999999999
      0.040933927      0.22265625               1.0000000000000000             -2.0000000000000000              0.3999999999999999              1.0000000000000000              1.3999999999999999              1.3999999999999999
      0.040933927      0.23046875               1.0000000000000000             -2.0000000000000000              0.3999999999999999              1.0000000000000000              1.3999999999999999              1.3999999999999999
      0.040933927      0.23828125               1.0000000000000000             -2.0000000000000000              0.3999999999999999              1.0000000000000000              1.3999999999999999              1.3999999999999999
      0.040933927      0.24609375               1.0000000000000000             -2.0000000000000000              0.3999999999999999              1.0000000000000000              1.3999999999999999              1.3999999999999999
      0.040933927      0.25390625               1.0000000000000000             -2.0000000000000000              0.3999999999999999              1.0000000000000000              1.3999999999999999              1.3999999999999999
      0.040933927      0.26171875               1.0000000000000000             -2.0000000000000000              0.3999999999999999              1.0000000000000000              1.3999999999999999              1.3999999999999999
      0.040933927      0.26953125               1.0000000000000000             -2.0000000000000000              0.3999999999999999              1.0000000000000000              1.3999999999999999              1.3999999999999999
      0.040933927      0.27734375               1.0000000000000000             -2.0000000000000000              0.3999999999999999              1.0000000000000000              1.3999999999999999              1.3999999999999999
      0.040933927      0.28515625               1.0000000000000000             -2.0000000000000000              0.3999999999999999              1.0000000000000000              1.3999999999999999              1.3999999999999999
      0.040933927      0.29296875               1.0000000000000000             -2.0000000000000000              0.3999999999999999              1.0000000000000000              1.3999999999999999              1.3999999999999999
      0.040933927      0.30078125               1.0000000000000000             -2.0000000000000000              0.3999999999999999              1.0000000000000000              1.3999999999999999              1.3999999999999999
      0.040933927      0.30859375               1.0000000000000000             -2.0000000000000000              0.3999999999999999              1.0000000000000000              1.3999999999999999              1.3999999999999999
      0.040933927      0.31640625               1.0000000000000000             -2.0000000000000000              0.3999999999999999              1.0000000000000000              1.3999999999999999              1.3999999999999999
      0.040933927      0.32421875               1.0000000000000000             -2.0000000000000000              0.3999999999999999              1.0000000000000000              1.3999999999999999              1.3999999999999999
      0.040933927      0.33203125               1.0000000000000000             -2.0000000000000000              0.3999999999999999              1.0000000000000000              1.3999999999999999              1.3999999999999999
      0.040933927      0.33984375               1.0000000000000000             -2.0000000000000000              0.3999999999999999              1.0000000000000000              1.3999999999999999              1.3999999999999999
      0.040933927      0.34765625               1.0000000000000000             -2.0000000000000000              0.3999999999999999              1.0000000000000000              1.3999999999999999              1.3999999999999999
      0.040933927      0.35546875               1.0000000000000000             -2.0000000000000000              0.3999999999999999              1.0000000000000000              1.3999999999999999              1.3999999999999999
      0.040933927      0.36328125               0.9989903717974663             -1.9992455167697247              0.3994356277139465              0.9995982919115851              1.3999999999999999              1.3999999999999999
      0.040933927      0.37109375               0.9909224044187708             -1.9932245236169492              0.3949525430449501              0.9964265145377632              1.3999999999999999              1.3999999999999999
      0.040933927      0.37890625               0.9621938972703800             -1.9716721222646278              0.3792313866640972              0.9853299520500178              1.3999999999999999              1.3999999999999999
      0.040933927      0.38671875               0.8998751590499301             -1.9237039456493159              0.3460967836234999              0.9615133281068173              1.3999999999999999              1.3999999999999999
      0.040933927      0.39453125               0.8028124801544783             -1.8444426031555219              0.2967363658070156              0.9240525438453489              1.3999999999999999              1.3999999999999999
      0.040933927      0.40234375               0.6805748707183634             -1.7342014669364334              0.2382500904483849              0.8751795750146715              1.3999999999999999              1.3999999999999999
      0.040933927      0.41015625               0.5441560826870000             -1.5915834659814709              0.1777598501772201              0.8166767579784092              1.3999999999999999              1.3999999999999999
      0.040933927      0.41796875               0.4183298273777631             -1.4319871104377206              0.1267815291711976              0.7576648906791347              1.3999999999999999              1.3999999999999999
      0.040933927      0.42578125               0.3182132542741118             -1.2776047271626025              0.0906633534097650              0.7122845465423852              1.3999999999999999              1.3999999999999999
      0.040933927      0.43359375               0.2375464458729639             -1.1289395346528590              0.0655302752255517              0.6896575002915041              1.3999999999999999              1.3999999999999999
      0.040933927      0.44140625               0.1739235332362629             -0.9853775652752805              0.0483734091895529              0.6953258177523493              1.3999999999999999              1.3999999999999999
      0.040933927      0.44921875               0.1287855415797671             -0.8470739844384816              0.0366454374457119              0.7113655189121992              1.3999999999999999              1.3999999999999999
      0.040933927      0.45703125               0.0968161835513931             -0.7128317569659287              0.0284013883870275              0.7333843202968016              1.3999999999999999              1.3999999999999999
      0.040933927      0.46484375               0.0744422733490389             -0.5802164189402942              0.0225193591519828              0.7562691915115176              1.3999999999999999              1.3999999999999999
      0.040933927      0.47265625               0.0593206775281520             -0.4491653267676355              0.0182679753340001              0.7698822777829305              1.3999999999999999              1.3999999999999999
      0.040933927      0.48046875               0.0494772861437423             -0.3210140178718036              0.0151955636622644              0.7678050296714909              1.3999999999999999              1.3999999999999999
      0.040933927      0.48828125               0.0436151528717997             -0.1935830367952532              0.0131785529431810              0.7553884415994936              1.3999999999999999              1.3999999999999999
      0.040933927      0.49609375               0.0409192522517248             -0.0648333184562883              0.0121805968814331              0.7441849625270041              1.3999999999999999              1.3999999999999999
      0.040933927      0.50390625               0.0409192522517248              0.0648333184562883              0.0121805968814331              0.7441849625270041              1.3999999999999999              1.3999999999999999
      0.040933927      0.51171875               0.0436151528717997              0.1935830367952532              0.0131785529431810              0.7553884415994936              1.3999999999999999              1.3999999999999999
      0.040933927      0.51953125               0.0494772861437423              0.3210140178718036              0.0151955636622644              0.7678050296714909              1.3999999999999999              1.3999999999999999
      0.040933927      0.52734375               0.0593206775281520              0.4491653267676355              0.0182679753340001              0.7698822777829305              1.3999999999999999              1.3999999999999999
      0.040933927      0.53515625               0.0744422733490389              0.5802164189402942              0.0225193591519828              0.7562691915115176              1.3999999999999999              1.3999999999999999
      0.040933927      0.54296875               0.0968161835513931              0.7128317569659287              0.0284013883870275              0.7333843202968016              1.3999999999999999              1.3999999999999999
      0.040933927      0.55078125               0.1287855415797671              0.8470739844384816              0.0366454374457119              0.7113655189121992              1.3999999999999999              1.3999999999999999
      0.040933927      0.55859375               0.1739235332362629              0.9853775652752805              0.0483734091895529              0.6953258177523493              1.3999999999999999              1.3999999999999999
      0.040933927      0.56640625               0.2375464458729639              1.1289395346528590              0.0655302752255517              0.6896575002915041              1.3999999999999999              1.3999999999999999
      0.040933927      0.57421875               0.3182132542741118              1.2776047271626025              0.0906633534097650              0.7122845465423852              1.3999999999999999              1.3999999999999999
      0.040933927      0.58203125               0.4183298273777631              1.4319871104377206              0.1267815291711976              0.7576648906791347              1.3999999999999999              1.3999999999999999
      0.040933927      0.58984375               0.5441560826870000              1.5915834659814709              0.1777598501772201              0.8166767579784092              1.3999999999999999              1.3999999999999999
      0.040933927      0.59765625               0.6805748707183634              1.7342014669364334              0.2382500904483849              0.8751795750146715              1.3999999999999999              1.3999999999999999
      0.040933927      0.60546875               0.8028124801544783              1.8444426031555219              0.2967363658070156              0.9240525438453489              1.3999999999999999              1.3999999999999999
      0.040933927      0.61328125               0.8998751590499301              1.9237039456493159              0.3460967836234999              0.9615133281068173              1.3999999999999999              1.3999999999999999
      0.040933927      0.62109375               0.9621938972703800              1.9716721222646278              0.3792313866640972              0.9853299520500178              1.3999999999999999              1.3999999999999999
      0.040933927      0.62890625               0.9909224044187708              1.9932245236169492              0.3949525430449501              0.9964265145377632              1.3999999999999999              1.3999999999999999
      0.040933927      0.63671875               0.9989903717974663              1.9992455167697247              0.3994356277139465              0.9995982919115851              1.3999999999999999              1.3999999999999999
      0.040933927      0.64453125               1.0000000000000000              2.0000000000000000              0.3999999999999999              1.0000000000000000              1.3999999999999999              1.3999999999999999
      0.040933927      0.65234375               1.0000000000000000              2.0000000000000000              0.3999999999999999              1.0000000000000000              1.3999999999999999              1.3999999999999999
      0.040933927      0.66015625               1.0000000000000000              2.0000000000000000              0.3999999999999999              1.0000000000000000              1.3999999999999999              1.3999999999999999
      0.040933927      0.66796875               1.0000000000000000              2.0000000000000000              0.3999999999999999              1.0000000000000000              1.3999999999999999              1.3999999999999999
      0.040933927      0.67578125               1.0000000000000000              2.0000000000000000              0.3999999999999999              1.0000000000000000              1.3999999999999999              1.3999999999999999
      0.040933927      0.68359375               1.0000000000000000              2.0000000000000000              0.3999999999999999              1.0000000000000000              1.3999999999999999              1.3999999999999999
      0.040933927      0.69140625               1.0000000000000000              2.0000000000000000              0.3999999999999999              1.0000000000000000              1.3999999999999999              1.3999999999999999
      0.040933927      0.69921875               1.0000000000000000              2.0000000000000000              0.3999999999999999              1.0000000000000000              1.3999999999999999              1.3999999999999999
      0.040933927      0.70703125               1.0000000000000000              2.0000000000000000              0.3999999999999999              1.0000000000000000              1.3999999999999999              1.3999999999999999
      0.040933927      0.71484375               1.0000000000000000              2.0000000000000000              0.3999999999999999              1.0000000000000000              1.3999999999999999              1.3999999999999999
      0.040933927      0.72265625               1.0000000000000000              2.0000000000000000              0.3999999999999999              1.0000000000000000              1.3999999999999999              1.3999999999999999
      0.040933927      0.73046875               1.0000000000000000              2.0000000000000000              0.3999999999999999              1.0000000000000000              1.3999999999999999              1.3999999999999999
      0.040933927      0.73828125               1.0000000000000000              2.0000000000000000              0.3999999999999999              1.0000000000000000              1.3999999999999999              1.3999999999999999
      0.040933927      0.74609375               1.0000000000000000              2.0000000000000000              0.3999999999999999              1.0000000000000000              1.3999999999999999              1.3999999999999999
      0.040933927      0.75390625               1.0000000000000000              2.0000000000000000              0.3999999999999999              1.0000000000000000              1.3999999999999999              1.3999999999999999
      0.040933927      0.76171875               1.0000000000000000              2.0000000000000000              0.3999999999999999              1.0000000000000000              1.3999999999999999              1.3999999999999999
      0.040933927      0.76953125               1.0000000000000000              2.0000000000000000              0.3999999999999999              1.0000000000000000              1.3999999999999999              1.3999999999999999
      0.040933927      0.77734375               1.0000000000000000              2.0000000000000000              0.3999999999999999              1.0000000000000000              1.3999999999999999              1.3999999999999999
      0.040933927      0.78515625               1.0000000000000000              2.0000000000000000              0.3999999999999999              1.0000000000000000              1.3999999999999999              1.3999999999999999
      0.040933927      0.79296875               1.0000000000000000              2.0000000000000000              0.3999999999999999              1.0000000000000000              1.3999999999999999              1.3999999999999999
      0.040933927      0.80078125               1.0000000000000000              2.0000000000000000              0.3999999999999999              1.0000000000000000              1.3999999999999999              1.3999999999999999
      0.040933927      0.80859375               1.0000000000000000              2.0000000000000000              0.3999999999999999              1.0000000000000000              1.3999999999999999              1.3999999999999999
      0.040933927      0.81640625               1.0000000000000000              2.0000000000000000              0.3999999999999999              1.0000000000000000              1.3999999999999999              1.3999999999999999
      0.040933927      0.82421875               1.0000000000000000              2.0000000000000000              0.3999999999999999              1.0000000000000000              1.3999999999999999              1.3999999999999999
      0.040933927      0.83203125               1.0000000000000000              2.0000000000000000              0.3999999999999999              1.0000000000000000              1.3999999999999999              1.3999999999999999
      0.040933927      0.83984375               1.0000000000000000              2.0000000000000000              0.3999999999999999              1.0000000000000000              1.3999999999999999              1.3999999999999999
      0.040933927      0.84765625               1.0000000000000000              2.0000000000000000              0.3999999999999999              1.0000000000000000              1.3999999999999999              1.3999999999999999
      0.040933927      0.85546875               1.0000000000000000              2.0000000000000000              0.3999999999999999              1.0000000000000000              1.3999999999999999              1.3999999999999999
      0.040933927      0.86328125               1.0000000000000000              2.0000000000000000              0.3999999999999999              1.0000000000000000              1.3999999999999999              1.3999999999999999
      0.040933927      0.87109375               1.0000000000000000              2.0000000000000000              0.3999999999999999              1.0000000000000000              1.3999999999999999              1.3999999999999999
      0.040933927      0.87890625               1.0000000000000000              2.0000000000000000              0.3999999999999999              1.0000000000000000              1.3999999999999999              1.3999999999999999
      0.040933927      0.88671875               1.0000000000000000              2.0000000000000000              0.3999999999999999              1.0000000000000000              1.3999999999999999              1.3999999999999999
      0.040933927      0.89453125               1.0000000000000000              2.0000000000000000              0.3999999999999999              1.0000000000000000              1.3999999999999999              1.3999999999999999
      0.040933927      0.90234375               1.0000000000000000              2.0000000000000000              0.3999999999999999              1.0000000000000000              1.3999999999999999              1.3999999999999999
      0.040933927      0.91015625               1.0000000000000000              2.0000000000000000              0.3999999999999999              1.0000000000000000              1.3999999999999999              1.3999999999999999
      0.040933927      0.91796875               1.0000000000000000              2.0000000000000000              0.3999999999999999              1.0000000000000000              1.3999999999999999              1.3999999999999999
      0.040933927      0.92578125               1.0000000000000000              2.0000000000000000              0.3999999999999999              1.0000000000000000              1.3999999999999999              1.3999999999999999
      0.040933927      0.93359375               1.0000000000000000              2.0000000000000000              0.3999999999999999              1.0000000000000000              1.3999999999999999              1.3999999999999999
      0.040933927      0.94140625               1.0000000000000000              2.0000000000000000              0.3999999999999999              1.0000000000000000              1.3999999999999999              1.3999999999999999
      0.040933927      0.94921875               1.0000000000000000              2.0000000000000000              0.3999999999999999              1.0000000000000000              1.3999999999999999              1.3999999999999999
      0.040933927      0.95703125               1.0000000000000000              2.0000000000000000              0.3999999999999999              1.0000000000000000              1.3999999999999999              1.3999999999999999
      0.040933927      0.96484375               1.0000000000000000              2.0000000000000000              0.3999999999999999              1.0000000000000000              1.3999999999999999              1.3999999999999999
      0.040933927      0.97265625               1.0000000000000000              2.0000000000000000              0.3999999999999999              1.0000000000000000              1.3999999999999999              1.3999999999999999
      0.040933927      0.98046875               1.0000000000000000              2.0000000000000000              0.3999999999999999              1.0000000000000000              1.3999999999999999              1.3999999999999999
      0.040933927      0.98828125               1.0000000000000000              2.0000000000000000              0.3999999999999999              1.0000000000000000              1.3999999999999999              1.3999999999999999
      0.040933927      0.99609375               1.0000000000000000              2.0000000000000000              0.3999999999999999              1.0000000000000000              1.3999999999999999              1.3999999999999999
