      0.050030355      0.00390625               1.0000000000000000             -2.0000000000000000              0.3999999999999999              1.0000000000000000              1.3999999999999999              1.3999999999999999
      0.050030355      0.01171875               1.0000000000000000             -2.0000000000000000              0.3999999999999999              1.0000000000000000              1.3999999999999999              1.3999999999999999
      0.050030355      0.01953125               1.0000000000000000             -2.0000000000000000              0.3999999999999999              1.0000000000000000              1.3999999999999999              1.3999999999999999
      0.050030355      0.02734375               1.0000000000000000             -2.0000000000000000              0.3999999999999999              1.0000000000000000              1.3999999999999999              1.3999999999999999
      0.050030355      0.03515625               1.0000000000000000             -2.0000000000000000              0.3999999999999999              1.0000000000000000              1.3999999999999999              1.3999999999999999
      0.050030355      0.04296875               1.0000000000000000             -2.0000000000000000              0.3999999999999999              1.0000000000000000              1.3999999999999999              1.3999999999999999
      0.050030355      0.05078125               1.0000000000000000             -2.0000000000000000              0.3999999999999999              1.0000000000000000              1.3999999999999999              1.3999999999999999
      0.050030355      0.05859375               1.0000000000000000             -2.0000000000000000              0.3999999999999999              1.0000000000000000              1.3999999999999999              1.3999999999999999
      0.050030355      0.06640625               1.0000000000000000             -2.0000000000000000              0.3999999999999999              1.0000000000000000              1.3999999999999999              1.3999999999999999
      0.050030355      0.07421875               1.0000000000000000             -2.0000000000000000              0.3999999999999999              1.0000000000000000              1.3999999999999999              1.3999999999999999
      0.050030355      0.08203125               1.0000000000000000             -2.0000000000000000              0.3999999999999999              1.0000000000000000              1.3999999999999999              1.3999999999999999
      0.050030355      0.08984375               1.0000000000000000             -2.0000000000000000              0.3999999999999999              1.0000000000000000              1.3999999999999999              1.3999999999999999
      0.050030355      0.09765625               1.0000000000000000             -2.0000000000000000              0.3999999999999999              1.0000000000000000              1.3999999999999999              1.3999999999999999
      0.050030355      0.10546875               1.0000000000000000             -2.0000000000000000              0.3999999999999999              1.0000000000000000              1.3999999999999999              1.3999999999999999
      0.050030355      0.11328125               1.0000000000000000             -2.0000000000000000              0.3999999999999999              1.0000000000000000              1.3999999999999999              1.3999999999999999
      0.050030355      0.12109375               1.0000000000000000             -2.0000000000000000              0.3999999999999999              1.0000000000000000              1.3999999999999999              1.3999999999999999
      0.050030355      0.12890625               1.0000000000000000             -2.0000000000000000              0.3999999999999999              1.0000000000000000              1.3999999999999999              1.3999999999999999
      0.050030355      0.13671875               1.0000000000000000             -2.0000000000000000              0.3999999999999999              1.0000000000000000              1.3999999999999999              1.3999999999999999
      0.050030355      0.14453125               1.0000000000000000             -2.0000000000000000              0.3999999999999999              1.0000000000000000              1.3999999999999999              1.3999999999999999
      0.050030355      0.15234375               1.0000000000000000             -2.0000000000000000              0.3999999999999999              1.0000000000000000              1.3999999999999999              1.3999999999999999
      0.050030355      0.16015625               1.0000000000000000             -2.0000000000000000              0.3999999999999999              1.0000000000000000              1.3999999999999999              1.3999999999999999
      0.050030355      0.16796875               1.0000000000000000             -2.0000000000000000              0.3999999999999999              1.0000000000000000              1.3999999999999999              1.3999999999999999
      0.050030355      0.17578125               1.0000000000000000             -2.0000000000000000              0.3999999999999999              1.0000000000000000              1.3999999999999999              1.3999999999999999
      0.050030355      0.18359375               1.0000000000000000             -2.0000000000000000              0.3999999999999999              1.0000000000000000              1.3999999999999999              1.3999999999999999
      0.050030355      0.19140625               1.0000000000000000             -2.0000000000000000              0.3999999999999999              1.0000000000000000              1.3999999999999999              1.3999999999999999
      0.050030355      0.19921875               1.0000000000000000             -2.0000000000000000              0.3999999999999999              1.0000000000000000              1.3999999999999999              1.3999999999999999
      0.050030355      0.20703125               1.0000000000000000             -2.0000000000000000              0.3999999999999999              1.0000000000000000              1.3999999999999999              1.3999999999999999
      0.050030355      0.21484375               1.0000000000000000             -2.0000000000000000              0.3999999999999999              1.0000000000000000              1.3999999999999999              1.3999999999999999
      0.050030355      0.22265625               1.0000000000000000             -2.0000000000000000              0.3999999999999999              1.0000000000000000              1.3999999999999999              1.3999999999999999
      0.050030355      0.23046875               1.0000000000000000             -2.0000000000000000              0.3999999999999999              1.0000000000000000              1.3999999999999999              1.3999999999999999
      0.050030355      0.23828125               1.0000000000000000             -2.0000000000000000              0.3999999999999999              1.0000000000000000              1.3999999999999999              1.3999999999999999
      0.050030355      0.24609375               1.0000000000000000             -2.0000000000000000              0.3999999999999999              1.0000000000000000              1.3999999999999999              1.3999999999999999
      0.050030355      0.25390625               1.0000000000000000             -2.0000000000000000              0.3999999999999999              1.0000000000000000              1.3999999999999999              1.3999999999999999
      0.050030355      0.26171875               1.0000000000000000             -2.0000000000000000              0.3999999999999999              1.0000000000000000              1.3999999999999999              1.3999999999999999
      0.050030355      0.26953125               1.0000000000000000             -2.0000000000000000              0.3999999999999999              1.0000000000000000              1.3999999999999999              1.3999999999999999
      0.050030355      0.27734375               1.0000000000000000             -2.0000000000000000              0.3999999999999999              1.0000000000000000              1.3999999999999999              1.3999999999999999
      0.050030355      0.28515625               1.0000000000000000             -2.0000000000000000              0.3999999999999999              1.0000000000000000              1.3999999999999999              1.3999999999999999
      0.050030355      0.29296875               1.0000000000000000             -2.0000000000000000              0.3999999999999999              1.0000000000000000              1.3999999999999999              1.3999999999999999
      0.050030355      0.30078125               1.0000000000000000             -2.0000000000000000              0.3999999999999999              1.0000000000000000              1.3999999999999999              1.3999999999999999
      0.050030355      0.30859375               1.0000000000000000             -2.0000000000000000              0.3999999999999999              1.0000000000000000              1.3999999999999999              1.3999999999999999
      0.050030355      0.31640625               1.0000000000000000             -2.0000000000000000              0.3999999999999999              1.0000000000000000              1.3999999999999999              1.3999999999999999
      0.050030355      0.32421875               1.0000000000000000             -2.0000000000000000              0.3999999999999999              1.0000000000000000              1.3999999999999999              1.3999999999999999
      0.050030355      0.33203125               0.9997292850461470             -1.9997974849147682              0.3998484685731715              0.9998918571108848              1.3999999999999999              1.3999999999999999
      0.050030355      0.33984375               0.9970488773447996             -1.9977935311763246              0.3983512320986796              0.9988257375092601              1.3999999999999999              1.3999999999999999
      0.050030355      0.34765625               0.9851344294638822             -1.9888733492124857              0.3917396331779106              0.9941273532361934              1.3999999999999999              1.3999999999999999
      0.050030355      0.35546875               0.9532511818715571             -1.9647430992195425              0.3743032805822771              0.9816491384972433              1.3999999999999999              1.3999999999999999
      0.050030355      0.36328125               0.8939493398758840             -1.9184594851297192              0.3426819152930820              0.9583370667868606              1.3999999999999999              1.3999999999999999
      0.050030355      0.37109375               0.8087242474427625             -1.8479462420962558              0.2989014090977127              0.9239905012210836              1.3999999999999999              1.3999999999999999
      0.050030355      0.37890625               0.7055232541127245             -1.7547031295464008              0.2484682481554197              0.8804396123976691              1.3999999999999999              1.3999999999999999
      0.050030355      0.38671875               0.5921664059390865             -1.6393562122784451              0.1964368353749665              0.8293143337954446              1.3999999999999999              1.3999999999999999
      0.050030355      0.39453125               0.4814528926040567             -1.5082397785709212              0.1491814330113949              0.7746418980084963              1.3999999999999999              1.3999999999999999
      0.050030355      0.40234375               0.3883406405770207             -1.3787829423589222              0.1127444857964388              0.7258092124282696              1.3999999999999999              1.3999999999999999
      0.050030355      0.41015625               0.3107966863724996             -1.2525000376289950              0.0852245604780979              0.6855330527555367              1.3999999999999999              1.3999999999999999
      0.050030355      0.41796875               0.2459697671563689             -1.1294709272375922              0.0646576486111355              0.6571706897013805              1.3999999999999999              1.3999999999999999
      0.050030355      0.42578125               0.1910256183881746             -1.0094885626303503              0.0494813558837154              0.6475748685075136              1.3999999999999999              1.3999999999999999
      0.050030355      0.43359375               0.1465465644597346             -0.8919692236768302              0.0384404586712205              0.6557720887715270              1.3999999999999999              1.3999999999999999
      0.050030355      0.44140625               0.1133451924242189             -0.7768962682302242              0.0303652815655948              0.6697523052399555              1.3999999999999999              1.3999999999999999
      0.050030355      0.44921875               0.0885354372322871             -0.6636055180612037              0.0243631699369261              0.6879496701700762              1.3999999999999999              1.3999999999999999
      0.050030355      0.45703125               0.0702454783938399             -0.5511634060452224              0.0198899470136383              0.7078728577419209              1.3999999999999999              1.3999999999999999
      0.050030355      0.46484375               0.0570567687882717             -0.4411482005142888              0.0165074211520084              0.7232893442171934              1.3999999999999999              1.3999999999999999
      0.050030355      0.47265625               0.0478499825168170             -0.3348779907884352              0.0139561041258116              0.7291593116521379              1.3999999999999999              1.3999999999999999
      0.050030355      0.48046875               0.0416613112487627             -0.2337485780878652              0.0120786513139702              0.7248122389768105              1.3999999999999999              1.3999999999999999
      0.050030355      0.48828125               0.0378418183926707             -0.1378224958344145              0.0108194097921624              0.7147786662821886              1.3999999999999999              1.3999999999999999
      0.050030355      0.49609375               0.0360338909555659             -0.0455270908349888              0.0101820954466391              0.7064249222485337              1.3999999999999999              1.3999999999999999
      0.050030355      0.50390625               0.0360338909555659              0.0455270908349888              0.0101820954466391              0.7064249222485337              1.3999999999999999              1.3999999999999999
      0.050030355      0.51171875               0.0378418183926707              0.1378224958344146              0.0108194097921624              0.7147786662821887              1.3999999999999999              1.3999999999999999
      0.050030355      0.51953125               0.0416613112487627              0.2337485780878652              0.0120786513139702              0.7248122389768105              1.3999999999999999              1.3999999999999999
      0.050030355      0.52734375               0.0478499825168170              0.3348779907884354              0.0139561041258116              0.7291593116521375              1.3999999999999999              1.3999999999999999
      0.050030355      0.53515625               0.0570567687882717              0.4411482005142888              0.0165074211520084              0.7232893442171932              1.3999999999999999              1.3999999999999999
      0.050030355      0.54296875               0.0702454783938400              0.5511634060452222              0.0198899470136383              0.7078728577419210              1.3999999999999999              1.3999999999999999
      0.050030355      0.55078125               0.0885354372322871              0.6636055180612037              0.0243631699369261              0.6879496701700762              1.3999999999999999              1.3999999999999999
      0.050030355      0.55859375               0.1133451924242189              0.7768962682302242              0.0303652815655947              0.6697523052399552              1.3999999999999999              1.3999999999999999
      0.050030355      0.56640625               0.1465465644597346              0.8919692236768302              0.0384404586712206              0.6557720887715273              1.3999999999999999              1.3999999999999999
      0.050030355      0.57421875               0.1910256183881746              1.0094885626303500              0.0494813558837155              0.6475748685075138              1.3999999999999999              1.3999999999999999
      0.050030355      0.58203125               0.2459697671563689              1.1294709272375922              0.0646576486111355              0.6571706897013803              1.3999999999999999              1.3999999999999999
      0.050030355      0.58984375               0.3107966863724996              1.2525000376289950              0.0852245604780979              0.6855330527555367              1.3999999999999999              1.3999999999999999
      0.050030355      0.59765625               0.3883406405770207              1.3787829423589222              0.1127444857964388              0.7258092124282696              1.3999999999999999              1.3999999999999999
      0.050030355      0.60546875               0.4814528926040567              1.5082397785709212              0.1491814330113949              0.7746418980084963              1.3999999999999999              1.3999999999999999
      0.050030355      0.61328125               0.5921664059390865              1.6393562122784451              0.1964368353749665              0.8293143337954446              1.3999999999999999              1.3999999999999999
      0.050030355      0.62109375               0.7055232541127245              1.7547031295464008              0.2484682481554197              0.8804396123976691              1.3999999999999999              1.3999999999999999
      0.050030355      0.62890625               0.8087242474427625              1.8479462420962558              0.2989014090977127              0.9239905012210836              1.3999999999999999              1.3999999999999999
      0.050030355      0.63671875               0.8939493398758840              1.9184594851297192              0.3426819152930820              0.9583370667868606              1.3999999999999999              1.3999999999999999
      0.050030355      0.64453125               0.9532511818715571              1.9647430992195425              0.3743032805822771              0.9816491384972433              1.3999999999999999              1.3999999999999999
      0.050030355      0.65234375               0.9851344294638822              1.9888733492124857              0.3917396331779106              0.9941273532361934              1.3999999999999999              1.3999999999999999
      0.050030355      0.66015625               0.9970488773447996              1.9977935311763246              0.3983512320986796              0.9988257375092601              1.3999999999999999              1.3999999999999999
      0.050030355      0.66796875               0.9997292850461470              1.9997974849147682              0.3998484685731715              0.9998918571108848              1.3999999999999999              1.3999999999999999
      0.050030355      0.67578125               1.0000000000000000              2.0000000000000000              0.3999999999999999              1.0000000000000000              1.3999999999999999              1.3999999999999999
      0.050030355      0.68359375               1.0000000000000000              2.0000000000000000              0.3999999999999999              1.0000000000000000              1.3999999999999999              1.3999999999999999
      0.050030355      0.69140625               1.0000000000000000              2.0000000000000000              0.3999999999999999              1.0000000000000000              1.3999999999999999              1.3999999999999999
      0.050030355      0.69921875               1.0000000000000000              2.0000000000000000              0.3999999999999999              1.0000000000000000              1.3999999999999999              1.3999999999999999
      0.050030355      0.70703125               1.0000000000000000              2.0000000000000000              0.3999999999999999              1.0000000000000000              1.3999999999999999              1.3999999999999999
      0.050030355      0.71484375               1.0000000000000000              2.0000000000000000              0.3999999999999999              1.0000000000000000              1.3999999999999999              1.3999999999999999
      0.050030355      0.72265625               1.0000000000000000              2.0000000000000000              0.3999999999999999              1.0000000000000000              1.3999999999999999              1.3999999999999999
      0.050030355      0.73046875               1.0000000000000000              2.0000000000000000              0.3999999999999999              1.0000000000000000              1.3999999999999999              1.3999999999999999
      0.050030355      0.73828125               1.0000000000000000              2.0000000000000000              0.3999999999999999              1.0000000000000000              1.3999999999999999              1.3999999999999999
      0.050030355      0.74609375               1.0000000000000000              2.0000000000000000              0.3999999999999999              1.0000000000000000              1.3999999999999999              1.3999999999999999
      0.050030355      0.75390625               1.0000000000000000              2.0000000000000000              0.3999999999999999              1.0000000000000000              1.3999999999999999              1.3999999999999999
      0.050030355      0.76171875               1.0000000000000000              2.0000000000000000              0.3999999999999999              1.0000000000000000              1.3999999999999999              1.3999999999999999
      0.050030355      0.76953125               1.0000000000000000              2.0000000000000000              0.3999999999999999              1.0000000000000000              1.3999999999999999              1.3999999999999999
      0.050030355      0.77734375               1.0000000000000000              2.0000000000000000              0.3999999999999999              1.0000000000000000              1.3999999999999999              1.3999999999999999
      0.050030355      0.78515625               1.0000000000000000              2.0000000000000000              0.3999999999999999              1.0000000000000000              1.3999999999999999              1.3999999999999999
      0.050030355      0.79296875               1.0000000000000000              2.0000000000000000              0.3999999999999999              1.0000000000000000              1.3999999999999999              1.3999999999999999
      0.050030355      0.80078125               1.0000000000000000              2.0000000000000000              0.3999999999999999              1.0000000000000000              1.3999999999999999              1.3999999999999999
      0.050030355      0.80859375               1.0000000000000000              2.0000000000000000              0.3999999999999999              1.0000000000000000              1.3999999999999999              1.3999999999999999
      0.050030355      0.81640625               1.0000000000000000              2.0000000000000000              0.3999999999999999              1.0000000000000000              1.3999999999999999              1.3999999999999999
      0.050030355      0.82421875               1.0000000000000000              2.0000000000000000              0.3999999999999999              1.0000000000000000              1.3999999999999999              1.3999999999999999
      0.050030355      0.83203125               1.0000000000000000              2.0000000000000000              0.3999999999999999              1.0000000000000000              1.3999999999999999              1.3999999999999999
      0.050030355      0.83984375               1.0000000000000000              2.0000000000000000              0.3999999999999999              1.0000000000000000              1.3999999999999999              1.3999999999999999
      0.050030355      0.84765625               1.0000000000000000              2.0000000000000000              0.3999999999999999              1.0000000000000000              1.3999999999999999              1.3999999999999999
      0.050030355      0.85546875               1.0000000000000000              2.0000000000000000              0.3999999999999999              1.0000000000000000              1.3999999999999999              1.3999999999999999
      0.050030355      0.86328125               1.0000000000000000              2.0000000000000000              0.3999999999999999              1.0000000000000000              1.3999999999999999              1.3999999999999999
      0.050030355      0.87109375               1.0000000000000000              2.0000000000000000              0.3999999999999999              1.0000000000000000              1.3999999999999999              1.3999999999999999
      0.050030355      0.87890625               1.0000000000000000              2.0000000000000000              0.3999999999999999              1.0000000000000000              1.3999999999999999              1.3999999999999999
      0.050030355      0.88671875               1.0000000000000000              2.0000000000000000              0.3999999999999999              1.0000000000000000              1.3999999999999999              1.3999999999999999
      0.050030355      0.89453125               1.0000000000000000              2.0000000000000000              0.3999999999999999              1.0000000000000000              1.3999999999999999              1.3999999999999999
      0.050030355      0.90234375               1.0000000000000000              2.0000000000000000              0.3999999999999999              1.0000000000000000              1.3999999999999999              1.3999999999999999
      0.050030355      0.91015625               1.0000000000000000              2.0000000000000000              0.3999999999999999              1.0000000000000000              1.3999999999999999              1.3999999999999999
      0.050030355      0.91796875               1.0000000000000000              2.0000000000000000              0.3999999999999999              1.0000000000000000              1.3999999999999999              1.3999999999999999
      0.050030355      0.92578125               1.0000000000000000              2.0000000000000000              0.3999999999999999              1.0000000000000000              1.3999999999999999              1.3999999999999999
      0.050030355      0.93359375               1.0000000000000000              2.0000000000000000              0.3999999999999999              1.0000000000000000              1.3999999999999999              1.3999999999999999
      0.050030355      0.94140625               1.0000000000000000              2.0000000000000000              0.3999999999999999              1.0000000000000000              1.3999999999999999              1.3999999999999999
      0.050030355      0.94921875               1.0000000000000000              2.0000000000000000              0.3999999999999999              1.0000000000000000              1.3999999999999999              1.3999999999999999
      0.050030355      0.95703125               1.0000000000000000              2.0000000000000000              0.3999999999999999              1.0000000000000000              1.3999999999999999              1.3999999999999999
      0.050030355      0.96484375               1.0000000000000000              2.0000000000000000              0.3999999999999999              1.0000000000000000              1.3999999999999999              1.3999999999999999
      0.050030355      0.97265625               1.0000000000000000              2.0000000000000000              0.3999999999999999              1.0000000000000000              1.3999999999999999              1.3999999999999999
      0.050030355      0.98046875               1.0000000000000000              2.0000000000000000              0.3999999999999999              1.0000000000000000              1.3999999999999999              1.3999999999999999
      0.050030355      0.98828125               1.0000000000000000              2.0000000000000000              0.3999999999999999              1.0000000000000000              1.3999999999999999              1.3999999999999999
      0.050030355      0.99609375               1.0000000000000000              2.0000000000000000              0.3999999999999999              1.0000000000000000              1.3999999999999999              1.3999999999999999
