      0.115979460      0.00390625               1.0000000000000000             -2.0000000000000000              0.3999999999999999              1.0000000000000000              1.3999999999999999              1.3999999999999999
      0.115979460      0.01171875               1.0000000000000000             -2.0000000000000000              0.3999999999999999              1.0000000000000000              1.3999999999999999              1.3999999999999999
      0.115979460      0.01953125               1.0000000000000000             -2.0000000000000000              0.3999999999999999              1.0000000000000000              1.3999999999999999              1.3999999999999999
      0.115979460      0.02734375               1.0000000000000000             -2.0000000000000000              0.3999999999999999              1.0000000000000000              1.3999999999999999              1.3999999999999999
      0.115979460      0.03515625               1.0000000000000000             -2.0000000000000000              0.3999999999999999              1.0000000000000000              1.3999999999999999              1.3999999999999999
      0.115979460      0.04296875               1.0000000000000000             -2.0000000000000000              0.3999999999999999              1.0000000000000000              1.3999999999999999              1.3999999999999999
      0.115979460      0.05078125               1.0000000000000000             -2.0000000000000000              0.3999999999999999              1.0000000000000000              1.3999999999999999              1.3999999999999999
      0.115979460      0.05859375               1.0000000000000000             -2.0000000000000000              0.3999999999999999              1.0000000000000000              1.3999999999999999              1.3999999999999999
      0.115979460      0.06640625               1.0000000000000000             -2.0000000000000000              0.3999999999999999              1.0000000000000000              1.3999999999999999              1.3999999999999999
      0.115979460      0.07421875               1.0000000000000000             -2.0000000000000000              0.3999999999999999              1.0000000000000000              1.3999999999999999              1.3999999999999999
      0.115979460      0.08203125               1.0000000000000000             -2.0000000000000000              0.3999999999999999              1.0000000000000000              1.3999999999999999              1.3999999999999999
      0.115979460      0.08984375               1.0000000000000000             -2.0000000000000000              0.3999999999999999              1.0000000000000000              1.3999999999999999              1.3999999999999999
      0.115979460      0.09765625               1.0000000000000000             -2.0000000000000000              0.3999999999999999              1.0000000000000000              1.3999999999999999              1.3999999999999999
      0.115979460      0.10546875               0.9999999802842425             -1.9999999852460786              0.3999999889591761              0.9999999921136978              1.3999999999999999              1.3999999999999999
      0.115979460      0.11328125               0.9999995004032846             -1.9999996261361586              0.3999997202259837              0.9999998001615751              1.3999999999999999              1.3999999999999999
      0.115979460      0.12109375               0.9999939144365509             -1.9999954459895319              0.3999965921007477              0.9999975658005050              1.3999999999999999              1.3999999999999999
      0.115979460      0.12890625               0.9999526321102633             -1.9999645533115014              0.3999734747714162              0.9999810539208416              1.3999999999999999              1.3999999999999999
      0.115979460      0.13671875               0.9997358681476618             -1.9998023411270891              0.3998521064384676              0.9998943700482725              1.3999999999999999              1.3999999999999999
      0.115979460      0.14453125               0.9988785404714199             -1.9991606730142084              0.3993722913126418              0.9995516850431047              1.3999999999999999              1.3999999999999999
      0.115979460      0.15234375               0.9962339940758376             -1.9971798230668947              0.3978940317099210              0.9984954189377714              1.3999999999999999              1.3999999999999999
      0.115979460      0.16015625               0.9897162649725187             -1.9922851972504390              0.3942606860394558              0.9958932170585355              1.3999999999999999              1.3999999999999999
      0.115979460      0.16796875               0.9766045955875479             -1.9823746256767130              0.3869891481269493              0.9906495163841814              1.3999999999999999              1.3999999999999999
      0.115979460      0.17578125               0.9545719643933832             -1.9654986108258568              0.3748686997463726              0.9817717095446973              1.3999999999999999              1.3999999999999999
      0.115979460      0.18359375               0.9227937744889508             -1.9406143580913382              0.3575889317074575              0.9687671871905850              1.3999999999999999              1.3999999999999999
      0.115979460      0.19140625               0.8822571664385584             -1.9078601520357492              0.3358889267892833              0.9517886041809644              1.3999999999999999              1.3999999999999999
      0.115979460      0.19921875               0.8351659506841833             -1.8682529822768377              0.3111688015125720              0.9314579972329357              1.3999999999999999              1.3999999999999999
      0.115979460      0.20703125               0.7840073063303397             -1.8231334801354899              0.2849296403582970              0.9085681920872389              1.3999999999999999              1.3999999999999999
      0.115979460      0.21484375               0.7308308031776556             -1.7736626322809661              0.2583682245726227              0.8838168268538920              1.3999999999999999              1.3999999999999999
      0.115979460      0.22265625               0.6767860368416037             -1.7203576623431527              0.2321573900660242              0.8575730638203120              1.3999999999999999              1.3999999999999999
      0.115979460      0.23046875               0.6233948790196819             -1.6642611583393461              0.2070777797091617              0.8304438594154054              1.3999999999999999              1.3999999999999999
      0.115979460      0.23828125               0.5730158692147934             -1.6077527844418191              0.1842056394965591              0.8036672690626224              1.3999999999999999              1.3999999999999999
      0.115979460      0.24609375               0.5258615186236313             -1.5512194954540448              0.1635333272610707              0.7774543366906569              1.3999999999999999              1.3999999999999999
      0.115979460      0.25390625               0.4818793961875882             -1.4947956175320463              0.1449260877966765              0.7518794585495155              1.3999999999999999              1.3999999999999999
      0.115979460      0.26171875               0.4409596498422829             -1.4385526379209581              0.1282264726562535              0.7269739572663620              1.3999999999999999              1.3999999999999999
      0.115979460      0.26953125               0.4029762827961059             -1.3825317663800740              0.1132736412859758              0.7027314393046357              1.3999999999999999              1.3999999999999999
      0.115979460      0.27734375               0.3677801703159520             -1.3267579205968869              0.0999118405365089              0.6791546187133799              1.3999999999999999              1.3999999999999999
      0.115979460      0.28515625               0.3351737793455542             -1.2712458169802543              0.0879944910864317              0.6563348366498563              1.3999999999999999              1.3999999999999999
      0.115979460      0.29296875               0.3049725634830120             -1.2160036481015306              0.0773856980739590              0.6343660655089520              1.3999999999999999              1.3999999999999999
      0.115979460      0.30078125               0.2770031231535880             -1.1610321723462393              0.0679600863108871              0.6133512642130551              1.3999999999999999              1.3999999999999999
      0.115979460      0.30859375               0.2511015471914710             -1.1063235155608089              0.0596024020029669              0.5934093464338417              1.3999999999999999              1.3999999999999999
      0.115979460      0.31640625               0.2271167435933803             -1.0518605532629277              0.0522070157867349              0.5746715869637077              1.3999999999999999              1.3999999999999999
      0.115979460      0.32421875               0.2049127968569633             -0.9976176103947866              0.0456773169728537              0.5572775062547483              1.3999999999999999              1.3999999999999999
      0.115979460      0.33203125               0.1843663783933173             -0.9435629798295455              0.0399251593646218              0.5413834088481090              1.3999999999999999              1.3999999999999999
      0.115979460      0.33984375               0.1653582394128246             -0.8896629788992476              0.0348705558851523              0.5271971328579574              1.3999999999999999              1.3999999999999999
      0.115979460      0.34765625               0.1477624410420003             -0.8358865888429567              0.0304416621196126              0.5150439770915762              1.3999999999999999              1.3999999999999999
      0.115979460      0.35546875               0.1314404112717612             -0.7822104148919635              0.0265749529066468              0.5054562871783291              1.3999999999999999              1.3999999999999999
      0.115979460      0.36328125               0.1162415417532516             -0.7286231012596247              0.0232151762267736              0.4992874293609464              1.3999999999999999              1.3999999999999999
      0.115979460      0.37109375               0.1020058954046545             -0.6751287417726708              0.0203143914509760              0.4978729751449514              1.3999999999999999              1.3999999999999999
      0.115979460      0.37890625               0.0890160257949138             -0.6217447496823229              0.0178290371374017              0.5007254867364695              1.3999999999999999              1.3999999999999999
      0.115979460      0.38671875               0.0777548252631136             -0.5685754912173427              0.0157104060079942              0.5051264006713383              1.3999999999999999              1.3999999999999999
      0.115979460      0.39453125               0.0680532098991911             -0.5156980648288660              0.0139101141230727              0.5110013966893726              1.3999999999999999              1.3999999999999999
      0.115979460      0.40234375               0.0597309039972930             -0.4632808629897555              0.0123847794818042              0.5183572762587640              1.3999999999999999              1.3999999999999999
      0.115979460      0.41015625               0.0526228508092985             -0.4116830726627128              0.0110939039492720              0.5270478403705028              1.3999999999999999              1.3999999999999999
      0.115979460      0.41796875               0.0465972352524343             -0.3612531588284608              0.0100070652529436              0.5368915772970040              1.3999999999999999              1.3999999999999999
      0.115979460      0.42578125               0.0415412946120817             -0.3124502990151904              0.0090992029334823              0.5475998652937963              1.3999999999999999              1.3999999999999999
      0.115979460      0.43359375               0.0373577825399372             -0.2658278723399879              0.0083501601922245              0.5587965628913987              1.3999999999999999              1.3999999999999999
      0.115979460      0.44140625               0.0339596830309782             -0.2220047716175060              0.0077433290429426              0.5700383772633493              1.3999999999999999              1.3999999999999999
      0.115979460      0.44921875               0.0312661767962911             -0.1815803055712299              0.0072641428481463              0.5808307564652383              1.3999999999999999              1.3999999999999999
      0.115979460      0.45703125               0.0291992530068403             -0.1449908125701299              0.0068984652402021              0.5906371336439743              1.3999999999999999              1.3999999999999999
      0.115979460      0.46484375               0.0276805812021273             -0.1123535845358295              0.0066312224709690              0.5989056391687465              1.3999999999999999              1.3999999999999999
      0.115979460      0.47265625               0.0266292277145170             -0.0833798573544256              0.0064459438715150              0.6051568543988397              1.3999999999999999              1.3999999999999999
      0.115979460      0.48046875               0.0259613796229893             -0.0574190641607954              0.0063256996578217              0.6091451754185867              1.3999999999999999              1.3999999999999999
      0.115979460      0.48828125               0.0255928016008408             -0.0336139360760209              0.0062551762048863              0.6110288649173109              1.3999999999999999              1.3999999999999999
      0.115979460      0.49609375               0.0254435491551439             -0.0110681478851050              0.0062229301682196              0.6114447841253224              1.3999999999999999              1.3999999999999999
      0.115979460      0.50390625               0.0254435491551439              0.0110681478851050              0.0062229301682196              0.6114447841253225              1.3999999999999999              1.3999999999999999
      0.115979460      0.51171875               0.0255928016008408              0.0336139360760209              0.0062551762048863              0.6110288649173108              1.3999999999999999              1.3999999999999999
      0.115979460      0.51953125               0.0259613796229893              0.0574190641607954              0.0063256996578217              0.6091451754185864              1.3999999999999999              1.3999999999999999
      0.115979460      0.52734375               0.0266292277145169              0.0833798573544255              0.0064459438715150              0.6051568543988399              1.3999999999999999              1.3999999999999999
      0.115979460      0.53515625               0.0276805812021273              0.1123535845358293              0.0066312224709690              0.5989056391687466              1.3999999999999999              1.3999999999999999
      0.115979460      0.54296875               0.0291992530068403              0.1449908125701299              0.0068984652402021              0.5906371336439743              1.3999999999999999              1.3999999999999999
      0.115979460      0.55078125               0.0312661767962911              0.1815803055712301              0.0072641428481463              0.5808307564652382              1.3999999999999999              1.3999999999999999
      0.115979460      0.55859375               0.0339596830309782              0.2220047716175063              0.0077433290429426              0.5700383772633489              1.3999999999999999              1.3999999999999999
      0.115979460      0.56640625               0.0373577825399372              0.2658278723399881              0.0083501601922245              0.5587965628913988              1.3999999999999999              1.3999999999999999
      0.115979460      0.57421875               0.0415412946120817              0.3124502990151904              0.0090992029334823              0.5475998652937965              1.3999999999999999              1.3999999999999999
      0.115979460      0.58203125               0.0465972352524343              0.3612531588284607              0.0100070652529436              0.5368915772970044              1.3999999999999999              1.3999999999999999
      0.115979460      0.58984375               0.0526228508092986              0.4116830726627129              0.0110939039492720              0.5270478403705029              1.3999999999999999              1.3999999999999999
      0.115979460      0.59765625               0.0597309039972930              0.4632808629897561              0.0123847794818042              0.5183572762587635              1.3999999999999999              1.3999999999999999
      0.115979460      0.60546875               0.0680532098991912              0.5156980648288658              0.0139101141230727              0.5110013966893721              1.3999999999999999              1.3999999999999999
      0.115979460      0.61328125               0.0777548252631137              0.5685754912173422              0.0157104060079942              0.5051264006713383              1.3999999999999999              1.3999999999999999
      0.115979460      0.62109375               0.0890160257949138              0.6217447496823232              0.0178290371374017              0.5007254867364690              1.3999999999999999              1.3999999999999999
      0.115979460      0.62890625               0.1020058954046547              0.6751287417726707              0.0203143914509760              0.4978729751449509              1.3999999999999999              1.3999999999999999
      0.115979460      0.63671875               0.1162415417532515              0.7286231012596247              0.0232151762267737              0.4992874293609472              1.3999999999999999              1.3999999999999999
      0.115979460      0.64453125               0.1314404112717610              0.7822104148919636              0.0265749529066468              0.5054562871783300              1.3999999999999999              1.3999999999999999
      0.115979460      0.65234375               0.1477624410420003              0.8358865888429565              0.0304416621196126              0.5150439770915767              1.3999999999999999              1.3999999999999999
      0.115979460      0.66015625               0.1653582394128245              0.8896629788992476              0.0348705558851523              0.5271971328579576              1.3999999999999999              1.3999999999999999
      0.115979460      0.66796875               0.1843663783933170              0.9435629798295457              0.0399251593646217              0.5413834088481088              1.3999999999999999              1.3999999999999999
      0.115979460      0.67578125               0.2049127968569633              0.9976176103947869              0.0456773169728537              0.5572775062547475              1.3999999999999999              1.3999999999999999
      0.115979460      0.68359375               0.2271167435933802              1.0518605532629277              0.0522070157867349              0.5746715869637072              1.3999999999999999              1.3999999999999999
      0.115979460      0.69140625               0.2511015471914713              1.1063235155608091              0.0596024020029669              0.5934093464338407              1.3999999999999999              1.3999999999999999
      0.115979460      0.69921875               0.2770031231535883              1.1610321723462393              0.0679600863108871              0.6133512642130546              1.3999999999999999              1.3999999999999999
      0.115979460      0.70703125               0.3049725634830120              1.2160036481015315              0.0773856980739588              0.6343660655089506              1.3999999999999999              1.3999999999999999
      0.115979460      0.71484375               0.3351737793455540              1.2712458169802545              0.0879944910864315              0.6563348366498553              1.3999999999999999              1.3999999999999999
      0.115979460      0.72265625               0.3677801703159518              1.3267579205968878              0.0999118405365087              0.6791546187133788              1.3999999999999999              1.3999999999999999
      0.115979460      0.73046875               0.4029762827961060              1.3825317663800745              0.1132736412859759              0.7027314393046362              1.3999999999999999              1.3999999999999999
      0.115979460      0.73828125               0.4409596498422831              1.4385526379209581              0.1282264726562534              0.7269739572663615              1.3999999999999999              1.3999999999999999
      0.115979460      0.74609375               0.4818793961875881              1.4947956175320463              0.1449260877966766              0.7518794585495162              1.3999999999999999              1.3999999999999999
      0.115979460      0.75390625               0.5258615186236313              1.5512194954540448              0.1635333272610706              0.7774543366906564              1.3999999999999999              1.3999999999999999
      0.115979460      0.76171875               0.5730158692147933              1.6077527844418198              0.1842056394965589              0.8036672690626218              1.3999999999999999              1.3999999999999999
      0.115979460      0.76953125               0.6233948790196819              1.6642611583393456              0.2070777797091616              0.8304438594154048              1.3999999999999999              1.3999999999999999
      0.115979460      0.77734375               0.6767860368416037              1.7203576623431525              0.2321573900660240              0.8575730638203113              1.3999999999999999              1.3999999999999999
      0.115979460      0.78515625               0.7308308031776556              1.7736626322809661              0.2583682245726227              0.8838168268538920              1.3999999999999999              1.3999999999999999
      0.115979460      0.79296875               0.7840073063303397              1.8231334801354904              0.2849296403582970              0.9085681920872387              1.3999999999999999              1.3999999999999999
      0.115979460      0.80078125               0.8351659506841835              1.8682529822768377              0.3111688015125721              0.9314579972329357              1.3999999999999999              1.3999999999999999
      0.115979460      0.80859375               0.8822571664385586              1.9078601520357492              0.3358889267892832              0.9517886041809641              1.3999999999999999              1.3999999999999999
      0.115979460      0.81640625               0.9227937744889508              1.9406143580913382              0.3575889317074575              0.9687671871905850              1.3999999999999999              1.3999999999999999
      0.115979460      0.82421875               0.9545719643933832              1.9654986108258568              0.3748686997463726              0.9817717095446973              1.3999999999999999              1.3999999999999999
      0.115979460      0.83203125               0.9766045955875479              1.9823746256767130              0.3869891481269493              0.9906495163841814              1.3999999999999999              1.3999999999999999
      0.115979460      0.83984375               0.9897162649725187              1.9922851972504390              0.3942606860394558              0.9958932170585355              1.3999999999999999              1.3999999999999999
      0.115979460      0.84765625               0.9962339940758376              1.9971798230668947              0.3978940317099210              0.9984954189377714              1.3999999999999999              1.3999999999999999
      0.115979460      0.85546875               0.9988785404714199              1.9991606730142084              0.3993722913126418              0.9995516850431047              1.3999999999999999              1.3999999999999999
      0.115979460      0.86328125               0.9997358681476618              1.9998023411270891              0.3998521064384676              0.9998943700482725              1.3999999999999999              1.3999999999999999
      0.115979460      0.87109375               0.9999526321102633              1.9999645533115014              0.3999734747714162              0.9999810539208416              1.3999999999999999              1.3999999999999999
      0.115979460      0.87890625               0.9999939144365509              1.9999954459895319              0.3999965921007477              0.9999975658005050              1.3999999999999999              1.3999999999999999
      0.115979460      0.88671875               0.9999995004032846              1.9999996261361586              0.3999997202259837              0.9999998001615751              1.3999999999999999              1.3999999999999999
      0.115979460      0.89453125               0.9999999802842425              1.9999999852460786              0.3999999889591761              0.9999999921136978              1.3999999999999999              1.3999999999999999
      0.115979460      0.90234375               1.0000000000000000              2.0000000000000000              0.3999999999999999              1.0000000000000000              1.3999999999999999              1.3999999999999999
      0.115979460      0.91015625               1.0000000000000000              2.0000000000000000              0.3999999999999999              1.0000000000000000              1.3999999999999999              1.3999999999999999
      0.115979460      0.91796875               1.0000000000000000              2.0000000000000000              0.3999999999999999              1.0000000000000000              1.3999999999999999              1.3999999999999999
      0.115979460      0.92578125               1.0000000000000000              2.0000000000000000              0.3999999999999999              1.0000000000000000              1.3999999999999999              1.3999999999999999
      0.115979460      0.93359375               1.0000000000000000              2.0000000000000000              0.3999999999999999              1.0000000000000000              1.3999999999999999              1.3999999999999999
      0.115979460      0.94140625               1.0000000000000000              2.0000000000000000              0.3999999999999999              1.0000000000000000              1.3999999999999999              1.3999999999999999
      0.115979460      0.94921875               1.0000000000000000              2.0000000000000000              0.3999999999999999              1.0000000000000000              1.3999999999999999              1.3999999999999999
      0.115979460      0.95703125               1.0000000000000000              2.0000000000000000              0.3999999999999999              1.0000000000000000              1.3999999999999999              1.3999999999999999
      0.115979460      0.96484375               1.0000000000000000              2.0000000000000000              0.3999999999999999              1.0000000000000000              1.3999999999999999              1.3999999999999999
      0.115979460      0.97265625               1.0000000000000000              2.0000000000000000              0.3999999999999999              1.0000000000000000              1.3999999999999999              1.3999999999999999
      0.115979460      0.98046875               1.0000000000000000              2.0000000000000000              0.3999999999999999              1.0000000000000000              1.3999999999999999              1.3999999999999999
      0.115979460      0.98828125               1.0000000000000000              2.0000000000000000              0.3999999999999999              1.0000000000000000              1.3999999999999999              1.3999999999999999
      0.115979460      0.99609375               1.0000000000000000              2.0000000000000000              0.3999999999999999              1.0000000000000000              1.3999999999999999              1.3999999999999999
