      0.138720530      0.00390625               1.0000000000000000             -2.0000000000000000              0.3999999999999999              1.0000000000000000              1.3999999999999999              1.3999999999999999
      0.138720530      0.01171875               1.0000000000000000             -2.0000000000000000              0.3999999999999999              1.0000000000000000              1.3999999999999999              1.3999999999999999
      0.138720530      0.01953125               1.0000000000000000             -2.0000000000000000              0.3999999999999999              1.0000000000000000              1.3999999999999999              1.3999999999999999
      0.138720530      0.02734375               0.9999999992618605             -1.9999999994476267              0.3999999995866420              0.9999999997047448              1.3999999999999999              1.3999999999999999
      0.138720530      0.03515625               0.9999999776048909             -1.9999999832410347              0.3999999874587393              0.9999999910419572              1.3999999999999999              1.3999999999999999
      0.138720530      0.04296875               0.9999996711589992             -1.9999997539179586              0.3999998158490913              0.9999998684636860              1.3999999999999999              1.3999999999999999
      0.138720530      0.05078125               0.9999968905507234             -1.9999976731026705              0.3999982587121980              0.9999987562259045              1.3999999999999999              1.3999999999999999
      0.138720530      0.05859375               0.9999787499200946             -1.9999840979194081              0.3999881001039860              0.9999915001592483              1.3999999999999999              1.3999999999999999
      0.138720530      0.06640625               0.9998883527764246             -1.9999164505654849              0.3999374810658880              0.9999553449026780              1.3999999999999999              1.3999999999999999
      0.138720530      0.07421875               0.9995316702306323             -1.9996495156371326              0.3997377889155344              0.9998127143467572              1.3999999999999999              1.3999999999999999
      0.138720530      0.08203125               0.9983915061490641             -1.9987959707016849              0.3990997983860853              0.9993569554829977              1.3999999999999999              1.3999999999999999
      0.138720530      0.08984375               0.9953919802197573             -1.9965480262889335              0.3974235551208114              0.9981584215523578              1.3999999999999999              1.3999999999999999
      0.138720530      0.09765625               0.9888126942074793             -1.9916026701693563              0.3937565706819841              0.9955287108181167              1.3999999999999999              1.3999999999999999
      0.138720530      0.10546875               0.9766141795048142             -1.9823729027639454              0.3869889966166651              0.9906394068865697              1.3999999999999999              1.3999999999999999
      0.138720530      0.11328125               0.9571715026052627             -1.9674795663632705              0.3762773047679098              0.9827844428708576              1.3999999999999999              1.3999999999999999
      0.138720530      0.12109375               0.9299626672125039             -1.9462330712201632              0.3614355776596753              0.9716400195479148              1.3999999999999999              1.3999999999999999
      0.138720530      0.12890625               0.8957374824341562             -1.9187890609548719              0.3430099498217504              0.9573395011047904              1.3999999999999999              1.3999999999999999
      0.138720530      0.13671875               0.8561143742244830             -1.8859390402410456              0.3220209681688060              0.9403561541076533              1.3999999999999999              1.3999999999999999
      0.138720530      0.14453125               0.8129640851268293             -1.8487376867751071              0.2995936481957555              0.9213003799208930              1.3999999999999999              1.3999999999999999
      0.138720530      0.15234375               0.7679199880060582             -1.8081680928471582              0.2766786826275612              0.9007405945571587              1.3999999999999999              1.3999999999999999
      0.138720530      0.16015625               0.7220988834559803             -1.7648951455878172              0.2539120811683252              0.8790765606543275              1.3999999999999999              1.3999999999999999
      0.138720530      0.16796875               0.6760469030789008             -1.7191386216107736              0.2316076269331428              0.8564776566475600              1.3999999999999999              1.3999999999999999
      0.138720530      0.17578125               0.6312891468197651             -1.6722270631587854              0.2105092266188075              0.8336482089042969              1.3999999999999999              1.3999999999999999
      0.138720530      0.18359375               0.5887067280925457             -1.6250917726248204              0.1909941656833902              0.8110751778828221              1.3999999999999999              1.3999999999999999
      0.138720530      0.19140625               0.5483608560739761             -1.5778853664611812              0.1730284848667674              0.7888440748012895              1.3999999999999999              1.3999999999999999
      0.138720530      0.19921875               0.5102371058491837             -1.5306992081640172              0.1565424182883928              0.7670082031169630              1.3999999999999999              1.3999999999999999
      0.138720530      0.20703125               0.4742802782556962             -1.4835870050639763              0.1414493680769352              0.7456000943005496              1.3999999999999999              1.3999999999999999
      0.138720530      0.21484375               0.4404168441603798             -1.4365813146364570              0.1276572163962929              0.7246385900592734              1.3999999999999999              1.3999999999999999
      0.138720530      0.22265625               0.4085671330868849             -1.3897028442551000              0.1150738444253461              0.7041305767544132              1.3999999999999999              1.3999999999999999
      0.138720530      0.23046875               0.3786533614650842             -1.3429651549504311              0.1036098161267826              0.6840677164854411              1.3999999999999999              1.3999999999999999
      0.138720530      0.23828125               0.3505934544735477             -1.2963773415423465              0.0931795646149464              0.6644417018200266              1.3999999999999999              1.3999999999999999
      0.138720530      0.24609375               0.3242792397602998             -1.2499448883320912              0.0837021848653702              0.6452940444726054              1.3999999999999999              1.3999999999999999
      0.138720530      0.25390625               0.2996085290734953             -1.2036705647465471              0.0751018564521967              0.6266665428754689              1.3999999999999999              1.3999999999999999
      0.138720530      0.26171875               0.2764849457448705             -1.1575541057827057              0.0673076596002321              0.6086014865917966              1.3999999999999999              1.3999999999999999
      0.138720530      0.26953125               0.2548146548400420             -1.1115916031019033              0.0602534535295974              0.5911498061936539              1.3999999999999999              1.3999999999999999
      0.138720530      0.27734375               0.2345065519737700             -1.0657751132221758              0.0538777702767202              0.5743738269064070              1.3999999999999999              1.3999999999999999
      0.138720530      0.28515625               0.2154738876013708             -1.0200925745291374              0.0481236721746616              0.5583469151455945              1.3999999999999999              1.3999999999999999
      0.138720530      0.29296875               0.1976362863885998             -0.9745281234204992              0.0429385689955295              0.5431513840416698              1.3999999999999999              1.3999999999999999
      0.138720530      0.30078125               0.1809211133757778             -0.9290630671737550              0.0382739982192334              0.5288768887318487              1.3999999999999999              1.3999999999999999
      0.138720530      0.30859375               0.1652631180912516             -0.8836776010041355              0.0340853863544679              0.5156230069380531              1.3999999999999999              1.3999999999999999
      0.138720530      0.31640625               0.1506017089191164             -0.8383532159088457              0.0303318405254707              0.5035108954467609              1.3999999999999999              1.3999999999999999
      0.138720530      0.32421875               0.1368763287468306             -0.7930756952548742              0.0269760175233984              0.4927078657496325              1.3999999999999999              1.3999999999999999
      0.138720530      0.33203125               0.1240216593347317             -0.7478383767709651              0.0239840741032986              0.4834654332144939              1.3999999999999999              1.3999999999999999
      0.138720530      0.33984375               0.1119647129928464             -0.7026451212226622              0.0213256392652854              0.4761687565493947              1.3999999999999999              1.3999999999999999
      0.138720530      0.34765625               0.1006245219305569             -0.6575133820839699              0.0189737054795779              0.4713986490458086              1.3999999999999999              1.3999999999999999
      0.138720530      0.35546875               0.0899080658249575             -0.6124824581258198              0.0169038755782461              0.4700322330133419              1.3999999999999999              1.3999999999999999
      0.138720530      0.36328125               0.0799375263722820             -0.5675652505574889              0.0150954139240997              0.4721003579031794              1.3999999999999999              1.3999999999999999
      0.138720530      0.37109375               0.0711047444610068             -0.5228560185871776              0.0135237145941649              0.4754856619160351              1.3999999999999999              1.3999999999999999
      0.138720530      0.37890625               0.0633477028072220             -0.4784134969371562              0.0121630375657403              0.4800109959296595              1.3999999999999999              1.3999999999999999
      0.138720530      0.38671875               0.0565522501741035             -0.4344544664464678              0.0109862428148273              0.4856678019444267              1.3999999999999999              1.3999999999999999
      0.138720530      0.39453125               0.0506225489745325             -0.3911962205771053              0.0099718950922671              0.4924631065735049              1.3999999999999999              1.3999999999999999
      0.138720530      0.40234375               0.0454767405019475             -0.3489111673185242              0.0091022811648451              0.5003811324415002              1.3999999999999999              1.3999999999999999
      0.138720530      0.41015625               0.0410453823708856             -0.3079386761621386              0.0083628858613972              0.5093682515751875              1.3999999999999999              1.3999999999999999
      0.138720530      0.41796875               0.0372679139312631             -0.2686890915631213              0.0077416154947096              0.5193217622126829              1.3999999999999999              1.3999999999999999
      0.138720530      0.42578125               0.0340897458361225             -0.2316162292176993              0.0072280940871965              0.5300783204679521              1.3999999999999999              1.3999999999999999
      0.138720530      0.43359375               0.0314596492705838             -0.1971515880689274              0.0068128272007446              0.5413940840652451              1.3999999999999999              1.3999999999999999
      0.138720530      0.44140625               0.0293273787332354             -0.1656098980786121              0.0064861986890307              0.5529132647712701              1.3999999999999999              1.3999999999999999
      0.138720530      0.44921875               0.0276420852975715             -0.1370940779181577              0.0062376006661225              0.5641398431932427              1.3999999999999999              1.3999999999999999
      0.138720530      0.45703125               0.0263519736295655             -0.1114419901660996              0.0060551468343587              0.5744490829678500              1.3999999999999999              1.3999999999999999
      0.138720530      0.46484375               0.0254048909825279             -0.0882496439175530              0.0059262205872895              0.5831771322464260              1.3999999999999999              1.3999999999999999
      0.138720530      0.47265625               0.0247489704536383             -0.0669675335348754              0.0058386640793327              0.5897885823442729              1.3999999999999999              1.3999999999999999
      0.138720530      0.48046875               0.0243327406408337             -0.0470240949882996              0.0057820498674793              0.5940606889320346              1.3999999999999999              1.3999999999999999
      0.138720530      0.48828125               0.0241049902981393             -0.0279196328138237              0.0057485078085114              0.5961947855414798              1.3999999999999999              1.3999999999999999
      0.138720530      0.49609375               0.0240152158889123             -0.0092606476621990              0.0057329568933418              0.5968046383447934              1.3999999999999999              1.3999999999999999
      0.138720530      0.50390625               0.0240152158889123              0.0092606476621988              0.0057329568933418              0.5968046383447935              1.3999999999999999              1.3999999999999999
      0.138720530      0.51171875               0.0241049902981393              0.0279196328138236              0.0057485078085114              0.5961947855414798              1.3999999999999999              1.3999999999999999
      0.138720530      0.51953125               0.0243327406408337              0.0470240949882998              0.0057820498674793              0.5940606889320342              1.3999999999999999              1.3999999999999999
      0.138720530      0.52734375               0.0247489704536383              0.0669675335348754              0.0058386640793327              0.5897885823442726              1.3999999999999999              1.3999999999999999
      0.138720530      0.53515625               0.0254048909825278              0.0882496439175530              0.0059262205872895              0.5831771322464262              1.3999999999999999              1.3999999999999999
      0.138720530      0.54296875               0.0263519736295655              0.1114419901660997              0.0060551468343587              0.5744490829678502              1.3999999999999999              1.3999999999999999
      0.138720530      0.55078125               0.0276420852975715              0.1370940779181578              0.0062376006661225              0.5641398431932425              1.3999999999999999              1.3999999999999999
      0.138720530      0.55859375               0.0293273787332354              0.1656098980786121              0.0064861986890307              0.5529132647712699              1.3999999999999999              1.3999999999999999
      0.138720530      0.56640625               0.0314596492705838              0.1971515880689272              0.0068128272007446              0.5413940840652451              1.3999999999999999              1.3999999999999999
      0.138720530      0.57421875               0.0340897458361225              0.2316162292176992              0.0072280940871965              0.5300783204679523              1.3999999999999999              1.3999999999999999
      0.138720530      0.58203125               0.0372679139312630              0.2686890915631214              0.0077416154947096              0.5193217622126829              1.3999999999999999              1.3999999999999999
      0.138720530      0.58984375               0.0410453823708856              0.3079386761621389              0.0083628858613972              0.5093682515751876              1.3999999999999999              1.3999999999999999
      0.138720530      0.59765625               0.0454767405019475              0.3489111673185243              0.0091022811648451              0.5003811324415002              1.3999999999999999              1.3999999999999999
      0.138720530      0.60546875               0.0506225489745326              0.3911962205771052              0.0099718950922671              0.4924631065735049              1.3999999999999999              1.3999999999999999
      0.138720530      0.61328125               0.0565522501741036              0.4344544664464673              0.0109862428148273              0.4856678019444267              1.3999999999999999              1.3999999999999999
      0.138720530      0.62109375               0.0633477028072220              0.4784134969371568              0.0121630375657403              0.4800109959296589              1.3999999999999999              1.3999999999999999
      0.138720530      0.62890625               0.0711047444610069              0.5228560185871779              0.0135237145941649              0.4754856619160346              1.3999999999999999              1.3999999999999999
      0.138720530      0.63671875               0.0799375263722821              0.5675652505574883              0.0150954139240997              0.4721003579031788              1.3999999999999999              1.3999999999999999
      0.138720530      0.64453125               0.0899080658249575              0.6124824581258200              0.0169038755782461              0.4700322330133414              1.3999999999999999              1.3999999999999999
      0.138720530      0.65234375               0.1006245219305567              0.6575133820839700              0.0189737054795779              0.4713986490458093              1.3999999999999999              1.3999999999999999
      0.138720530      0.66015625               0.1119647129928464              0.7026451212226620              0.0213256392652854              0.4761687565493952              1.3999999999999999              1.3999999999999999
      0.138720530      0.66796875               0.1240216593347315              0.7478383767709651              0.0239840741032986              0.4834654332144949              1.3999999999999999              1.3999999999999999
      0.138720530      0.67578125               0.1368763287468304              0.7930756952548746              0.0269760175233983              0.4927078657496324              1.3999999999999999              1.3999999999999999
      0.138720530      0.68359375               0.1506017089191162              0.8383532159088459              0.0303318405254706              0.5035108954467609              1.3999999999999999              1.3999999999999999
      0.138720530      0.69140625               0.1652631180912514              0.8836776010041354              0.0340853863544679              0.5156230069380534              1.3999999999999999              1.3999999999999999
      0.138720530      0.69921875               0.1809211133757778              0.9290630671737552              0.0382739982192334              0.5288768887318485              1.3999999999999999              1.3999999999999999
      0.138720530      0.70703125               0.1976362863885998              0.9745281234204993              0.0429385689955295              0.5431513840416694              1.3999999999999999              1.3999999999999999
      0.138720530      0.71484375               0.2154738876013706              1.0200925745291376              0.0481236721746615              0.5583469151455943              1.3999999999999999              1.3999999999999999
      0.138720530      0.72265625               0.2345065519737700              1.0657751132221762              0.0538777702767202              0.5743738269064066              1.3999999999999999              1.3999999999999999
      0.138720530      0.73046875               0.2548146548400421              1.1115916031019040              0.0602534535295974              0.5911498061936530              1.3999999999999999              1.3999999999999999
      0.138720530      0.73828125               0.2764849457448706              1.1575541057827057              0.0673076596002322              0.6086014865917968              1.3999999999999999              1.3999999999999999
      0.138720530      0.74609375               0.2996085290734953              1.2036705647465475              0.0751018564521966              0.6266665428754682              1.3999999999999999              1.3999999999999999
      0.138720530      0.75390625               0.3242792397602998              1.2499448883320912              0.0837021848653702              0.6452940444726053              1.3999999999999999              1.3999999999999999
      0.138720530      0.76171875               0.3505934544735475              1.2963773415423463              0.0931795646149464              0.6644417018200266              1.3999999999999999              1.3999999999999999
      0.138720530      0.76953125               0.3786533614650840              1.3429651549504311              0.1036098161267825              0.6840677164854410              1.3999999999999999              1.3999999999999999
      0.138720530      0.77734375               0.4085671330868851              1.3897028442551005              0.1150738444253461              0.7041305767544128              1.3999999999999999              1.3999999999999999
      0.138720530      0.78515625               0.4404168441603800              1.4365813146364577              0.1276572163962928              0.7246385900592728              1.3999999999999999              1.3999999999999999
      0.138720530      0.79296875               0.4742802782556964              1.4835870050639766              0.1414493680769352              0.7456000943005495              1.3999999999999999              1.3999999999999999
      0.138720530      0.80078125               0.5102371058491837              1.5306992081640174              0.1565424182883927              0.7670082031169628              1.3999999999999999              1.3999999999999999
      0.138720530      0.80859375               0.5483608560739761              1.5778853664611818              0.1730284848667671              0.7888440748012878              1.3999999999999999              1.3999999999999999
      0.138720530      0.81640625               0.5887067280925458              1.6250917726248204              0.1909941656833901              0.8110751778828212              1.3999999999999999              1.3999999999999999
      0.138720530      0.82421875               0.6312891468197651              1.6722270631587854              0.2105092266188074              0.8336482089042965              1.3999999999999999              1.3999999999999999
      0.138720530      0.83203125               0.6760469030789008              1.7191386216107736              0.2316076269331425              0.8564776566475588              1.3999999999999999              1.3999999999999999
      0.138720530      0.83984375               0.7220988834559802              1.7648951455878170              0.2539120811683250              0.8790765606543269              1.3999999999999999              1.3999999999999999
      0.138720530      0.84765625               0.7679199880060582              1.8081680928471582              0.2766786826275612              0.9007405945571587              1.3999999999999999              1.3999999999999999
      0.138720530      0.85546875               0.8129640851268296              1.8487376867751069              0.2995936481957559              0.9213003799208938              1.3999999999999999              1.3999999999999999
      0.138720530      0.86328125               0.8561143742244830              1.8859390402410452              0.3220209681688060              0.9403561541076533              1.3999999999999999              1.3999999999999999
      0.138720530      0.87109375               0.8957374824341562              1.9187890609548717              0.3430099498217500              0.9573395011047894              1.3999999999999999              1.3999999999999999
      0.138720530      0.87890625               0.9299626672125038              1.9462330712201630              0.3614355776596752              0.9716400195479149              1.3999999999999999              1.3999999999999999
      0.138720530      0.88671875               0.9571715026052627              1.9674795663632707              0.3762773047679097              0.9827844428708571              1.3999999999999999              1.3999999999999999
      0.138720530      0.89453125               0.9766141795048142              1.9823729027639454              0.3869889966166651              0.9906394068865697              1.3999999999999999              1.3999999999999999
      0.138720530      0.90234375               0.9888126942074793              1.9916026701693563              0.3937565706819841              0.9955287108181167              1.3999999999999999              1.3999999999999999
      0.138720530      0.91015625               0.9953919802197573              1.9965480262889335              0.3974235551208114              0.9981584215523578              1.3999999999999999              1.3999999999999999
      0.138720530      0.91796875               0.9983915061490641              1.9987959707016849              0.3990997983860853              0.9993569554829977              1.3999999999999999              1.3999999999999999
      0.138720530      0.92578125               0.9995316702306323              1.9996495156371326              0.3997377889155344              0.9998127143467572              1.3999999999999999              1.3999999999999999
      0.138720530      0.93359375               0.9998883527764246              1.9999164505654849              0.3999374810658880              0.9999553449026780              1.3999999999999999              1.3999999999999999
      0.138720530      0.94140625               0.9999787499200946              1.9999840979194081              0.3999881001039860              0.9999915001592483              1.3999999999999999              1.3999999999999999
      0.138720530      0.94921875               0.9999968905507234              1.9999976731026705              0.3999982587121980              0.9999987562259045              1.3999999999999999              1.3999999999999999
      0.138720530      0.95703125               0.9999996711589992              1.9999997539179586              0.3999998158490913              0.9999998684636860              1.3999999999999999              1.3999999999999999
      0.138720530      0.96484375               0.9999999776048909              1.9999999832410347              0.3999999874587393              0.9999999910419572              1.3999999999999999              1.3999999999999999
      0.138720530      0.97265625               0.9999999992618605              1.9999999994476267              0.3999999995866420              0.9999999997047448              1.3999999999999999              1.3999999999999999
      0.138720530      0.98046875               1.0000000000000000              2.0000000000000000              0.3999999999999999              1.0000000000000000              1.3999999999999999              1.3999999999999999
      0.138720530      0.98828125               1.0000000000000000              2.0000000000000000              0.3999999999999999              1.0000000000000000              1.3999999999999999              1.3999999999999999
      0.138720530      0.99609375               1.0000000000000000              2.0000000000000000              0.3999999999999999              1.0000000000000000              1.3999999999999999              1.3999999999999999
