      0.100097395      0.00390625               1.0000000000000000             -2.0000000000000000              0.3999999999999999              1.0000000000000000              1.3999999999999999              1.3999999999999999
      0.100097395      0.01171875               1.0000000000000000             -2.0000000000000000              0.3999999999999999              1.0000000000000000              1.3999999999999999              1.3999999999999999
      0.100097395      0.01953125               1.0000000000000000             -2.0000000000000000              0.3999999999999999              1.0000000000000000              1.3999999999999999              1.3999999999999999
      0.100097395      0.02734375               1.0000000000000000             -2.0000000000000000              0.3999999999999999              1.0000000000000000              1.3999999999999999              1.3999999999999999
      0.100097395      0.03515625               1.0000000000000000             -2.0000000000000000              0.3999999999999999              1.0000000000000000              1.3999999999999999              1.3999999999999999
      0.100097395      0.04296875               1.0000000000000000             -2.0000000000000000              0.3999999999999999              1.0000000000000000              1.3999999999999999              1.3999999999999999
      0.100097395      0.05078125               1.0000000000000000             -2.0000000000000000              0.3999999999999999              1.0000000000000000              1.3999999999999999              1.3999999999999999
      0.100097395      0.05859375               1.0000000000000000             -2.0000000000000000              0.3999999999999999              1.0000000000000000              1.3999999999999999              1.3999999999999999
      0.100097395      0.06640625               1.0000000000000000             -2.0000000000000000              0.3999999999999999              1.0000000000000000              1.3999999999999999              1.3999999999999999
      0.100097395      0.07421875               1.0000000000000000             -2.0000000000000000              0.3999999999999999              1.0000000000000000              1.3999999999999999              1.3999999999999999
      0.100097395      0.08203125               1.0000000000000000             -2.0000000000000000              0.3999999999999999              1.0000000000000000              1.3999999999999999              1.3999999999999999
      0.100097395      0.08984375               1.0000000000000000             -2.0000000000000000              0.3999999999999999              1.0000000000000000              1.3999999999999999              1.3999999999999999
      0.100097395      0.09765625               1.0000000000000000             -2.0000000000000000              0.3999999999999999              1.0000000000000000              1.3999999999999999              1.3999999999999999
      0.100097395      0.10546875               1.0000000000000000             -2.0000000000000000              0.3999999999999999              1.0000000000000000              1.3999999999999999              1.3999999999999999
      0.100097395      0.11328125               1.0000000000000000             -2.0000000000000000              0.3999999999999999              1.0000000000000000              1.3999999999999999              1.3999999999999999
      0.100097395      0.12109375               1.0000000000000000             -2.0000000000000000              0.3999999999999999              1.0000000000000000              1.3999999999999999              1.3999999999999999
      0.100097395      0.12890625               1.0000000000000000             -2.0000000000000000              0.3999999999999999              1.0000000000000000              1.3999999999999999              1.3999999999999999
      0.100097395      0.13671875               1.0000000000000000             -2.0000000000000000              0.3999999999999999              1.0000000000000000              1.3999999999999999              1.3999999999999999
      0.100097395      0.14453125               1.0000000000000000             -2.0000000000000000              0.3999999999999999              1.0000000000000000              1.3999999999999999              1.3999999999999999
      0.100097395      0.15234375               1.0000000000000000             -2.0000000000000000              0.3999999999999999              1.0000000000000000              1.3999999999999999              1.3999999999999999
      0.100097395      0.16015625               1.0000000000000000             -2.0000000000000000              0.3999999999999999              1.0000000000000000              1.3999999999999999              1.3999999999999999
      0.100097395      0.16796875               1.0000000000000000             -2.0000000000000000              0.3999999999999999              1.0000000000000000              1.3999999999999999              1.3999999999999999
      0.100097395      0.17578125               1.0000000000000000             -2.0000000000000000              0.3999999999999999              1.0000000000000000              1.3999999999999999              1.3999999999999999
      0.100097395      0.18359375               1.0000000000000000             -2.0000000000000000              0.3999999999999999              1.0000000000000000              1.3999999999999999              1.3999999999999999
      0.100097395      0.19140625               1.0000000000000000             -2.0000000000000000              0.3999999999999999              1.0000000000000000              1.3999999999999999              1.3999999999999999
      0.100097395      0.19921875               1.0000000000000000             -2.0000000000000000              0.3999999999999999              1.0000000000000000              1.3999999999999999              1.3999999999999999
      0.100097395      0.20703125               1.0000000000000000             -2.0000000000000000              0.3999999999999999              1.0000000000000000              1.3999999999999999              1.3999999999999999
      0.100097395      0.21484375               1.0000000000000000             -2.0000000000000000              0.3999999999999999              1.0000000000000000              1.3999999999999999              1.3999999999999999
      0.100097395      0.22265625               1.0000000000000000             -2.0000000000000000              0.3999999999999999              1.0000000000000000              1.3999999999999999              1.3999999999999999
      0.100097395      0.23046875               1.0000000000000000             -2.0000000000000000              0.3999999999999999              1.0000000000000000              1.3999999999999999              1.3999999999999999
      0.100097395      0.23828125               1.0000000000000000             -2.0000000000000000              0.3999999999999999              1.0000000000000000              1.3999999999999999              1.3999999999999999
      0.100097395      0.24609375               1.0000000000000000             -2.0000000000000000              0.3999999999999999              1.0000000000000000              1.3999999999999999              1.3999999999999999
      0.100097395      0.25390625               1.0000000000000000             -2.0000000000000000              0.3999999999999999              1.0000000000000000              1.3999999999999999              1.3999999999999999
      0.100097395      0.26171875               1.0000000000000000             -2.0000000000000000              0.3999999999999999              1.0000000000000000              1.3999999999999999              1.3999999999999999
      0.100097395      0.26953125               1.0000000000000000             -2.0000000000000000              0.3999999999999999              1.0000000000000000              1.3999999999999999              1.3999999999999999
      0.100097395      0.27734375               1.0000000000000000             -2.0000000000000000              0.3999999999999999              1.0000000000000000              1.3999999999999999              1.3999999999999999
      0.100097395      0.28515625               1.0000000000000000             -2.0000000000000000              0.3999999999999999              1.0000000000000000              1.3999999999999999              1.3999999999999999
      0.100097395      0.29296875               1.0000000000000000             -2.0000000000000000              0.3999999999999999              1.0000000000000000              1.3999999999999999              1.3999999999999999
      0.100097395      0.30078125               1.0000000000000000             -2.0000000000000000              0.3999999999999999              1.0000000000000000              1.3999999999999999              1.3999999999999999
      0.100097395      0.30859375               0.0000000000010000                             NaN              0.0000000000010000              1.0000000000000000              1.3999999999999999              1.3999999999999999
      0.100097395      0.31640625               0.0000000000010000                             NaN              0.0000000000010000              1.0000000000000000              1.3999999999999999              1.3999999999999999
      0.100097395      0.32421875               0.0000000000010000                             NaN              0.0000000000010000              1.0000000000000000              1.3999999999999999              1.3999999999999999
      0.100097395      0.33203125               0.0000000000010000                             NaN              0.0000000000010000              1.0000000000000000              1.3999999999999999              1.3999999999999999
      0.100097395      0.33984375               0.0000000000010000                             NaN              0.0000000000010000              1.0000000000000000              1.3999999999999999              1.3999999999999999
      0.100097395      0.34765625               0.0000000000010000                             NaN              0.0000000000010000              1.0000000000000000              1.3999999999999999              1.3999999999999999
      0.100097395      0.35546875               0.0000000000010000                             NaN              0.0000000000010000              1.0000000000000000              1.3999999999999999              1.3999999999999999
      0.100097395      0.36328125               0.0000000000010000                             NaN              0.0000000000010000              1.0000000000000000              1.3999999999999999              1.3999999999999999
      0.100097395      0.37109375               0.0000000000010000                             NaN              0.0000000000010000              1.0000000000000000              1.3999999999999999              1.3999999999999999
      0.100097395      0.37890625               0.0000000000010000                             NaN              0.0000000000010000              1.0000000000000000              1.3999999999999999              1.3999999999999999
      0.100097395      0.38671875               0.0000000000010000                             NaN              0.0000000000010000              1.0000000000000000              1.3999999999999999              1.3999999999999999
      0.100097395      0.39453125               0.0000000000010000                             NaN              0.0000000000010000              1.0000000000000000              1.3999999999999999              1.3999999999999999
      0.100097395      0.40234375               0.0000000000010000                             NaN              0.0000000000010000              1.0000000000000000              1.3999999999999999              1.3999999999999999
      0.100097395      0.41015625               0.0000000000010000                             NaN              0.0000000000010000              1.0000000000000000              1.3999999999999999              1.3999999999999999
      0.100097395      0.41796875               0.0000000000010000                             NaN              0.0000000000010000              1.0000000000000000              1.3999999999999999              1.3999999999999999
      0.100097395      0.42578125               0.0000000000010000                             NaN              0.0000000000010000              1.0000000000000000              1.3999999999999999              1.3999999999999999
      0.100097395      0.43359375               0.0000000000010000                             NaN              0.0000000000010000              1.0000000000000000              1.3999999999999999              1.3999999999999999
      0.100097395      0.44140625               0.0000000000010000                             NaN              0.0000000000010000              1.0000000000000000              1.3999999999999999              1.3999999999999999
      0.100097395      0.44921875               0.0000000000010000                             NaN              0.0000000000010000              1.0000000000000000              1.3999999999999999              1.3999999999999999
      0.100097395      0.45703125               0.0000000000010000                             NaN              0.0000000000010000              1.0000000000000000              1.3999999999999999              1.3999999999999999
      0.100097395      0.46484375               0.0000000000010000                             NaN              0.0000000000010000              1.0000000000000000              1.3999999999999999              1.3999999999999999
      0.100097395      0.47265625               0.0000000000010000                             NaN              0.0000000000010000              1.0000000000000000              1.3999999999999999              1.3999999999999999
      0.100097395      0.48046875               0.0000000000010000                             NaN              0.0000000000010000              1.0000000000000000              1.3999999999999999              1.3999999999999999
      0.100097395      0.48828125               0.0000000000010000                             NaN              0.0000000000010000              1.0000000000000000              1.3999999999999999              1.3999999999999999
      0.100097395      0.49609375               0.0000000000010000                             NaN              0.0000000000010000              1.0000000000000000              1.3999999999999999              1.3999999999999999
      0.100097395      0.50390625               0.0000000000010000                             NaN              0.0000000000010000              1.0000000000000000              1.3999999999999999              1.3999999999999999
      0.100097395      0.51171875               0.0000000000010000                             NaN              0.0000000000010000              1.0000000000000000              1.3999999999999999              1.3999999999999999
      0.100097395      0.51953125               0.0000000000010000                             NaN              0.0000000000010000              1.0000000000000000              1.3999999999999999              1.3999999999999999
      0.100097395      0.52734375               0.0000000000010000                             NaN              0.0000000000010000              1.0000000000000000              1.3999999999999999              1.3999999999999999
      0.100097395      0.53515625               0.0000000000010000                             NaN              0.0000000000010000              1.0000000000000000              1.3999999999999999              1.3999999999999999
      0.100097395      0.54296875               0.0000000000010000                             NaN              0.0000000000010000              1.0000000000000000              1.3999999999999999              1.3999999999999999
      0.100097395      0.55078125               0.0000000000010000                             NaN              0.0000000000010000              1.0000000000000000              1.3999999999999999              1.3999999999999999
      0.100097395      0.55859375               0.0000000000010000                             NaN              0.0000000000010000              1.0000000000000000              1.3999999999999999              1.3999999999999999
      0.100097395      0.56640625               0.0000000000010000                             NaN              0.0000000000010000              1.0000000000000000              1.3999999999999999              1.3999999999999999
      0.100097395      0.57421875               0.0000000000010000                             NaN              0.0000000000010000              1.0000000000000000              1.3999999999999999              1.3999999999999999
      0.100097395      0.58203125               0.0000000000010000                             NaN              0.0000000000010000              1.0000000000000000              1.3999999999999999              1.3999999999999999
      0.100097395      0.58984375               0.0000000000010000                             NaN              0.0000000000010000              1.0000000000000000              1.3999999999999999              1.3999999999999999
      0.100097395      0.59765625               0.0000000000010000                             NaN              0.0000000000010000              1.0000000000000000              1.3999999999999999              1.3999999999999999
      0.100097395      0.60546875               0.0000000000010000                             NaN              0.0000000000010000              1.0000000000000000              1.3999999999999999              1.3999999999999999
      0.100097395      0.61328125               0.0000000000010000                             NaN              0.0000000000010000              1.0000000000000000              1.3999999999999999              1.3999999999999999
      0.100097395      0.62109375               0.0000000000010000                             NaN              0.0000000000010000              1.0000000000000000              1.3999999999999999              1.3999999999999999
      0.100097395      0.62890625               0.0000000000010000                             NaN              0.0000000000010000              1.0000000000000000              1.3999999999999999              1.3999999999999999
      0.100097395      0.63671875               0.0000000000010000                             NaN              0.0000000000010000              1.0000000000000000              1.3999999999999999              1.3999999999999999
      0.100097395      0.64453125               0.0000000000010000                             NaN              0.0000000000010000              1.0000000000000000              1.3999999999999999              1.3999999999999999
      0.100097395      0.65234375               0.0000000000010000                             NaN              0.0000000000010000              1.0000000000000000              1.3999999999999999              1.3999999999999999
      0.100097395      0.66015625               0.0000000000010000                             NaN              0.0000000000010000              1.0000000000000000              1.3999999999999999              1.3999999999999999
      0.100097395      0.66796875               0.0000000000010000                             NaN              0.0000000000010000              1.0000000000000000              1.3999999999999999              1.3999999999999999
      0.100097395      0.67578125               0.0000000000010000                             NaN              0.0000000000010000              1.0000000000000000              1.3999999999999999              1.3999999999999999
      0.100097395      0.68359375               0.3241534431888568              1.2633391874676683              0.0819104702239622              0.6317260540114017              1.3999999999999999              1.3999999999999999
      0.100097395      0.69140625               0.3609553995834276              1.3119633373480246              0.0918425472275252              0.6361073094731309              1.3999999999999999              1.3999999999999999
      0.100097395      0.69921875               0.4263885272936788              1.4189013774923154              0.1181211020990295              0.6925673097301269              1.3999999999999999              1.3999999999999999
      0.100097395      0.70703125               0.4727478106544343              1.4605005177423693              0.1277722312888632              0.6756891751227022              1.3999999999999999              1.3999999999999999
      0.100097395      0.71484375               0.5158656696231112              1.5048969526055402              0.1451490869751607              0.7034248231773490              1.3999999999999999              1.3999999999999999
      0.100097395      0.72265625               0.5572900164824555              1.5547940759536973              0.1641703699368898              0.7364673916693887              1.3999999999999999              1.3999999999999999
      0.100097395      0.73046875               0.5958937232006306              1.6022430307463909              0.1829228459887249              0.7674306628295231              1.3999999999999999              1.3999999999999999
      0.100097395      0.73828125               0.6362289797062135              1.6537369596868532              0.2049374925293040              0.8052819781328431              1.3999999999999999              1.3999999999999999
      0.100097395      0.74609375               0.6815532227380068              1.7081973255275114              0.2282278459976936              0.8371607615647130              1.3999999999999999              1.3999999999999999
      0.100097395      0.75390625               0.7254757511494597              1.7548766585721689              0.2515861451828988              0.8669695189132105              1.3999999999999999              1.3999999999999999
      0.100097395      0.76171875               0.7737893518227711              1.8107515238710432              0.2827414513292256              0.9134961946141670              1.3999999999999999              1.3999999999999999
      0.100097395      0.76953125               0.8233718834864530              1.8598794489698320              0.3104580047590431              0.9426421128337911              1.3999999999999999              1.3999999999999999
      0.100097395      0.77734375               0.9032982717858844              1.9421489864346502              0.3685037155882421              1.0198838166148716              1.3999999999999999              1.3999999999999999
      0.100097395      0.78515625               1.0738365130989107              2.0923304634142519              0.4832937364020881              1.1251566940282747              1.3999999999999999              1.3999999999999999
      0.100097395      0.79296875               1.0695668287099438              2.0634868663820729              0.4514862828758627              1.0553017136395821              1.3999999999999999              1.3999999999999999
      0.100097395      0.80078125               1.0468212868486515              2.0380484122038918              0.4283113633092321              1.0228855887107049              1.3999999999999999              1.3999999999999999
      0.100097395      0.80859375               1.0140298995511676              2.0059914263476890              0.4018733449051466              0.9907827793909846              1.3999999999999999              1.3999999999999999
      0.100097395      0.81640625               0.9973154328864174              1.9932700870577107              0.3935958945859357              0.9866384335565621              1.3999999999999999              1.3999999999999999
      0.100097395      0.82421875               0.9960615510576221              1.9956082500864214              0.3965918326781159              0.9953999134315876              1.3999999999999999              1.3999999999999999
      0.100097395      0.83203125               0.9979371574058226              1.9981688286729709              0.3986276245804322              0.9986290760449302              1.3999999999999999              1.3999999999999999
      0.100097395      0.83984375               0.9998663324615616              2.0000136736867442              0.4000645329744437              1.0002950394117398              1.3999999999999999              1.3999999999999999
      0.100097395      0.84765625               1.0000234530067400              2.0000469904318412              0.4000421318070511              1.0000818745906825              1.3999999999999999              1.3999999999999999
      0.100097395      0.85546875               1.0000108240764340              2.0000131018206266              0.4000103295792726              1.0000149997093897              1.3999999999999999              1.3999999999999999
      0.100097395      0.86328125               1.0000035007042050              2.0000034536922824              0.4000026190305035              1.0000030468613879              1.3999999999999999              1.3999999999999999
      0.100097395      0.87109375               1.0000004964075582              2.0000003088616860              0.4000001504440576              0.9999998797026459              1.3999999999999999              1.3999999999999999
      0.100097395      0.87890625               1.0000000006107717              1.9999999608641890              0.3999999570400684              0.9999998919893996              1.3999999999999999              1.3999999999999999
      0.100097395      0.88671875               0.9999999939419355              1.9999999908832042              0.3999999924268685              0.9999999871252357              1.3999999999999999              1.3999999999999999
      0.100097395      0.89453125               0.9999999990107785              1.9999999988983355              0.3999999991492217              0.9999999988622760              1.3999999999999999              1.3999999999999999
      0.100097395      0.90234375               0.9999999999248999              1.9999999999331270              0.3999999999562699              0.9999999999657752              1.3999999999999999              1.3999999999999999
      0.100097395      0.91015625               0.9999999999966050              1.9999999999979403              0.3999999999990893              1.0000000000011184              1.3999999999999999              1.3999999999999999
      0.100097395      0.91796875               0.9999999999999973              2.0000000000000910              0.4000000000001013              1.0000000000002562              1.3999999999999999              1.3999999999999999
      0.100097395      0.92578125               1.0000000000000082              2.0000000000000102              0.4000000000000084              1.0000000000000131              1.3999999999999999              1.3999999999999999
      0.100097395      0.93359375               1.0000000000000002              2.0000000000000004              0.4000000000000001              1.0000000000000002              1.3999999999999999              1.3999999999999999
      0.100097395      0.94140625               1.0000000000000000              2.0000000000000000              0.3999999999999999              1.0000000000000000              1.3999999999999999              1.3999999999999999
      0.100097395      0.94921875               1.0000000000000000              2.0000000000000000              0.3999999999999999              1.0000000000000000              1.3999999999999999              1.3999999999999999
      0.100097395      0.95703125               1.0000000000000000              2.0000000000000000              0.3999999999999999              1.0000000000000000              1.3999999999999999              1.3999999999999999
      0.100097395      0.96484375               1.0000000000000000              2.0000000000000000              0.3999999999999999              1.0000000000000000              1.3999999999999999              1.3999999999999999
      0.100097395      0.97265625               1.0000000000000000              2.0000000000000000              0.3999999999999999              1.0000000000000000              1.3999999999999999              1.3999999999999999
      0.100097395      0.98046875               1.0000000000000000              2.0000000000000000              0.3999999999999999              1.0000000000000000              1.3999999999999999              1.3999999999999999
      0.100097395      0.98828125               1.0000000000000000              2.0000000000000000              0.3999999999999999              1.0000000000000000              1.3999999999999999              1.3999999999999999
      0.100097395      0.99609375               1.0000000000000000              2.0000000000000000              0.3999999999999999              1.0000000000000000              1.3999999999999999              1.3999999999999999
