      0.051082099      0.00390625               1.0000000000000000             -2.0000000000000000              0.3999999999999999              1.0000000000000000              1.3999999999999999              1.3999999999999999
      0.051082099      0.01171875               1.0000000000000000             -2.0000000000000000              0.3999999999999999              1.0000000000000000              1.3999999999999999              1.3999999999999999
      0.051082099      0.01953125               1.0000000000000000             -2.0000000000000000              0.3999999999999999              1.0000000000000000              1.3999999999999999              1.3999999999999999
      0.051082099      0.02734375               1.0000000000000000             -2.0000000000000000              0.3999999999999999              1.0000000000000000              1.3999999999999999              1.3999999999999999
      0.051082099      0.03515625               1.0000000000000000             -2.0000000000000000              0.3999999999999999              1.0000000000000000              1.3999999999999999              1.3999999999999999
      0.051082099      0.04296875               1.0000000000000000             -2.0000000000000000              0.3999999999999999              1.0000000000000000              1.3999999999999999              1.3999999999999999
      0.051082099      0.05078125               1.0000000000000000             -2.0000000000000000              0.3999999999999999              1.0000000000000000              1.3999999999999999              1.3999999999999999
      0.051082099      0.05859375               1.0000000000000000             -2.0000000000000000              0.3999999999999999              1.0000000000000000              1.3999999999999999              1.3999999999999999
      0.051082099      0.06640625               1.0000000000000000             -2.0000000000000000              0.3999999999999999              1.0000000000000000              1.3999999999999999              1.3999999999999999
      0.051082099      0.07421875               1.0000000000000000             -2.0000000000000000              0.3999999999999999              1.0000000000000000              1.3999999999999999              1.3999999999999999
      0.051082099      0.08203125               1.0000000000000000             -2.0000000000000000              0.3999999999999999              1.0000000000000000              1.3999999999999999              1.3999999999999999
      0.051082099      0.08984375               1.0000000000000000             -2.0000000000000000              0.3999999999999999              1.0000000000000000              1.3999999999999999              1.3999999999999999
      0.051082099      0.09765625               1.0000000000000000             -2.0000000000000000              0.3999999999999999              1.0000000000000000              1.3999999999999999              1.3999999999999999
      0.051082099      0.10546875               1.0000000000000000             -2.0000000000000000              0.3999999999999999              1.0000000000000000              1.3999999999999999              1.3999999999999999
      0.051082099      0.11328125               1.0000000000000000             -2.0000000000000000              0.3999999999999999              1.0000000000000000              1.3999999999999999              1.3999999999999999
      0.051082099      0.12109375               1.0000000000000000             -2.0000000000000000              0.3999999999999999              1.0000000000000000              1.3999999999999999              1.3999999999999999
      0.051082099      0.12890625               1.0000000000000000             -2.0000000000000000              0.3999999999999999              1.0000000000000000              1.3999999999999999              1.3999999999999999
      0.051082099      0.13671875               1.0000000000000000             -2.0000000000000000              0.3999999999999999              1.0000000000000000              1.3999999999999999              1.3999999999999999
      0.051082099      0.14453125               1.0000000000000000             -2.0000000000000000              0.3999999999999999              1.0000000000000000              1.3999999999999999              1.3999999999999999
      0.051082099      0.15234375               1.0000000000000000             -2.0000000000000000              0.3999999999999999              1.0000000000000000              1.3999999999999999              1.3999999999999999
      0.051082099      0.16015625               1.0000000000000000             -2.0000000000000000              0.3999999999999999              1.0000000000000000              1.3999999999999999              1.3999999999999999
      0.051082099      0.16796875               1.0000000000000000             -2.0000000000000000              0.3999999999999999              1.0000000000000000              1.3999999999999999              1.3999999999999999
      0.051082099      0.17578125               1.0000000000000000             -2.0000000000000000              0.3999999999999999              1.0000000000000000              1.3999999999999999              1.3999999999999999
      0.051082099      0.18359375               1.0000000000000000             -2.0000000000000000              0.3999999999999999              1.0000000000000000              1.3999999999999999              1.3999999999999999
      0.051082099      0.19140625               1.0000000000000000             -2.0000000000000000              0.3999999999999999              1.0000000000000000              1.3999999999999999              1.3999999999999999
      0.051082099      0.19921875               1.0000000000000000             -2.0000000000000000              0.3999999999999999              1.0000000000000000              1.3999999999999999              1.3999999999999999
      0.051082099      0.20703125               1.0000000000000000             -2.0000000000000000              0.3999999999999999              1.0000000000000000              1.3999999999999999              1.3999999999999999
      0.051082099      0.21484375               1.0000000000000000             -2.0000000000000000              0.3999999999999999              1.0000000000000000              1.3999999999999999              1.3999999999999999
      0.051082099      0.22265625               1.0000000000000000             -2.0000000000000000              0.3999999999999999              1.0000000000000000              1.3999999999999999              1.3999999999999999
      0.051082099      0.23046875               1.0000000000000000             -2.0000000000000000              0.3999999999999999              1.0000000000000000              1.3999999999999999              1.3999999999999999
      0.051082099      0.23828125               1.0000000000000000             -2.0000000000000000              0.3999999999999999              1.0000000000000000              1.3999999999999999              1.3999999999999999
      0.051082099      0.24609375               1.0000000000000000             -2.0000000000000000              0.3999999999999999              1.0000000000000000              1.3999999999999999              1.3999999999999999
      0.051082099      0.25390625               1.0000000000000000             -2.0000000000000000              0.3999999999999999              1.0000000000000000              1.3999999999999999              1.3999999999999999
      0.051082099      0.26171875               1.0000000000000000             -2.0000000000000000              0.3999999999999999              1.0000000000000000              1.3999999999999999              1.3999999999999999
      0.051082099      0.26953125               1.0000000000000000             -2.0000000000000000              0.3999999999999999              1.0000000000000000              1.3999999999999999              1.3999999999999999
      0.051082099      0.27734375               1.0000000000000000             -2.0000000000000000              0.3999999999999999              1.0000000000000000              1.3999999999999999              1.3999999999999999
      0.051082099      0.28515625               1.0000000000000000             -2.0000000000000000              0.3999999999999999              1.0000000000000000              1.3999999999999999              1.3999999999999999
      0.051082099      0.29296875               1.0000000000000000             -2.0000000000000000              0.3999999999999999              1.0000000000000000              1.3999999999999999              1.3999999999999999
      0.051082099      0.30078125               1.0000000000000000             -2.0000000000000000              0.3999999999999999              1.0000000000000000              1.3999999999999999              1.3999999999999999
      0.051082099      0.30859375               1.0000000000000000             -2.0000000000000000              0.3999999999999999              1.0000000000000000              1.3999999999999999              1.3999999999999999
      0.051082099      0.31640625               1.0000000000000000             -2.0000000000000000              0.3999999999999999              1.0000000000000000              1.3999999999999999              1.3999999999999999
      0.051082099      0.32421875               1.0000000000000000             -2.0000000000000000              0.3999999999999999              1.0000000000000000              1.3999999999999999              1.3999999999999999
      0.051082099      0.33203125               1.0000000000000000             -2.0000000000000000              0.3999999999999999              1.0000000000000000              1.3999999999999999              1.3999999999999999
      0.051082099      0.33984375               1.0000000000000000             -2.0000000000000000              0.3999999999999999              1.0000000000000000              1.3999999999999999              1.3999999999999999
      0.051082099      0.34765625               1.0000000000000000             -2.0000000000000000              0.3999999999999999              1.0000000000000000              1.3999999999999999              1.3999999999999999
      0.051082099      0.35546875               1.0000000000000000             -2.0000000000000000              0.3999999999999999              1.0000000000000000              1.3999999999999999              1.3999999999999999
      0.051082099      0.36328125               1.0000000000000000             -2.0000000000000000              0.3999999999999999              1.0000000000000000              1.3999999999999999              1.3999999999999999
      0.051082099      0.37109375               0.9999999999999999             -2.0000000000000004              0.3999999999999997              0.9999999999999997              1.3999999999999999              1.3999999999999999
      0.051082099      0.37890625               0.9999999999999956             -2.0000000000000067              0.3999999999999960              0.9999999999999947              1.3999999999999999              1.3999999999999999
      0.051082099      0.38671875               0.9999999999998763             -2.0000000000001719              0.3999999999999053              0.9999999999998870              1.3999999999999999              1.3999999999999999
      0.051082099      0.39453125               0.9999999999970561             -2.0000000000040399              0.3999999999977670              0.9999999999973617              1.3999999999999999              1.3999999999999999
      0.051082099      0.40234375               0.9999999999402908             -2.0000000000812732              0.3999999999548936              0.9999999999469434              1.3999999999999999              1.3999999999999999
      0.051082099      0.41015625               0.9999999989657840             -2.0000000013947665              0.3999999992223898              0.9999999990901907              1.3999999999999999              1.3999999999999999
      0.051082099      0.41796875               0.9999999846452348             -2.0000000204935211              0.3999999885211813              0.9999999866577185              1.3999999999999999              1.3999999999999999
      0.051082099      0.42578125               0.9999998034844352             -2.0000002592627810              0.3999998541096549              0.9999998317896693              1.3999999999999999              1.3999999999999999
      0.051082099      0.43359375               0.9999978204098211             -2.0000028384941100              0.3999983953918589              0.9999981680658336              1.3999999999999999              1.3999999999999999
      0.051082099      0.44140625               0.9999790575621516             -2.0000268577968847              0.3999847402250089              0.9999827926400069              1.3999999999999999              1.3999999999999999
      0.051082099      0.44921875               0.9998275122872611             -2.0002169062193729              0.3998759657020462              0.9998623782297902              1.3999999999999999              1.3999999999999999
      0.051082099      0.45703125               0.9988006773156708             -2.0014948321813888              0.3991483488068112              0.9990690782257562              1.3999999999999999              1.3999999999999999
      0.051082099      0.46484375               0.9924719570380446             -2.0147794842238884              0.3940531529022875              0.9926052572767611              1.3999999999999999              1.3999999999999999
      0.051082099      0.47265625               0.9663838295239700             -2.0353576249010263              0.3810875650940800              0.9858597418838217              1.3999999999999999              1.3999999999999999
      0.051082099      0.48046875               0.8873370193838989             -2.0186754542798839              0.3466589883026489              0.9766835506968461              1.3999999999999999              1.3999999999999999
      0.051082099      0.48828125               0.5625863615903900             -2.7251817553753690              0.0822028041808480              0.3652897128027897              1.3999999999999999              1.3999999999999999
      0.051082099      0.49609375               0.3429714962056749             -3.7533124424316910              0.2464091599978743              1.7961343925364173              1.3999999999999999              1.3999999999999999
      0.051082099      0.50390625               0.2254374137097788              0.5590090271719556              0.1616560701880689              1.7926934523408344              1.3999999999999999              1.3999999999999999
      0.051082099      0.51171875               0.2096913430687001              0.7555011753071043              0.0836445229623897              0.9972338597567385              1.3999999999999999              1.3999999999999999
      0.051082099      0.51953125               0.1959282073196773              0.8420028693908833              0.0582177546562208              0.7428454974994037              1.3999999999999999              1.3999999999999999
      0.051082099      0.52734375               0.1981361434868989              0.8950254023061645              0.0431838248913488              0.5448756613934528              1.3999999999999999              1.3999999999999999
      0.051082099      0.53515625               0.2062612976063483              0.9204070975868621              0.0422888087712687              0.5125635451491400              1.3999999999999999              1.3999999999999999
      0.051082099      0.54296875               0.2112382217105920              0.9586008017144780              0.0452867599219508              0.5359678702464667              1.3999999999999999              1.3999999999999999
      0.051082099      0.55078125               0.1954041892423332              1.0054907057193099              0.0413865133549752              0.5294987983042823              1.3999999999999999              1.3999999999999999
      0.051082099      0.55859375               0.1919119775835100              1.0097943594479337              0.0399889384967116              0.5209281228852757              1.3999999999999999              1.3999999999999999
      0.051082099      0.56640625               0.2047011571018973              1.0198413963052262              0.0437184113634772              0.5339297049224151              1.3999999999999999              1.3999999999999999
      0.051082099      0.57421875               0.2278419900962564              1.0504768920624576              0.0537284946616921              0.5895367952039197              1.3999999999999999              1.3999999999999999
      0.051082099      0.58203125               0.2592218248826754              1.1212723627363610              0.0669219837553563              0.6454123199854548              1.3999999999999999              1.3999999999999999
      0.051082099      0.58984375               0.3017272232619790              1.2249613385879969              0.0827035955101901              0.6852513556456713              1.3999999999999999              1.3999999999999999
      0.051082099      0.59765625               0.3674337584309938              1.3658917390797878              0.1087017409004125              0.7396009376260632              1.3999999999999999              1.3999999999999999
      0.051082099      0.60546875               0.4718958381635253              1.5191548647786244              0.1492569572597742              0.7907304175463635              1.3999999999999999              1.3999999999999999
      0.051082099      0.61328125               0.5523095158108138              1.5861390630580543              0.1739521126752893              0.7873850970135844              1.3999999999999999              1.3999999999999999
      0.051082099      0.62109375               0.6436934274717161              1.6893467456515179              0.2191444822517237              0.8511213292656813              1.3999999999999999              1.3999999999999999
      0.051082099      0.62890625               0.7326502470756533              1.7735699029956500              0.2576847410375511              0.8792897500072182              1.3999999999999999              1.3999999999999999
      0.051082099      0.63671875               0.8281777443329822              1.8604016097615295              0.3085974610703871              0.9315556448541517              1.3999999999999999              1.3999999999999999
      0.051082099      0.64453125               0.9258687587675627              1.9482210222321994              0.3674473745182140              0.9921691682504996              1.3999999999999999              1.3999999999999999
      0.051082099      0.65234375               0.9900075572575189              2.0001410936970814              0.4031897484039681              1.0181481581839360              1.3999999999999999              1.3999999999999999
      0.051082099      0.66015625               1.0119297575659010              2.0140510662922488              0.4116741868141097              1.0170522799041708              1.3999999999999999              1.3999999999999999
      0.051082099      0.66796875               1.0122102472034638              2.0111174034039117              0.4085315718034727              1.0090086840460382              1.3999999999999999              1.3999999999999999
      0.051082099      0.67578125               1.0069890674500450              2.0059136064207062              0.4043902015448124              1.0039587683132261              1.3999999999999999              1.3999999999999999
      0.051082099      0.68359375               1.0017066208446590              2.0013391192735290              0.4008906573810509              1.0005191366385600              1.3999999999999999              1.3999999999999999
      0.051082099      0.69140625               1.0002463050287129              2.0001539756310556              0.4000859766245035              0.9999686442556235              1.3999999999999999              1.3999999999999999
      0.051082099      0.69921875               1.0000115612748930              1.9999966136721776              0.3999929647119688              0.9999708508420307              1.3999999999999999              1.3999999999999999
      0.051082099      0.70703125               0.9999967205468026              1.9999952802491276              0.3999960831459355              0.9999934872966784              1.3999999999999999              1.3999999999999999
      0.051082099      0.71484375               0.9999989850308300              1.9999990234499341              0.3999992637199687              0.9999991742682540              1.3999999999999999              1.3999999999999999
      0.051082099      0.72265625               0.9999999134331133              1.9999999257565642              0.3999999496327539              0.9999999606487684              1.3999999999999999              1.3999999999999999
      0.051082099      0.73046875               0.9999999968765330              1.9999999977908862              0.3999999986908876              0.9999999998506863              1.3999999999999999              1.3999999999999999
      0.051082099      0.73828125               0.9999999999754321              2.0000000000015827              0.4000000000095205              1.0000000000483693              1.3999999999999999              1.3999999999999999
      0.051082099      0.74609375               1.0000000000000000              2.0000000000000000              0.3999999999999999              1.0000000000000000              1.3999999999999999              1.3999999999999999
      0.051082099      0.75390625               1.0000000000000000              2.0000000000000000              0.3999999999999999              1.0000000000000000              1.3999999999999999              1.3999999999999999
      0.051082099      0.76171875               1.0000000000000000              2.0000000000000000              0.3999999999999999              1.0000000000000000              1.3999999999999999              1.3999999999999999
      0.051082099      0.76953125               1.0000000000000000              2.0000000000000000              0.3999999999999999              1.0000000000000000              1.3999999999999999              1.3999999999999999
      0.051082099      0.77734375               1.0000000000000000              2.0000000000000000              0.3999999999999999              1.0000000000000000              1.3999999999999999              1.3999999999999999
      0.051082099      0.78515625               1.0000000000000000              2.0000000000000000              0.3999999999999999              1.0000000000000000              1.3999999999999999              1.3999999999999999
      0.051082099      0.79296875               1.0000000000000000              2.0000000000000000              0.3999999999999999              1.0000000000000000              1.3999999999999999              1.3999999999999999
      0.051082099      0.80078125               1.0000000000000000              2.0000000000000000              0.3999999999999999              1.0000000000000000              1.3999999999999999              1.3999999999999999
      0.051082099      0.80859375               1.0000000000000000              2.0000000000000000              0.3999999999999999              1.0000000000000000              1.3999999999999999              1.3999999999999999
      0.051082099      0.81640625               1.0000000000000000              2.0000000000000000              0.3999999999999999              1.0000000000000000              1.3999999999999999              1.3999999999999999
      0.051082099      0.82421875               1.0000000000000000              2.0000000000000000              0.3999999999999999              1.0000000000000000              1.3999999999999999              1.3999999999999999
      0.051082099      0.83203125               1.0000000000000000              2.0000000000000000              0.3999999999999999              1.0000000000000000              1.3999999999999999              1.3999999999999999
      0.051082099      0.83984375               1.0000000000000000              2.0000000000000000              0.3999999999999999              1.0000000000000000              1.3999999999999999              1.3999999999999999
      0.051082099      0.84765625               1.0000000000000000              2.0000000000000000              0.3999999999999999              1.0000000000000000              1.3999999999999999              1.3999999999999999
      0.051082099      0.85546875               1.0000000000000000              2.0000000000000000              0.3999999999999999              1.0000000000000000              1.3999999999999999              1.3999999999999999
      0.051082099      0.86328125               1.0000000000000000              2.0000000000000000              0.3999999999999999              1.0000000000000000              1.3999999999999999              1.3999999999999999
      0.051082099      0.87109375               1.0000000000000000              2.0000000000000000              0.3999999999999999              1.0000000000000000              1.3999999999999999              1.3999999999999999
      0.051082099      0.87890625               1.0000000000000000              2.0000000000000000              0.3999999999999999              1.0000000000000000              1.3999999999999999              1.3999999999999999
      0.051082099      0.88671875               1.0000000000000000              2.0000000000000000              0.3999999999999999              1.0000000000000000              1.3999999999999999              1.3999999999999999
      0.051082099      0.89453125               1.0000000000000000              2.0000000000000000              0.3999999999999999              1.0000000000000000              1.3999999999999999              1.3999999999999999
      0.051082099      0.90234375               1.0000000000000000              2.0000000000000000              0.3999999999999999              1.0000000000000000              1.3999999999999999              1.3999999999999999
      0.051082099      0.91015625               1.0000000000000000              2.0000000000000000              0.3999999999999999              1.0000000000000000              1.3999999999999999              1.3999999999999999
      0.051082099      0.91796875               1.0000000000000000              2.0000000000000000              0.3999999999999999              1.0000000000000000              1.3999999999999999              1.3999999999999999
      0.051082099      0.92578125               1.0000000000000000              2.0000000000000000              0.3999999999999999              1.0000000000000000              1.3999999999999999              1.3999999999999999
      0.051082099      0.93359375               1.0000000000000000              2.0000000000000000              0.3999999999999999              1.0000000000000000              1.3999999999999999              1.3999999999999999
      0.051082099      0.94140625               1.0000000000000000              2.0000000000000000              0.3999999999999999              1.0000000000000000              1.3999999999999999              1.3999999999999999
      0.051082099      0.94921875               1.0000000000000000              2.0000000000000000              0.3999999999999999              1.0000000000000000              1.3999999999999999              1.3999999999999999
      0.051082099      0.95703125               1.0000000000000000              2.0000000000000000              0.3999999999999999              1.0000000000000000              1.3999999999999999              1.3999999999999999
      0.051082099      0.96484375               1.0000000000000000              2.0000000000000000              0.3999999999999999              1.0000000000000000              1.3999999999999999              1.3999999999999999
      0.051082099      0.97265625               1.0000000000000000              2.0000000000000000              0.3999999999999999              1.0000000000000000              1.3999999999999999              1.3999999999999999
      0.051082099      0.98046875               1.0000000000000000              2.0000000000000000              0.3999999999999999              1.0000000000000000              1.3999999999999999              1.3999999999999999
      0.051082099      0.98828125               1.0000000000000000              2.0000000000000000              0.3999999999999999              1.0000000000000000              1.3999999999999999              1.3999999999999999
      0.051082099      0.99609375               1.0000000000000000              2.0000000000000000              0.3999999999999999              1.0000000000000000              1.3999999999999999              1.3999999999999999
