      0.045482141      0.00390625               1.0000000000000000             -2.0000000000000000              0.3999999999999999              1.0000000000000000              1.3999999999999999              1.3999999999999999
      0.045482141      0.01171875               1.0000000000000000             -2.0000000000000000              0.3999999999999999              1.0000000000000000              1.3999999999999999              1.3999999999999999
      0.045482141      0.01953125               1.0000000000000000             -2.0000000000000000              0.3999999999999999              1.0000000000000000              1.3999999999999999              1.3999999999999999
      0.045482141      0.02734375               1.0000000000000000             -2.0000000000000000              0.3999999999999999              1.0000000000000000              1.3999999999999999              1.3999999999999999
      0.045482141      0.03515625               1.0000000000000000             -2.0000000000000000              0.3999999999999999              1.0000000000000000              1.3999999999999999              1.3999999999999999
      0.045482141      0.04296875               1.0000000000000000             -2.0000000000000000              0.3999999999999999              1.0000000000000000              1.3999999999999999              1.3999999999999999
      0.045482141      0.05078125               1.0000000000000000             -2.0000000000000000              0.3999999999999999              1.0000000000000000              1.3999999999999999              1.3999999999999999
      0.045482141      0.05859375               1.0000000000000000             -2.0000000000000000              0.3999999999999999              1.0000000000000000              1.3999999999999999              1.3999999999999999
      0.045482141      0.06640625               1.0000000000000000             -2.0000000000000000              0.3999999999999999              1.0000000000000000              1.3999999999999999              1.3999999999999999
      0.045482141      0.07421875               1.0000000000000000             -2.0000000000000000              0.3999999999999999              1.0000000000000000              1.3999999999999999              1.3999999999999999
      0.045482141      0.08203125               1.0000000000000000             -2.0000000000000000              0.3999999999999999              1.0000000000000000              1.3999999999999999              1.3999999999999999
      0.045482141      0.08984375               1.0000000000000000             -2.0000000000000000              0.3999999999999999              1.0000000000000000              1.3999999999999999              1.3999999999999999
      0.045482141      0.09765625               1.0000000000000000             -2.0000000000000000              0.3999999999999999              1.0000000000000000              1.3999999999999999              1.3999999999999999
      0.045482141      0.10546875               1.0000000000000000             -2.0000000000000000              0.3999999999999999              1.0000000000000000              1.3999999999999999              1.3999999999999999
      0.045482141      0.11328125               1.0000000000000000             -2.0000000000000000              0.3999999999999999              1.0000000000000000              1.3999999999999999              1.3999999999999999
      0.045482141      0.12109375               1.0000000000000000             -2.0000000000000000              0.3999999999999999              1.0000000000000000              1.3999999999999999              1.3999999999999999
      0.045482141      0.12890625               1.0000000000000000             -2.0000000000000000              0.3999999999999999              1.0000000000000000              1.3999999999999999              1.3999999999999999
      0.045482141      0.13671875               1.0000000000000000             -2.0000000000000000              0.3999999999999999              1.0000000000000000              1.3999999999999999              1.3999999999999999
      0.045482141      0.14453125               1.0000000000000000             -2.0000000000000000              0.3999999999999999              1.0000000000000000              1.3999999999999999              1.3999999999999999
      0.045482141      0.15234375               1.0000000000000000             -2.0000000000000000              0.3999999999999999              1.0000000000000000              1.3999999999999999              1.3999999999999999
      0.045482141      0.16015625               1.0000000000000000             -2.0000000000000000              0.3999999999999999              1.0000000000000000              1.3999999999999999              1.3999999999999999
      0.045482141      0.16796875               1.0000000000000000             -2.0000000000000000              0.3999999999999999              1.0000000000000000              1.3999999999999999              1.3999999999999999
      0.045482141      0.17578125               1.0000000000000000             -2.0000000000000000              0.3999999999999999              1.0000000000000000              1.3999999999999999              1.3999999999999999
      0.045482141      0.18359375               1.0000000000000000             -2.0000000000000000              0.3999999999999999              1.0000000000000000              1.3999999999999999              1.3999999999999999
      0.045482141      0.19140625               1.0000000000000000             -2.0000000000000000              0.3999999999999999              1.0000000000000000              1.3999999999999999              1.3999999999999999
      0.045482141      0.19921875               1.0000000000000000             -2.0000000000000000              0.3999999999999999              1.0000000000000000              1.3999999999999999              1.3999999999999999
      0.045482141      0.20703125               1.0000000000000000             -2.0000000000000000              0.3999999999999999              1.0000000000000000              1.3999999999999999              1.3999999999999999
      0.045482141      0.21484375               1.0000000000000000             -2.0000000000000000              0.3999999999999999              1.0000000000000000              1.3999999999999999              1.3999999999999999
      0.045482141      0.22265625               1.0000000000000000             -2.0000000000000000              0.3999999999999999              1.0000000000000000              1.3999999999999999              1.3999999999999999
      0.045482141      0.23046875               1.0000000000000000             -2.0000000000000000              0.3999999999999999              1.0000000000000000              1.3999999999999999              1.3999999999999999
      0.045482141      0.23828125               1.0000000000000000             -2.0000000000000000              0.3999999999999999              1.0000000000000000              1.3999999999999999              1.3999999999999999
      0.045482141      0.24609375               1.0000000000000000             -2.0000000000000000              0.3999999999999999              1.0000000000000000              1.3999999999999999              1.3999999999999999
      0.045482141      0.25390625               1.0000000000000000             -2.0000000000000000              0.3999999999999999              1.0000000000000000              1.3999999999999999              1.3999999999999999
      0.045482141      0.26171875               1.0000000000000000             -2.0000000000000000              0.3999999999999999              1.0000000000000000              1.3999999999999999              1.3999999999999999
      0.045482141      0.26953125               1.0000000000000000             -2.0000000000000000              0.3999999999999999              1.0000000000000000              1.3999999999999999              1.3999999999999999
      0.045482141      0.27734375               1.0000000000000000             -2.0000000000000000              0.3999999999999999              1.0000000000000000              1.3999999999999999              1.3999999999999999
      0.045482141      0.28515625               1.0000000000000000             -2.0000000000000000              0.3999999999999999              1.0000000000000000              1.3999999999999999              1.3999999999999999
      0.045482141      0.29296875               1.0000000000000000             -2.0000000000000000              0.3999999999999999              1.0000000000000000              1.3999999999999999              1.3999999999999999
      0.045482141      0.30078125               1.0000000000000000             -2.0000000000000000              0.3999999999999999              1.0000000000000000              1.3999999999999999              1.3999999999999999
      0.045482141      0.30859375               1.0000000000000000             -2.0000000000000000              0.3999999999999999              1.0000000000000000              1.3999999999999999              1.3999999999999999
      0.045482141      0.31640625               1.0000000000000000             -2.0000000000000000              0.3999999999999999              1.0000000000000000              1.3999999999999999              1.3999999999999999
      0.045482141      0.32421875               1.0000000000000000             -2.0000000000000000              0.3999999999999999              1.0000000000000000              1.3999999999999999              1.3999999999999999
      0.045482141      0.33203125               1.0000000000000000             -2.0000000000000000              0.3999999999999999              1.0000000000000000              1.3999999999999999              1.3999999999999999
      0.045482141      0.33984375               1.0000000000000000             -2.0000000000000000              0.3999999999999999              1.0000000000000000              1.3999999999999999              1.3999999999999999
      0.045482141      0.34765625               1.0000000000000000             -2.0000000000000000              0.3999999999999999              1.0000000000000000              1.3999999999999999              1.3999999999999999
      0.045482141      0.35546875               1.0000000000000000             -2.0000000000000000              0.3999999999999999              1.0000000000000000              1.3999999999999999              1.3999999999999999
      0.045482141      0.36328125               1.0000000000000000             -2.0000000000000000              0.3999999999999999              1.0000000000000000              1.3999999999999999              1.3999999999999999
      0.045482141      0.37109375               1.0000000000000000             -2.0000000000000000              0.3999999999999999              1.0000000000000000              1.3999999999999999              1.3999999999999999
      0.045482141      0.37890625               1.0000000000000000             -2.0000000000000000              0.3999999999999999              1.0000000000000000              1.3999999999999999              1.3999999999999999
      0.045482141      0.38671875               1.0000000000000000             -2.0000000000000000              0.3999999999999999              1.0000000000000000              1.3999999999999999              1.3999999999999999
      0.045482141      0.39453125               1.0000000000000000             -2.0000000000000000              0.3999999999999999              1.0000000000000000              1.3999999999999999              1.3999999999999999
      0.045482141      0.40234375               1.0000000000000000             -2.0000000000000000              0.3999999999999999              1.0000000000000000              1.3999999999999999              1.3999999999999999
      0.045482141      0.41015625               1.0000000000000000             -2.0000000000000000              0.3999999999999999              1.0000000000000000              1.3999999999999999              1.3999999999999999
      0.045482141      0.41796875               1.0000000000000000             -2.0000000000000000              0.3999999999999999              1.0000000000000000              1.3999999999999999              1.3999999999999999
      0.045482141      0.42578125               1.0000000000000000             -2.0000000000000000              0.3999999999999999              1.0000000000000000              1.3999999999999999              1.3999999999999999
      0.045482141      0.43359375               1.0000000000000000             -2.0000000000000000              0.3999999999999999              1.0000000000000000              1.3999999999999999              1.3999999999999999
      0.045482141      0.44140625               1.0000000000000000             -2.0000000000000000              0.3999999999999999              1.0000000000000000              1.3999999999999999              1.3999999999999999
      0.045482141      0.44921875               1.0000000000000000             -2.0000000000000000              0.3999999999999999              1.0000000000000000              1.3999999999999999              1.3999999999999999
      0.045482141      0.45703125               1.0000000000000000             -2.0000000000000000              0.3999999999999999              1.0000000000000000              1.3999999999999999              1.3999999999999999
      0.045482141      0.46484375               1.0000000000000000             -2.0000000000000000              0.3999999999999999              1.0000000000000000              1.3999999999999999              1.3999999999999999
      0.045482141      0.47265625               1.0000000000000000             -2.0000000000000000              0.3999999999999999              1.0000000000000000              1.3999999999999999              1.3999999999999999
      0.045482141      0.48046875               1.0000000000000000             -2.0000000000000000              0.3999999999999999              1.0000000000000000              1.3999999999999999              1.3999999999999999
      0.045482141      0.48828125               1.0000000000000000             -2.0000000000000000              0.3999999999999999              1.0000000000000000              1.3999999999999999              1.3999999999999999
      0.045482141      0.49609375               1.0000000000000000             -2.0000000000000000              0.3999999999999999              1.0000000000000000              1.3999999999999999              1.3999999999999999
      0.045482141      0.50390625               1.0000000000000000             -2.0000000000000000              0.3999999999999999              1.0000000000000000              1.3999999999999999              1.3999999999999999
      0.045482141      0.51171875               1.0000000000000000             -2.0000000000000000              0.3999999999999999              1.0000000000000000              1.3999999999999999              1.3999999999999999
      0.045482141      0.51953125               1.0000000000000000             -2.0000000000000000              0.3999999999999999              1.0000000000000000              1.3999999999999999              1.3999999999999999
      0.045482141      0.52734375               1.0000000000000000             -2.0000000000000000              0.3999999999999999              1.0000000000000000              1.3999999999999999              1.3999999999999999
      0.045482141      0.53515625               1.0000000000000000             -2.0000000000000000              0.3999999999999999              1.0000000000000000              1.3999999999999999              1.3999999999999999
      0.045482141      0.54296875               1.0000000000000000             -2.0000000000000000              0.3999999999999999              1.0000000000000000              1.3999999999999999              1.3999999999999999
      0.045482141      0.55078125               1.0000000000000000             -2.0000000000000000              0.3999999999999999              1.0000000000000000              1.3999999999999999              1.3999999999999999
      0.045482141      0.55859375               1.0000000000000000             -2.0000000000000000              0.3999999999999999              1.0000000000000000              1.3999999999999999              1.3999999999999999
      0.045482141      0.56640625               1.0000000000000000             -2.0000000000000000              0.3999999999999999              1.0000000000000000              1.3999999999999999              1.3999999999999999
      0.045482141      0.57421875               1.0000000000000000             -2.0000000000000000              0.3999999999999999              1.0000000000000000              1.3999999999999999              1.3999999999999999
      0.045482141      0.58203125               1.0000000000000000             -2.0000000000000000              0.3999999999999999              1.0000000000000000              1.3999999999999999              1.3999999999999999
      0.045482141      0.58984375               0.9998365432006626             -1.9990822110153477              0.3997241678549813              0.9993104196374534              1.3999999999999999              1.3999999999999999
      0.045482141      0.59765625               0.9979358207348114             -1.9917981993883862              0.3970586020524124              0.9926465051310311              1.3999999999999999              1.3999999999999999
      0.045482141      0.60546875               0.9885349090006604             -1.9671040235978314              0.3862392658087327              0.9655981645218319              1.3999999999999999              1.3999999999999999
      0.045482141      0.61328125               0.9622508462544886             -1.9181269007842032              0.3612714772405575              0.9031786931013939              1.3999999999999999              1.3999999999999999
      0.045482141      0.62109375               0.9125769319780785             -1.8511940989847968              0.3218982546746869              0.8047456366867174              1.3999999999999999              1.3999999999999999
      0.045482141      0.62890625               0.8343188388483853             -1.7799895131982055              0.2725710527231954              0.6814276318079888              1.3999999999999999              1.3999999999999999
      0.045482141      0.63671875               0.7235583350367613             -1.7042700171454852              0.2211905501960093              0.5529763754900234              1.3999999999999999              1.3999999999999999
      0.045482141      0.64453125               0.5890949682523456             -1.6083424024428912              0.1742169257925338              0.4355423144813345              1.3999999999999999              1.3999999999999999
      0.045482141      0.65234375               0.4429460788084965             -1.4764442346902735              0.1360486633284977              0.3401216583212444              1.3999999999999999              1.3999999999999999
      0.045482141      0.66015625               0.3154097230037394             -1.3315010826565086              0.1043531919274448              0.2608829798186120              1.3999999999999999              1.3999999999999999
      0.045482141      0.66796875               0.2264694359143292             -1.1883622032071244              0.0813988666199376              0.2034971665498441              1.3999999999999999              1.3999999999999999
      0.045482141      0.67578125               0.1669394559140126             -1.0489932176743040              0.0651239516602147              0.1628098791505368              1.3999999999999999              1.3999999999999999
      0.045482141      0.68359375               0.1275277361487343             -0.9154797012260671              0.0530269230122435              0.1325673075306089              1.3999999999999999              1.3999999999999999
      0.045482141      0.69140625               0.1030906679950410             -0.7850226192811351              0.0438185662618766              0.1095464156546914              1.3999999999999999              1.3999999999999999
      0.045482141      0.69921875               0.0872860180050504             -0.6484720430603502              0.0369966616338773              0.0924916540846932              1.3999999999999999              1.3999999999999999
      0.045482141      0.70703125               0.0743035042199885             -0.5137626351624791              0.0313924868395177              0.0784812170987941              1.3999999999999999              1.3999999999999999
      0.045482141      0.71484375               0.0636381281317024             -0.3794992566246246              0.0269782420968629              0.0674456052421572              1.3999999999999999              1.3999999999999999
      0.045482141      0.72265625               0.0552910448768501             -0.2312214869919164              0.0241745739827775              0.0604364349569437              1.3999999999999999              1.3999999999999999
      0.045482141      0.73046875               0.0485826708689261             -0.0861109531698857              0.0223355949498464              0.0558389873746161              1.3999999999999999              1.3999999999999999
      0.045482141      0.73828125               0.0436558049804429              0.0567742718053967              0.0212793917391009              0.0531984793477523              1.3999999999999999              1.3999999999999999
      0.045482141      0.74609375               0.0408619159604544              0.1849978479043113              0.0210371243441034              0.0525928108602586              1.3999999999999999              1.3999999999999999
      0.045482141      0.75390625               0.0402099278634608              0.2786847553474504              0.0218838025536350              0.0547095063840876              1.3999999999999999              1.3999999999999999
      0.045482141      0.76171875               0.0411823655921725              0.3427818047266703              0.0242259552957325              0.0605648882393312              1.3999999999999999              1.3999999999999999
      0.045482141      0.76953125               0.0437968718738828              0.4068736082849934              0.0275642930071281              0.0689107325178203              1.3999999999999999              1.3999999999999999
      0.045482141      0.77734375               0.0474807927309901              0.5135605525750557              0.0308708834324640              0.0771772085811601              1.3999999999999999              1.3999999999999999
      0.045482141      0.78515625               0.0526500466949553              0.6160881607676295              0.0348290920302726              0.0870727300756814              1.3999999999999999              1.3999999999999999
      0.045482141      0.79296875               0.0606986110477228              0.7369217063255753              0.0402775200650335              0.1006938001625837              1.3999999999999999              1.3999999999999999
      0.045482141      0.80078125               0.0754301557614368              0.8841572754574653              0.0491089293777481              0.1227723234443702              1.3999999999999999              1.3999999999999999
      0.045482141      0.80859375               0.1063413708129772              1.0650817634769585              0.0628681584700068              0.1571703961750170              1.3999999999999999              1.3999999999999999
      0.045482141      0.81640625               0.1664943445948229              1.2370188445269963              0.0818490296880733              0.2046225742201832              1.3999999999999999              1.3999999999999999
      0.045482141      0.82421875               0.2653354367228261              1.3562654211486307              0.1041361943627539              0.2603404859068849              1.3999999999999999              1.3999999999999999
      0.045482141      0.83203125               0.3626311137616975              1.4314078926763081              0.1232203736868780              0.3080509342171949              1.3999999999999999              1.3999999999999999
      0.045482141      0.83984375               0.4466528346451952              1.5058373387249819              0.1444870524859237              0.3612176312148092              1.3999999999999999              1.3999999999999999
      0.045482141      0.84765625               0.5215972779972985              1.5726680473302252              0.1662413947298728              0.4156034868246822              1.3999999999999999              1.3999999999999999
      0.045482141      0.85546875               0.5970962687516246              1.6426646853000544              0.1925585387125599              0.4813963467813998              1.3999999999999999              1.3999999999999999
      0.045482141      0.86328125               0.6644545058609513              1.7039951327063565              0.2182935634372492              0.5457339085931231              1.3999999999999999              1.3999999999999999
      0.045482141      0.87109375               0.7357002145939954              1.7678153561735517              0.2488224681405032              0.6220561703512582              1.3999999999999999              1.3999999999999999
      0.045482141      0.87890625               0.7977001804991011              1.8218269960554492              0.2771356944823284              0.6928392362058211              1.3999999999999999              1.3999999999999999
      0.045482141      0.88671875               0.8621035340640617              1.8770598530804383              0.3102582022984393              0.7756455057460985              1.3999999999999999              1.3999999999999999
      0.045482141      0.89453125               0.9122014515244927              1.9188275127970504              0.3368924842210142              0.8422312105525358              1.3999999999999999              1.3999999999999999
      0.045482141      0.90234375               0.9583223405580199              1.9588622101433222              0.3659266347611052              0.9148165869027634              1.3999999999999999              1.3999999999999999
      0.045482141      0.91015625               0.9866119288916061              1.9849250121362667              0.3863355482161986              0.9658388705404968              1.3999999999999999              1.3999999999999999
      0.045482141      0.91796875               1.0000000000000000              2.0000000000000000              0.3999999999999999              1.0000000000000000              1.3999999999999999              1.3999999999999999
      0.045482141      0.92578125               1.0000000000000000              2.0000000000000000              0.3999999999999999              1.0000000000000000              1.3999999999999999              1.3999999999999999
      0.045482141      0.93359375               1.0000000000000000              2.0000000000000000              0.3999999999999999              1.0000000000000000              1.3999999999999999              1.3999999999999999
      0.045482141      0.94140625               1.0000000000000000              2.0000000000000000              0.3999999999999999              1.0000000000000000              1.3999999999999999              1.3999999999999999
      0.045482141      0.94921875               1.0000000000000000              2.0000000000000000              0.3999999999999999              1.0000000000000000              1.3999999999999999              1.3999999999999999
      0.045482141      0.95703125               1.0000000000000000              2.0000000000000000              0.3999999999999999              1.0000000000000000              1.3999999999999999              1.3999999999999999
      0.045482141      0.96484375               1.0000000000000000              2.0000000000000000              0.3999999999999999              1.0000000000000000              1.3999999999999999              1.3999999999999999
      0.045482141      0.97265625               1.0000000000000000              2.0000000000000000              0.3999999999999999              1.0000000000000000              1.3999999999999999              1.3999999999999999
      0.045482141      0.98046875               1.0000000000000000              2.0000000000000000              0.3999999999999999              1.0000000000000000              1.3999999999999999              1.3999999999999999
      0.045482141      0.98828125               1.0000000000000000              2.0000000000000000              0.3999999999999999              1.0000000000000000              1.3999999999999999              1.3999999999999999
      0.045482141      0.99609375               1.0000000000000000              2.0000000000000000              0.3999999999999999              1.0000000000000000              1.3999999999999999              1.3999999999999999
