      0.070497319      0.00390625               1.0000000000000000             -2.0000000000000000              0.3999999999999999              1.0000000000000000              1.3999999999999999              1.3999999999999999
      0.070497319      0.01171875               1.0000000000000000             -2.0000000000000000              0.3999999999999999              1.0000000000000000              1.3999999999999999              1.3999999999999999
      0.070497319      0.01953125               1.0000000000000000             -2.0000000000000000              0.3999999999999999              1.0000000000000000              1.3999999999999999              1.3999999999999999
      0.070497319      0.02734375               1.0000000000000000             -2.0000000000000000              0.3999999999999999              1.0000000000000000              1.3999999999999999              1.3999999999999999
      0.070497319      0.03515625               1.0000000000000000             -2.0000000000000000              0.3999999999999999              1.0000000000000000              1.3999999999999999              1.3999999999999999
      0.070497319      0.04296875               1.0000000000000000             -2.0000000000000000              0.3999999999999999              1.0000000000000000              1.3999999999999999              1.3999999999999999
      0.070497319      0.05078125               1.0000000000000000             -2.0000000000000000              0.3999999999999999              1.0000000000000000              1.3999999999999999              1.3999999999999999
      0.070497319      0.05859375               1.0000000000000000             -2.0000000000000000              0.3999999999999999              1.0000000000000000              1.3999999999999999              1.3999999999999999
      0.070497319      0.06640625               1.0000000000000000             -2.0000000000000000              0.3999999999999999              1.0000000000000000              1.3999999999999999              1.3999999999999999
      0.070497319      0.07421875               1.0000000000000000             -2.0000000000000000              0.3999999999999999              1.0000000000000000              1.3999999999999999              1.3999999999999999
      0.070497319      0.08203125               1.0000000000000000             -2.0000000000000000              0.3999999999999999              1.0000000000000000              1.3999999999999999              1.3999999999999999
      0.070497319      0.08984375               1.0000000000000000             -2.0000000000000000              0.3999999999999999              1.0000000000000000              1.3999999999999999              1.3999999999999999
      0.070497319      0.09765625               1.0000000000000000             -2.0000000000000000              0.3999999999999999              1.0000000000000000              1.3999999999999999              1.3999999999999999
      0.070497319      0.10546875               1.0000000000000000             -2.0000000000000000              0.3999999999999999              1.0000000000000000              1.3999999999999999              1.3999999999999999
      0.070497319      0.11328125               1.0000000000000000             -2.0000000000000000              0.3999999999999999              1.0000000000000000              1.3999999999999999              1.3999999999999999
      0.070497319      0.12109375               1.0000000000000000             -2.0000000000000000              0.3999999999999999              1.0000000000000000              1.3999999999999999              1.3999999999999999
      0.070497319      0.12890625               1.0000000000000000             -2.0000000000000000              0.3999999999999999              1.0000000000000000              1.3999999999999999              1.3999999999999999
      0.070497319      0.13671875               1.0000000000000000             -2.0000000000000000              0.3999999999999999              1.0000000000000000              1.3999999999999999              1.3999999999999999
      0.070497319      0.14453125               1.0000000000000000             -2.0000000000000000              0.3999999999999999              1.0000000000000000              1.3999999999999999              1.3999999999999999
      0.070497319      0.15234375               1.0000000000000000             -2.0000000000000000              0.3999999999999999              1.0000000000000000              1.3999999999999999              1.3999999999999999
      0.070497319      0.16015625               1.0000000000000000             -2.0000000000000000              0.3999999999999999              1.0000000000000000              1.3999999999999999              1.3999999999999999
      0.070497319      0.16796875               1.0000000000000000             -2.0000000000000000              0.3999999999999999              1.0000000000000000              1.3999999999999999              1.3999999999999999
      0.070497319      0.17578125               1.0000000000000000             -2.0000000000000000              0.3999999999999999              1.0000000000000000              1.3999999999999999              1.3999999999999999
      0.070497319      0.18359375               1.0000000000000000             -2.0000000000000000              0.3999999999999999              1.0000000000000000              1.3999999999999999              1.3999999999999999
      0.070497319      0.19140625               1.0000000000000000             -2.0000000000000000              0.3999999999999999              1.0000000000000000              1.3999999999999999              1.3999999999999999
      0.070497319      0.19921875               1.0000000000000000             -2.0000000000000000              0.3999999999999999              1.0000000000000000              1.3999999999999999              1.3999999999999999
      0.070497319      0.20703125               1.0000000000000000             -2.0000000000000000              0.3999999999999999              1.0000000000000000              1.3999999999999999              1.3999999999999999
      0.070497319      0.21484375               1.0000000000000000             -2.0000000000000000              0.3999999999999999              1.0000000000000000              1.3999999999999999              1.3999999999999999
      0.070497319      0.22265625               1.0000000000000000             -2.0000000000000000              0.3999999999999999              1.0000000000000000              1.3999999999999999              1.3999999999999999
      0.070497319      0.23046875               1.0000000000000000             -2.0000000000000000              0.3999999999999999              1.0000000000000000              1.3999999999999999              1.3999999999999999
      0.070497319      0.23828125               1.0000000000000000             -2.0000000000000000              0.3999999999999999              1.0000000000000000              1.3999999999999999              1.3999999999999999
      0.070497319      0.24609375               1.0000000000000000             -2.0000000000000000              0.3999999999999999              1.0000000000000000              1.3999999999999999              1.3999999999999999
      0.070497319      0.25390625               1.0000000000000000             -2.0000000000000000              0.3999999999999999              1.0000000000000000              1.3999999999999999              1.3999999999999999
      0.070497319      0.26171875               1.0000000000000000             -2.0000000000000000              0.3999999999999999              1.0000000000000000              1.3999999999999999              1.3999999999999999
      0.070497319      0.26953125               1.0000000000000000             -2.0000000000000000              0.3999999999999999              1.0000000000000000              1.3999999999999999              1.3999999999999999
      0.070497319      0.27734375               1.0000000000000000             -2.0000000000000000              0.3999999999999999              1.0000000000000000              1.3999999999999999              1.3999999999999999
      0.070497319      0.28515625               1.0000000000000000             -2.0000000000000000              0.3999999999999999              1.0000000000000000              1.3999999999999999              1.3999999999999999
      0.070497319      0.29296875               1.0000000000000000             -2.0000000000000000              0.3999999999999999              1.0000000000000000              1.3999999999999999              1.3999999999999999
      0.070497319      0.30078125               1.0000000000000000             -2.0000000000000000              0.3999999999999999              1.0000000000000000              1.3999999999999999              1.3999999999999999
      0.070497319      0.30859375               1.0000000000000000             -2.0000000000000000              0.3999999999999999              1.0000000000000000              1.3999999999999999              1.3999999999999999
      0.070497319      0.31640625               1.0000000000000000             -2.0000000000000000              0.3999999999999999              1.0000000000000000              1.3999999999999999              1.3999999999999999
      0.070497319      0.32421875               1.0000000000000000             -2.0000000000000000              0.3999999999999999              1.0000000000000000              1.3999999999999999              1.3999999999999999
      0.070497319      0.33203125               1.0000000000000000             -2.0000000000000000              0.3999999999999999              1.0000000000000000              1.3999999999999999              1.3999999999999999
      0.070497319      0.33984375               1.0000000000000000             -2.0000000000000000              0.3999999999999999              1.0000000000000000              1.3999999999999999              1.3999999999999999
      0.070497319      0.34765625               1.0000000000000000             -2.0000000000000000              0.3999999999999999              1.0000000000000000              1.3999999999999999              1.3999999999999999
      0.070497319      0.35546875               1.0000000000000000             -2.0000000000000000              0.3999999999999999              1.0000000000000000              1.3999999999999999              1.3999999999999999
      0.070497319      0.36328125               1.0000000000000000             -2.0000000000000000              0.3999999999999999              1.0000000000000000              1.3999999999999999              1.3999999999999999
      0.070497319      0.37109375               1.0000000000000000             -2.0000000000000000              0.3999999999999999              1.0000000000000000              1.3999999999999999              1.3999999999999999
      0.070497319      0.37890625               1.0000000000000000             -2.0000000000000000              0.3999999999999999              1.0000000000000000              1.3999999999999999              1.3999999999999999
      0.070497319      0.38671875               1.0000000000000000             -2.0000000000000000              0.3999999999999999              1.0000000000000000              1.3999999999999999              1.3999999999999999
      0.070497319      0.39453125               1.0000000000000000             -2.0000000000000000              0.3999999999999999              1.0000000000000000              1.3999999999999999              1.3999999999999999
      0.070497319      0.40234375               1.0000000000000000             -2.0000000000000000              0.3999999999999999              1.0000000000000000              1.3999999999999999              1.3999999999999999
      0.070497319      0.41015625               1.0000000000000000             -2.0000000000000000              0.3999999999999999              1.0000000000000000              1.3999999999999999              1.3999999999999999
      0.070497319      0.41796875               1.0000000000000000             -2.0000000000000000              0.3999999999999999              1.0000000000000000              1.3999999999999999              1.3999999999999999
      0.070497319      0.42578125               1.0000000000000000             -2.0000000000000000              0.3999999999999999              1.0000000000000000              1.3999999999999999              1.3999999999999999
      0.070497319      0.43359375               1.0000000000000000             -2.0000000000000000              0.3999999999999999              1.0000000000000000              1.3999999999999999              1.3999999999999999
      0.070497319      0.44140625               1.0000000000000000             -2.0000000000000000              0.3999999999999999              1.0000000000000000              1.3999999999999999              1.3999999999999999
      0.070497319      0.44921875               1.0000000000000000             -2.0000000000000000              0.3999999999999999              1.0000000000000000              1.3999999999999999              1.3999999999999999
      0.070497319      0.45703125               1.0000000000000000             -2.0000000000000000              0.3999999999999999              1.0000000000000000              1.3999999999999999              1.3999999999999999
      0.070497319      0.46484375               1.0000000000000000             -2.0000000000000000              0.3999999999999999              1.0000000000000000              1.3999999999999999              1.3999999999999999
      0.070497319      0.47265625               1.0000000000000000             -2.0000000000000000              0.3999999999999999              1.0000000000000000              1.3999999999999999              1.3999999999999999
      0.070497319      0.48046875               1.0000000000000000             -2.0000000000000000              0.3999999999999999              1.0000000000000000              1.3999999999999999              1.3999999999999999
      0.070497319      0.48828125               1.0000000000000000             -2.0000000000000000              0.3999999999999999              1.0000000000000000              1.3999999999999999              1.3999999999999999
      0.070497319      0.49609375               1.0000000000000000             -2.0000000000000000              0.3999999999999999              1.0000000000000000              1.3999999999999999              1.3999999999999999
      0.070497319      0.50390625               0.9999938337332077             -1.9999651085965127              0.3999894811648589              0.9999737029121476              1.3999999999999999              1.3999999999999999
      0.070497319      0.51171875               0.9998911500667483             -1.9995144252712691              0.3998336589840434              0.9995841474601088              1.3999999999999999              1.3999999999999999
      0.070497319      0.51953125               0.9991156355966715             -1.9969214462079488              0.3988000097619939              0.9970000244049850              1.3999999999999999              1.3999999999999999
      0.070497319      0.52734375               0.9956141606461627             -1.9881310532232803              0.3947642821470427              0.9869107053676072              1.3999999999999999              1.3999999999999999
      0.070497319      0.53515625               0.9850509747802206             -1.9682182757746418              0.3843826933811195              0.9609567334527991              1.3999999999999999              1.3999999999999999
      0.070497319      0.54296875               0.9621992426058801             -1.9349826681772442              0.3653558499867149              0.9133896249667874              1.3999999999999999              1.3999999999999999
      0.070497319      0.55078125               0.9245478847309950             -1.8899436314515061              0.3385680832745860              0.8464202081864651              1.3999999999999999              1.3999999999999999
      0.070497319      0.55859375               0.8743720405659501             -1.8360060694762128              0.3071633586346514              0.7679083965866289              1.3999999999999999              1.3999999999999999
      0.070497319      0.56640625               0.8163035574242630             -1.7761904547724587              0.2738577720911356              0.6846444302278392              1.3999999999999999              1.3999999999999999
      0.070497319      0.57421875               0.7522455760211797             -1.7138938394586263              0.2397634275161011              0.5994085687902531              1.3999999999999999              1.3999999999999999
      0.070497319      0.58203125               0.6803791894912254             -1.6502733119655333              0.2057339279538193              0.5143348198845484              1.3999999999999999              1.3999999999999999
      0.070497319      0.58984375               0.5990104655916817             -1.5827989023178173              0.1729401409324705              0.4323503523311762              1.3999999999999999              1.3999999999999999
      0.070497319      0.59765625               0.5099653647177127             -1.5059455359671250              0.1432262681341671              0.3580656703354178              1.3999999999999999              1.3999999999999999
      0.070497319      0.60546875               0.4176304626361783             -1.4140563214770059              0.1180817770176818              0.2952044425442046              1.3999999999999999              1.3999999999999999
      0.070497319      0.61328125               0.3328870346047593             -1.3171099091518093              0.0966375516031837              0.2415938790079594              1.3999999999999999              1.3999999999999999
      0.070497319      0.62109375               0.2644396452078482             -1.2205131430870793              0.0796065646332793              0.1990164115831984              1.3999999999999999              1.3999999999999999
      0.070497319      0.62890625               0.2108078484408344             -1.1246833249714203              0.0662958227653815              0.1657395569134539              1.3999999999999999              1.3999999999999999
      0.070497319      0.63671875               0.1691201056796184             -1.0298796597297597              0.0558349331037109              0.1395873327592773              1.3999999999999999              1.3999999999999999
      0.070497319      0.64453125               0.1369523613711841             -0.9364171822395239              0.0475609756186876              0.1189024390467190              1.3999999999999999              1.3999999999999999
      0.070497319      0.65234375               0.1124822067212977             -0.8448714941549857              0.0409480930616057              0.1023702326540142              1.3999999999999999              1.3999999999999999
      0.070497319      0.66015625               0.0945997167016266             -0.7555861301556022              0.0354862795723226              0.0887156989308065              1.3999999999999999              1.3999999999999999
      0.070497319      0.66796875               0.0820477381966882             -0.6649292109739157              0.0310818899778901              0.0777047249447252              1.3999999999999999              1.3999999999999999
      0.070497319      0.67578125               0.0721101655848082             -0.5736523068211110              0.0274358667574907              0.0685896668937268              1.3999999999999999              1.3999999999999999
      0.070497319      0.68359375               0.0637893041361972             -0.4845918236393761              0.0243076301570156              0.0607690753925389              1.3999999999999999              1.3999999999999999
      0.070497319      0.69140625               0.0566825313066520             -0.3968863581101362              0.0216756469401083              0.0541891173502708              1.3999999999999999              1.3999999999999999
      0.070497319      0.69921875               0.0504627848317098             -0.3108968442665909              0.0194684804098993              0.0486712010247482              1.3999999999999999              1.3999999999999999
      0.070497319      0.70703125               0.0449374840754039             -0.2275107020952390              0.0176368450543223              0.0440921126358056              1.3999999999999999              1.3999999999999999
      0.070497319      0.71484375               0.0401279970937843             -0.1482343778910689              0.0162030961956382              0.0405077404890955              1.3999999999999999              1.3999999999999999
      0.070497319      0.72265625               0.0363540555091052             -0.0754121075078264              0.0152861969022403              0.0382154922556007              1.3999999999999999              1.3999999999999999
      0.070497319      0.73046875               0.0339729017361129             -0.0134957075339436              0.0149727808305964              0.0374319520764911              1.3999999999999999              1.3999999999999999
      0.070497319      0.73828125               0.0328781121286236              0.0339310029073780              0.0152761729979500              0.0381904324948750              1.3999999999999999              1.3999999999999999
      0.070497319      0.74609375               0.0325516611588036              0.0701012177537785              0.0160096477219089              0.0400241193047721              1.3999999999999999              1.3999999999999999
      0.070497319      0.75390625               0.0326637079884701              0.1045496810565137              0.0170235396440064              0.0425588491100160              1.3999999999999999              1.3999999999999999
      0.070497319      0.76171875               0.0331479166994238              0.1531649112382765              0.0182083137602985              0.0455207844007463              1.3999999999999999              1.3999999999999999
      0.070497319      0.76953125               0.0339946846970502              0.2139638888234076              0.0193976395292393              0.0484940988230983              1.3999999999999999              1.3999999999999999
      0.070497319      0.77734375               0.0350664673618814              0.2725717712500715              0.0206589789212503              0.0516474473031258              1.3999999999999999              1.3999999999999999
      0.070497319      0.78515625               0.0364772975560702              0.3329951684253786              0.0221616773428361              0.0554041933570902              1.3999999999999999              1.3999999999999999
      0.070497319      0.79296875               0.0385163898957951              0.4032205144559158              0.0239115479544932              0.0597788698862331              1.3999999999999999              1.3999999999999999
      0.070497319      0.80078125               0.0413897438837985              0.4748915843913783              0.0259971960319437              0.0649929900798594              1.3999999999999999              1.3999999999999999
      0.070497319      0.80859375               0.0453503321277169              0.5559562143195809              0.0285376385461864              0.0713440963654660              1.3999999999999999              1.3999999999999999
      0.070497319      0.81640625               0.0511477003732013              0.6470568613645602              0.0318666218775636              0.0796665546939090              1.3999999999999999              1.3999999999999999
      0.070497319      0.82421875               0.0603740212602051              0.7535498830549074              0.0365912423949004              0.0914781059872511              1.3999999999999999              1.3999999999999999
      0.070497319      0.83203125               0.0765161654263450              0.8804249069825307              0.0440077147941117              0.1100192869852793              1.3999999999999999              1.3999999999999999
      0.070497319      0.83984375               0.1055225594518825              1.0200036018435188              0.0540830853360158              0.1352077133400394              1.3999999999999999              1.3999999999999999
      0.070497319      0.84765625               0.1539597517577766              1.1442441392018043              0.0668746850754096              0.1671867126885240              1.3999999999999999              1.3999999999999999
      0.070497319      0.85546875               0.2178115954405582              1.2256594891421573              0.0794197259788759              0.1985493149471897              1.3999999999999999              1.3999999999999999
      0.070497319      0.86328125               0.2766997010575283              1.2900300220201417              0.0912575084837907              0.2281437712094768              1.3999999999999999              1.3999999999999999
      0.070497319      0.87109375               0.3305956416858424              1.3507612151741963              0.1039310178861800              0.2598275447154501              1.3999999999999999              1.3999999999999999
      0.070497319      0.87890625               0.3836118453355916              1.4106210075924843              0.1182896728054006              0.2957241820135017              1.3999999999999999              1.3999999999999999
      0.070497319      0.88671875               0.4334820008032623              1.4654267177295515              0.1330107176997110              0.3325267942492777              1.3999999999999999              1.3999999999999999
      0.070497319      0.89453125               0.4848629904407517              1.5216486057679288              0.1499322063577764              0.3748305158944411              1.3999999999999999              1.3999999999999999
      0.070497319      0.90234375               0.5337683047488261              1.5737565331968111              0.1672311841663770              0.4180779604159425              1.3999999999999999              1.3999999999999999
      0.070497319      0.91015625               0.5852035229077218              1.6261117320215059              0.1866244837537971              0.4665612093844930              1.3999999999999999              1.3999999999999999
      0.070497319      0.91796875               0.6344557033578428              1.6748518060583293              0.2063316455594910              0.5158291138987275              1.3999999999999999              1.3999999999999999
      0.070497319      0.92578125               0.6866230503729668              1.7236282542618431              0.2282405090137914              0.5706012725344787              1.3999999999999999              1.3999999999999999
      0.070497319      0.93359375               0.7351675391172983              1.7679907426548840              0.2496806855843373              0.6242017139608433              1.3999999999999999              1.3999999999999999
      0.070497319      0.94140625               0.7859483286021844              1.8125985714048725              0.2735406780071878              0.6838516950179698              1.3999999999999999              1.3999999999999999
      0.070497319      0.94921875               0.8307616393280977              1.8511220247362958              0.2953123938437374              0.7382809846093437              1.3999999999999999              1.3999999999999999
      0.070497319      0.95703125               0.8758644350646970              1.8896701051007168              0.3193358171621887              0.7983395429054720              1.3999999999999999              1.3999999999999999
      0.070497319      0.96484375               0.9133085007331376              1.9211256274772950              0.3398151418870255              0.8495378547175638              1.3999999999999999              1.3999999999999999
      0.070497319      0.97265625               0.9469532962570308              1.9502945242040572              0.3605077184034963              0.9012692960087409              1.3999999999999999              1.3999999999999999
      0.070497319      0.98046875               0.9718661322282857              1.9723378008571972              0.3769892229882710              0.9424730574706777              1.3999999999999999              1.3999999999999999
      0.070497319      0.98828125               0.9889159595899656              1.9883998127638385              0.3898895113006183              0.9747237782515459              1.3999999999999999              1.3999999999999999
      0.070497319      0.99609375               0.9974799049400451              1.9971063726458005              0.3973390462894978              0.9933476157237449              1.3999999999999999              1.3999999999999999
