      0.050030355      0.00390625               1.0000000000000000             -2.0000000000000000              0.3999999999999999              1.0000000000000000              1.3999999999999999              1.3999999999999999
      0.050030355      0.01171875               1.0000000000000000             -2.0000000000000000              0.3999999999999999              1.0000000000000000              1.3999999999999999              1.3999999999999999
      0.050030355      0.01953125               1.0000000000000000             -2.0000000000000000              0.3999999999999999              1.0000000000000000              1.3999999999999999              1.3999999999999999
      0.050030355      0.02734375               1.0000000000000000             -2.0000000000000000              0.3999999999999999              1.0000000000000000              1.3999999999999999              1.3999999999999999
      0.050030355      0.03515625               1.0000000000000000             -2.0000000000000000              0.3999999999999999              1.0000000000000000              1.3999999999999999              1.3999999999999999
      0.050030355      0.04296875               1.0000000000000000             -2.0000000000000000              0.3999999999999999              1.0000000000000000              1.3999999999999999              1.3999999999999999
      0.050030355      0.05078125               1.0000000000000000             -2.0000000000000000              0.3999999999999999              1.0000000000000000              1.3999999999999999              1.3999999999999999
      0.050030355      0.05859375               1.0000000000000000             -2.0000000000000000              0.3999999999999999              1.0000000000000000              1.3999999999999999              1.3999999999999999
      0.050030355      0.06640625               1.0000000000000000             -2.0000000000000000              0.3999999999999999              1.0000000000000000              1.3999999999999999              1.3999999999999999
      0.050030355      0.07421875               1.0000000000000000             -2.0000000000000000              0.3999999999999999              1.0000000000000000              1.3999999999999999              1.3999999999999999
      0.050030355      0.08203125               1.0000000000000000             -2.0000000000000000              0.3999999999999999              1.0000000000000000              1.3999999999999999              1.3999999999999999
      0.050030355      0.08984375               1.0000000000000000             -2.0000000000000000              0.3999999999999999              1.0000000000000000              1.3999999999999999              1.3999999999999999
      0.050030355      0.09765625               1.0000000000000000             -2.0000000000000000              0.3999999999999999              1.0000000000000000              1.3999999999999999              1.3999999999999999
      0.050030355      0.10546875               1.0000000000000000             -2.0000000000000000              0.3999999999999999              1.0000000000000000              1.3999999999999999              1.3999999999999999
      0.050030355      0.11328125               1.0000000000000000             -2.0000000000000000              0.3999999999999999              1.0000000000000000              1.3999999999999999              1.3999999999999999
      0.050030355      0.12109375               1.0000000000000000             -2.0000000000000000              0.3999999999999999              1.0000000000000000              1.3999999999999999              1.3999999999999999
      0.050030355      0.12890625               1.0000000000000000             -2.0000000000000000              0.3999999999999999              1.0000000000000000              1.3999999999999999              1.3999999999999999
      0.050030355      0.13671875               1.0000000000000000             -2.0000000000000000              0.3999999999999999              1.0000000000000000              1.3999999999999999              1.3999999999999999
      0.050030355      0.14453125               1.0000000000000000             -2.0000000000000000              0.3999999999999999              1.0000000000000000              1.3999999999999999              1.3999999999999999
      0.050030355      0.15234375               1.0000000000000000             -2.0000000000000000              0.3999999999999999              1.0000000000000000              1.3999999999999999              1.3999999999999999
      0.050030355      0.16015625               1.0000000000000000             -2.0000000000000000              0.3999999999999999              1.0000000000000000              1.3999999999999999              1.3999999999999999
      0.050030355      0.16796875               1.0000000000000000             -2.0000000000000000              0.3999999999999999              1.0000000000000000              1.3999999999999999              1.3999999999999999
      0.050030355      0.17578125               1.0000000000000000             -2.0000000000000000              0.3999999999999999              1.0000000000000000              1.3999999999999999              1.3999999999999999
      0.050030355      0.18359375               1.0000000000000000             -2.0000000000000000              0.3999999999999999              1.0000000000000000              1.3999999999999999              1.3999999999999999
      0.050030355      0.19140625               1.0000000000000000             -2.0000000000000000              0.3999999999999999              1.0000000000000000              1.3999999999999999              1.3999999999999999
      0.050030355      0.19921875               1.0000000000000000             -2.0000000000000000              0.3999999999999999              1.0000000000000000              1.3999999999999999              1.3999999999999999
      0.050030355      0.20703125               1.0000000000000000             -2.0000000000000000              0.3999999999999999              1.0000000000000000              1.3999999999999999              1.3999999999999999
      0.050030355      0.21484375               1.0000000000000000             -2.0000000000000000              0.3999999999999999              1.0000000000000000              1.3999999999999999              1.3999999999999999
      0.050030355      0.22265625               1.0000000000000000             -2.0000000000000000              0.3999999999999999              1.0000000000000000              1.3999999999999999              1.3999999999999999
      0.050030355      0.23046875               1.0000000000000000             -2.0000000000000000              0.3999999999999999              1.0000000000000000              1.3999999999999999              1.3999999999999999
      0.050030355      0.23828125               1.0000000000000000             -2.0000000000000000              0.3999999999999999              1.0000000000000000              1.3999999999999999              1.3999999999999999
      0.050030355      0.24609375               1.0000000000000000             -2.0000000000000000              0.3999999999999999              1.0000000000000000              1.3999999999999999              1.3999999999999999
      0.050030355      0.25390625               1.0000000000000000             -2.0000000000000000              0.3999999999999999              1.0000000000000000              1.3999999999999999              1.3999999999999999
      0.050030355      0.26171875               1.0000000000000000             -2.0000000000000000              0.3999999999999999              1.0000000000000000              1.3999999999999999              1.3999999999999999
      0.050030355      0.26953125               1.0000000000000000             -2.0000000000000000              0.3999999999999999              1.0000000000000000              1.3999999999999999              1.3999999999999999
      0.050030355      0.27734375               1.0000000000000000             -2.0000000000000000              0.3999999999999999              1.0000000000000000              1.3999999999999999              1.3999999999999999
      0.050030355      0.28515625               1.0000000000000000             -2.0000000000000000              0.3999999999999999              1.0000000000000000              1.3999999999999999              1.3999999999999999
      0.050030355      0.29296875               1.0000000000000000             -2.0000000000000000              0.3999999999999999              1.0000000000000000              1.3999999999999999              1.3999999999999999
      0.050030355      0.30078125               1.0000000000000000             -2.0000000000000000              0.3999999999999999              1.0000000000000000              1.3999999999999999              1.3999999999999999
      0.050030355      0.30859375               1.0000000000000000             -2.0000000000000000              0.3999999999999999              1.0000000000000000              1.3999999999999999              1.3999999999999999
      0.050030355      0.31640625               1.0000000000000000             -2.0000000000000000              0.3999999999999999              1.0000000000000000              1.3999999999999999              1.3999999999999999
      0.050030355      0.32421875               1.0000000000000000             -2.0000000000000000              0.3999999999999999              1.0000000000000000              1.3999999999999999              1.3999999999999999
      0.050030355      0.33203125               1.0000000000000000             -2.0000000000000000              0.3999999999999999              1.0000000000000000              1.3999999999999999              1.3999999999999999
      0.050030355      0.33984375               1.0000000000000000             -2.0000000000000000              0.3999999999999999              1.0000000000000000              1.3999999999999999              1.3999999999999999
      0.050030355      0.34765625               1.0000000000000000             -2.0000000000000000              0.3999999999999999              1.0000000000000000              1.3999999999999999              1.3999999999999999
      0.050030355      0.35546875               1.0000000000000000             -2.0000000000000000              0.3999999999999999              1.0000000000000000              1.3999999999999999              1.3999999999999999
      0.050030355      0.36328125               1.0000000000000000             -2.0000000000000000              0.3999999999999999              1.0000000000000000              1.3999999999999999              1.3999999999999999
      0.050030355      0.37109375               1.0000000000000000             -2.0000000000000000              0.3999999999999999              1.0000000000000000              1.3999999999999999              1.3999999999999999
      0.050030355      0.37890625               1.0000000000000000             -2.0000000000000000              0.3999999999999999              1.0000000000000000              1.3999999999999999              1.3999999999999999
      0.050030355      0.38671875               1.0000000000000000             -2.0000000000000000              0.3999999999999999              1.0000000000000000              1.3999999999999999              1.3999999999999999
      0.050030355      0.39453125               1.0000000000000000             -2.0000000000000000              0.3999999999999999              1.0000000000000000              1.3999999999999999              1.3999999999999999
      0.050030355      0.40234375               1.0000000000000000             -2.0000000000000000              0.3999999999999999              1.0000000000000000              1.3999999999999999              1.3999999999999999
      0.050030355      0.41015625               1.0000000000000000             -2.0000000000000000              0.3999999999999999              1.0000000000000000              1.3999999999999999              1.3999999999999999
      0.050030355      0.41796875               1.0000000000000000             -2.0000000000000000              0.3999999999999999              1.0000000000000000              1.3999999999999999              1.3999999999999999
      0.050030355      0.42578125               1.0000000000000000             -2.0000000000000000              0.3999999999999999              1.0000000000000000              1.3999999999999999              1.3999999999999999
      0.050030355      0.43359375               1.0000000000000000             -2.0000000000000000              0.3999999999999999              1.0000000000000000              1.3999999999999999              1.3999999999999999
      0.050030355      0.44140625               1.0000000000000000             -2.0000000000000000              0.3999999999999999              1.0000000000000000              1.3999999999999999              1.3999999999999999
      0.050030355      0.44921875               1.0000000000000000             -2.0000000000000000              0.3999999999999999              1.0000000000000000              1.3999999999999999              1.3999999999999999
      0.050030355      0.45703125               1.0000000000000000             -2.0000000000000000              0.3999999999999999              1.0000000000000000              1.3999999999999999              1.3999999999999999
      0.050030355      0.46484375               1.0000000000000000             -2.0000000000000000              0.3999999999999999              1.0000000000000000              1.3999999999999999              1.3999999999999999
      0.050030355      0.47265625               1.0000000000000000             -2.0000000000000000              0.3999999999999999              1.0000000000000000              1.3999999999999999              1.3999999999999999
      0.050030355      0.48046875               1.0000000000000000             -2.0000000000000000              0.3999999999999999              1.0000000000000000              1.3999999999999999              1.3999999999999999
      0.050030355      0.48828125               1.0000000000000000             -2.0000000000000000              0.3999999999999999              1.0000000000000000              1.3999999999999999              1.3999999999999999
      0.050030355      0.49609375               1.0000000000000000             -2.0000000000000000              0.3999999999999999              1.0000000000000000              1.3999999999999999              1.3999999999999999
      0.050030355      0.50390625               1.0000000000000000             -2.0000000000000000              0.3999999999999999              1.0000000000000000              1.3999999999999999              1.3999999999999999
      0.050030355      0.51171875               1.0000000000000000             -2.0000000000000000              0.3999999999999999              1.0000000000000000              1.3999999999999999              1.3999999999999999
      0.050030355      0.51953125               1.0000000000000000             -2.0000000000000000              0.3999999999999999              1.0000000000000000              1.3999999999999999              1.3999999999999999
      0.050030355      0.52734375               1.0000000000000000             -2.0000000000000000              0.3999999999999999              1.0000000000000000              1.3999999999999999              1.3999999999999999
      0.050030355      0.53515625               1.0000000000000000             -2.0000000000000000              0.3999999999999999              1.0000000000000000              1.3999999999999999              1.3999999999999999
      0.050030355      0.54296875               1.0000000000000000             -2.0000000000000000              0.3999999999999999              1.0000000000000000              1.3999999999999999              1.3999999999999999
      0.050030355      0.55078125               1.0000000000000000             -2.0000000000000000              0.3999999999999999              1.0000000000000000              1.3999999999999999              1.3999999999999999
      0.050030355      0.55859375               1.0000000000000000             -2.0000000000000000              0.3999999999999999              1.0000000000000000              1.3999999999999999              1.3999999999999999
      0.050030355      0.56640625               1.0000000000000000             -2.0000000000000000              0.3999999999999999              1.0000000000000000              1.3999999999999999              1.3999999999999999
      0.050030355      0.57421875               0.9999100397698971             -1.9994938846663288              0.3998475720937948              0.9996189302344871              1.3999999999999999              1.3999999999999999
      0.050030355      0.58203125               0.9987792672478735             -1.9950324546330476              0.3982307550108993              0.9955768875272486              1.3999999999999999              1.3999999999999999
      0.050030355      0.58984375               0.9926191382102442             -1.9781274549257037              0.3909308612382247              0.9773271530955621              1.3999999999999999              1.3999999999999999
      0.050030355      0.59765625               0.9734776346369678             -1.9407123570026239              0.3722205181224009              0.9305512953060024              1.3999999999999999              1.3999999999999999
      0.050030355      0.60546875               0.9345364803244207             -1.8835701151776674              0.3403549079746817              0.8508872699367043              1.3999999999999999              1.3999999999999999
      0.050030355      0.61328125               0.8745146714370693             -1.8157589230684092              0.2986566530678911              0.7466416326697281              1.3999999999999999              1.3999999999999999
      0.050030355      0.62109375               0.7908951367526703             -1.7460227389949441              0.2516687365163146              0.6291718412907865              1.3999999999999999              1.3999999999999999
      0.050030355      0.62890625               0.6828258044671215             -1.6696714961507293              0.2049647765883729              0.5124119414709324              1.3999999999999999              1.3999999999999999
      0.050030355      0.63671875               0.5566704214257210             -1.5743957805636031              0.1628115881462880              0.4070289703657202              1.3999999999999999              1.3999999999999999
      0.050030355      0.64453125               0.4235899593977162             -1.4491008721581180              0.1284486379689332              0.3211215949223331              1.3999999999999999              1.3999999999999999
      0.050030355      0.65234375               0.3092740653846421             -1.3157470090034615              0.0999588740135642              0.2498971850339106              1.3999999999999999              1.3999999999999999
      0.050030355      0.66015625               0.2275662344661764             -1.1843274668061154              0.0790668237646051              0.1976670594115128              1.3999999999999999              1.3999999999999999
      0.050030355      0.66796875               0.1707313287302219             -1.0555497866127777              0.0638887080811226              0.1597217702028064              1.3999999999999999              1.3999999999999999
      0.050030355      0.67578125               0.1316446265661272             -0.9304720077513324              0.0526499544402702              0.1316248861006754              1.3999999999999999              1.3999999999999999
      0.050030355      0.68359375               0.1057875888150226             -0.8105553224296481              0.0437880484674058              0.1094701211685145              1.3999999999999999              1.3999999999999999
      0.050030355      0.69140625               0.0894674348037156             -0.6874504422237686              0.0370965017089655              0.0927412542724139              1.3999999999999999              1.3999999999999999
      0.050030355      0.69921875               0.0767789662519454             -0.5616534922730196              0.0318060961584260              0.0795152403960649              1.3999999999999999              1.3999999999999999
      0.050030355      0.70703125               0.0660277089729554             -0.4393819716433756              0.0274098766358394              0.0685246915895986              1.3999999999999999              1.3999999999999999
      0.050030355      0.71484375               0.0571530169139784             -0.3181112122550094              0.0239385163471320              0.0598462908678300              1.3999999999999999              1.3999999999999999
      0.050030355      0.72265625               0.0500917459604961             -0.1872444233234177              0.0216507423055554              0.0541268557638886              1.3999999999999999              1.3999999999999999
      0.050030355      0.73046875               0.0443545574466556             -0.0596473102614803              0.0201365261315035              0.0503413153287588              1.3999999999999999              1.3999999999999999
      0.050030355      0.73828125               0.0403302768883819              0.0623440547711970              0.0193442782849682              0.0483606957124204              1.3999999999999999              1.3999999999999999
      0.050030355      0.74609375               0.0384281018885990              0.1660610711877650              0.0194711757363005              0.0486779393407512              1.3999999999999999              1.3999999999999999
      0.050030355      0.75390625               0.0380756900300727              0.2373458754165377              0.0205340392498047              0.0513350981245119              1.3999999999999999              1.3999999999999999
      0.050030355      0.76171875               0.0391236768060218              0.2942007554704587              0.0227692694201013              0.0569231735502533              1.3999999999999999              1.3999999999999999
      0.050030355      0.76953125               0.0413522965925209              0.3589788657173476              0.0255000270863634              0.0637500677159085              1.3999999999999999              1.3999999999999999
      0.050030355      0.77734375               0.0441461186621947              0.4550964430773528              0.0281058429070011              0.0702646072675027              1.3999999999999999              1.3999999999999999
      0.050030355      0.78515625               0.0480672434318786              0.5460326047858365              0.0313025199300146              0.0782562998250365              1.3999999999999999              1.3999999999999999
      0.050030355      0.79296875               0.0538425495615773              0.6513360586777692              0.0354069259219652              0.0885173148049131              1.3999999999999999              1.3999999999999999
      0.050030355      0.80078125               0.0632851927823743              0.7736306653082088              0.0412817149332026              0.1032042873330064              1.3999999999999999              1.3999999999999999
      0.050030355      0.80859375               0.0812856307343122              0.9260629903179219              0.0510240092269725              0.1275600230674314              1.3999999999999999              1.3999999999999999
      0.050030355      0.81640625               0.1174662327868739              1.0995665355076747              0.0649893850171553              0.1624734625428882              1.3999999999999999              1.3999999999999999
      0.050030355      0.82421875               0.1842701589830343              1.2535219557756234              0.0839342608867190              0.2098356522167975              1.3999999999999999              1.3999999999999999
      0.050030355      0.83203125               0.2782098767898561              1.3482378690193064              0.1029440674062294              0.2573601685155736              1.3999999999999999              1.3999999999999999
      0.050030355      0.83984375               0.3629229775881048              1.4209108077707777              0.1206761485334580              0.3016903713336451              1.3999999999999999              1.3999999999999999
      0.050030355      0.84765625               0.4367411219114847              1.4888975350670346              0.1393735207706470              0.3484338019266175              1.3999999999999999              1.3999999999999999
      0.050030355      0.85546875               0.5089884689181023              1.5578355961375723              0.1614076562878403              0.4035191407196008              1.3999999999999999              1.3999999999999999
      0.050030355      0.86328125               0.5743084484444261              1.6191747581133507              0.1834325428419233              0.4585813571048083              1.3999999999999999              1.3999999999999999
      0.050030355      0.87109375               0.6425017523763922              1.6834242065136080              0.2095962046205214              0.5239905115513036              1.3999999999999999              1.3999999999999999
      0.050030355      0.87890625               0.7042373205827234              1.7400429096962091              0.2350976072223692              0.5877440180559232              1.3999999999999999              1.3999999999999999
      0.050030355      0.88671875               0.7697146073489846              1.7979499568914781              0.2646885603294747              0.6617214008236869              1.3999999999999999              1.3999999999999999
      0.050030355      0.89453125               0.8262888497128670              1.8466029684544261              0.2915602643676071              0.7289006609190178              1.3999999999999999              1.3999999999999999
      0.050030355      0.90234375               0.8839883760705162              1.8956805924240243              0.3223277706955017              0.8058194267387544              1.3999999999999999              1.3999999999999999
      0.050030355      0.91015625               0.9285219053330219              1.9328522546054172              0.3469257349246658              0.8673143373116647              1.3999999999999999              1.3999999999999999
      0.050030355      0.91796875               0.9671534703381405              1.9670278119844231              0.3723232107169843              0.9308080267924610              1.3999999999999999              1.3999999999999999
      0.050030355      0.92578125               0.9901691569071777              1.9888450508531559              0.3898409860046971              0.9746024650117429              1.3999999999999999              1.3999999999999999
      0.050030355      0.93359375               1.0000000000000000              2.0000000000000000              0.3999999999999999              1.0000000000000000              1.3999999999999999              1.3999999999999999
      0.050030355      0.94140625               1.0000000000000000              2.0000000000000000              0.3999999999999999              1.0000000000000000              1.3999999999999999              1.3999999999999999
      0.050030355      0.94921875               1.0000000000000000              2.0000000000000000              0.3999999999999999              1.0000000000000000              1.3999999999999999              1.3999999999999999
      0.050030355      0.95703125               1.0000000000000000              2.0000000000000000              0.3999999999999999              1.0000000000000000              1.3999999999999999              1.3999999999999999
      0.050030355      0.96484375               1.0000000000000000              2.0000000000000000              0.3999999999999999              1.0000000000000000              1.3999999999999999              1.3999999999999999
      0.050030355      0.97265625               1.0000000000000000              2.0000000000000000              0.3999999999999999              1.0000000000000000              1.3999999999999999              1.3999999999999999
      0.050030355      0.98046875               1.0000000000000000              2.0000000000000000              0.3999999999999999              1.0000000000000000              1.3999999999999999              1.3999999999999999
      0.050030355      0.98828125               1.0000000000000000              2.0000000000000000              0.3999999999999999              1.0000000000000000              1.3999999999999999              1.3999999999999999
      0.050030355      0.99609375               1.0000000000000000              2.0000000000000000              0.3999999999999999              1.0000000000000000              1.3999999999999999              1.3999999999999999
