      0.052304462      0.00390625               1.0000000000000000             -2.0000000000000000              0.3999999999999999              1.0000000000000000              1.3999999999999999              1.3999999999999999
      0.052304462      0.01171875               1.0000000000000000             -2.0000000000000000              0.3999999999999999              1.0000000000000000              1.3999999999999999              1.3999999999999999
      0.052304462      0.01953125               1.0000000000000000             -2.0000000000000000              0.3999999999999999              1.0000000000000000              1.3999999999999999              1.3999999999999999
      0.052304462      0.02734375               1.0000000000000000             -2.0000000000000000              0.3999999999999999              1.0000000000000000              1.3999999999999999              1.3999999999999999
      0.052304462      0.03515625               1.0000000000000000             -2.0000000000000000              0.3999999999999999              1.0000000000000000              1.3999999999999999              1.3999999999999999
      0.052304462      0.04296875               1.0000000000000000             -2.0000000000000000              0.3999999999999999              1.0000000000000000              1.3999999999999999              1.3999999999999999
      0.052304462      0.05078125               1.0000000000000000             -2.0000000000000000              0.3999999999999999              1.0000000000000000              1.3999999999999999              1.3999999999999999
      0.052304462      0.05859375               1.0000000000000000             -2.0000000000000000              0.3999999999999999              1.0000000000000000              1.3999999999999999              1.3999999999999999
      0.052304462      0.06640625               1.0000000000000000             -2.0000000000000000              0.3999999999999999              1.0000000000000000              1.3999999999999999              1.3999999999999999
      0.052304462      0.07421875               1.0000000000000000             -2.0000000000000000              0.3999999999999999              1.0000000000000000              1.3999999999999999              1.3999999999999999
      0.052304462      0.08203125               1.0000000000000000             -2.0000000000000000              0.3999999999999999              1.0000000000000000              1.3999999999999999              1.3999999999999999
      0.052304462      0.08984375               1.0000000000000000             -2.0000000000000000              0.3999999999999999              1.0000000000000000              1.3999999999999999              1.3999999999999999
      0.052304462      0.09765625               1.0000000000000000             -2.0000000000000000              0.3999999999999999              1.0000000000000000              1.3999999999999999              1.3999999999999999
      0.052304462      0.10546875               1.0000000000000000             -2.0000000000000000              0.3999999999999999              1.0000000000000000              1.3999999999999999              1.3999999999999999
      0.052304462      0.11328125               1.0000000000000000             -2.0000000000000000              0.3999999999999999              1.0000000000000000              1.3999999999999999              1.3999999999999999
      0.052304462      0.12109375               1.0000000000000000             -2.0000000000000000              0.3999999999999999              1.0000000000000000              1.3999999999999999              1.3999999999999999
      0.052304462      0.12890625               1.0000000000000000             -2.0000000000000000              0.3999999999999999              1.0000000000000000              1.3999999999999999              1.3999999999999999
      0.052304462      0.13671875               1.0000000000000000             -2.0000000000000000              0.3999999999999999              1.0000000000000000              1.3999999999999999              1.3999999999999999
      0.052304462      0.14453125               1.0000000000000000             -2.0000000000000000              0.3999999999999999              1.0000000000000000              1.3999999999999999              1.3999999999999999
      0.052304462      0.15234375               1.0000000000000000             -2.0000000000000000              0.3999999999999999              1.0000000000000000              1.3999999999999999              1.3999999999999999
      0.052304462      0.16015625               1.0000000000000000             -2.0000000000000000              0.3999999999999999              1.0000000000000000              1.3999999999999999              1.3999999999999999
      0.052304462      0.16796875               1.0000000000000000             -2.0000000000000000              0.3999999999999999              1.0000000000000000              1.3999999999999999              1.3999999999999999
      0.052304462      0.17578125               1.0000000000000000             -2.0000000000000000              0.3999999999999999              1.0000000000000000              1.3999999999999999              1.3999999999999999
      0.052304462      0.18359375               1.0000000000000000             -2.0000000000000000              0.3999999999999999              1.0000000000000000              1.3999999999999999              1.3999999999999999
      0.052304462      0.19140625               1.0000000000000000             -2.0000000000000000              0.3999999999999999              1.0000000000000000              1.3999999999999999              1.3999999999999999
      0.052304462      0.19921875               1.0000000000000000             -2.0000000000000000              0.3999999999999999              1.0000000000000000              1.3999999999999999              1.3999999999999999
      0.052304462      0.20703125               1.0000000000000000             -2.0000000000000000              0.3999999999999999              1.0000000000000000              1.3999999999999999              1.3999999999999999
      0.052304462      0.21484375               1.0000000000000000             -2.0000000000000000              0.3999999999999999              1.0000000000000000              1.3999999999999999              1.3999999999999999
      0.052304462      0.22265625               1.0000000000000000             -2.0000000000000000              0.3999999999999999              1.0000000000000000              1.3999999999999999              1.3999999999999999
      0.052304462      0.23046875               1.0000000000000000             -2.0000000000000000              0.3999999999999999              1.0000000000000000              1.3999999999999999              1.3999999999999999
      0.052304462      0.23828125               1.0000000000000000             -2.0000000000000000              0.3999999999999999              1.0000000000000000              1.3999999999999999              1.3999999999999999
      0.052304462      0.24609375               1.0000000000000000             -2.0000000000000000              0.3999999999999999              1.0000000000000000              1.3999999999999999              1.3999999999999999
      0.052304462      0.25390625               1.0000000000000000             -2.0000000000000000              0.3999999999999999              1.0000000000000000              1.3999999999999999              1.3999999999999999
      0.052304462      0.26171875               1.0000000000000000             -2.0000000000000000              0.3999999999999999              1.0000000000000000              1.3999999999999999              1.3999999999999999
      0.052304462      0.26953125               1.0000000000000000             -2.0000000000000000              0.3999999999999999              1.0000000000000000              1.3999999999999999              1.3999999999999999
      0.052304462      0.27734375               1.0000000000000000             -2.0000000000000000              0.3999999999999999              1.0000000000000000              1.3999999999999999              1.3999999999999999
      0.052304462      0.28515625               1.0000000000000000             -2.0000000000000000              0.3999999999999999              1.0000000000000000              1.3999999999999999              1.3999999999999999
      0.052304462      0.29296875               1.0000000000000000             -2.0000000000000000              0.3999999999999999              1.0000000000000000              1.3999999999999999              1.3999999999999999
      0.052304462      0.30078125               1.0000000000000000             -2.0000000000000000              0.3999999999999999              1.0000000000000000              1.3999999999999999              1.3999999999999999
      0.052304462      0.30859375               1.0000000000000000             -2.0000000000000000              0.3999999999999999              1.0000000000000000              1.3999999999999999              1.3999999999999999
      0.052304462      0.31640625               1.0000000000000000             -2.0000000000000000              0.3999999999999999              1.0000000000000000              1.3999999999999999              1.3999999999999999
      0.052304462      0.32421875               0.9981119646756335             -1.9985899581177173              0.3989457777478967              0.9992510656796562              1.3999999999999999              1.3999999999999999
      0.052304462      0.33203125               0.9880429362646043             -1.9910804288871364              0.3933666852496687              0.9953177913928294              1.3999999999999999              1.3999999999999999
      0.052304462      0.33984375               0.9618982996794740             -1.9715107870540223              0.3791182974769102              0.9853388284479787              1.3999999999999999              1.3999999999999999
      0.052304462      0.34765625               0.9162037352799408             -1.9368155410216250              0.3548917817447829              0.9683757227761897              1.3999999999999999              1.3999999999999999
      0.052304462      0.35546875               0.8533220400413198             -1.8877284799056757              0.3228181146547137              0.9457687118894825              1.3999999999999999              1.3999999999999999
      0.052304462      0.36328125               0.7784624491599150             -1.8268382874715900              0.2864432884711463              0.9199007889855967              1.3999999999999999              1.3999999999999999
      0.052304462      0.37109375               0.6968930510658701             -1.7568129467840541              0.2489670880977221              0.8931323383011817              1.3999999999999999              1.3999999999999999
      0.052304462      0.37890625               0.6129133642892370             -1.6797090181978480              0.2126510595724831              0.8673781318958645              1.3999999999999999              1.3999999999999999
      0.052304462      0.38671875               0.5298479256198131             -1.5969299281813321              0.1788899343667055              0.8440626343749535              1.3999999999999999              1.3999999999999999
      0.052304462      0.39453125               0.4502800510922791             -1.5093896016178672              0.1484505511464700              0.8242123473289680              1.3999999999999999              1.3999999999999999
      0.052304462      0.40234375               0.3762164943008764             -1.4176921541410461              0.1216810158187228              0.8085837387648486              1.3999999999999999              1.3999999999999999
      0.052304462      0.41015625               0.3091467697367663             -1.3222816337127585              0.0986543940212903              0.7977957695085495              1.3999999999999999              1.3999999999999999
      0.052304462      0.41796875               0.2500467103805946             -1.2235653074759205              0.0792606617623019              0.7924585534604693              1.3999999999999999              1.3999999999999999
      0.052304462      0.42578125               0.1993789579170858             -1.1220231827686702              0.0632663348576568              0.7932925259340421              1.3999999999999999              1.3999999999999999
      0.052304462      0.43359375               0.1571216119193891             -1.0183088643533531              0.0503557912484326              0.8012231836424186              1.3999999999999999              1.3999999999999999
      0.052304462      0.44140625               0.1228322324074626             -0.9133262071967497              0.0401622296501008              0.8174204128455785              1.3999999999999999              1.3999999999999999
      0.052304462      0.44921875               0.0957310637749805             -0.8082315497349218              0.0322920241652211              0.8433005675442177              1.3999999999999999              1.3999999999999999
      0.052304462      0.45703125               0.0748150751347877             -0.7040526849623402              0.0263582434348325              0.8807798223601706              1.3999999999999999              1.3999999999999999
      0.052304462      0.46484375               0.0598020113876949             -0.6008961205698424              0.0220505190736160              0.9218134374554340              1.3999999999999999              1.3999999999999999
      0.052304462      0.47265625               0.0501448375785721             -0.4952180257817616              0.0190957801810019              0.9520312111431537              1.3999999999999999              1.3999999999999999
      0.052304462      0.48046875               0.0448964273604094             -0.3720945283748610              0.0174938009564199              0.9741198790711731              1.3999999999999999              1.3999999999999999
      0.052304462      0.48828125               0.0424525784666347             -0.2297267460677717              0.0168289667263003              0.9910450280144316              1.3999999999999999              1.3999999999999999
      0.052304462      0.49609375               0.0414970771922981             -0.0774921862379236              0.0166021814401225              1.0002018553733178              1.3999999999999999              1.3999999999999999
      0.052304462      0.50390625               0.0414970771922981              0.0774921862379236              0.0166021814401225              1.0002018553733178              1.3999999999999999              1.3999999999999999
      0.052304462      0.51171875               0.0424525784666347              0.2297267460677717              0.0168289667263003              0.9910450280144316              1.3999999999999999              1.3999999999999999
      0.052304462      0.51953125               0.0448964273604094              0.3720945283748610              0.0174938009564199              0.9741198790711731              1.3999999999999999              1.3999999999999999
      0.052304462      0.52734375               0.0501448375785721              0.4952180257817616              0.0190957801810019              0.9520312111431537              1.3999999999999999              1.3999999999999999
      0.052304462      0.53515625               0.0598020113876949              0.6008961205698424              0.0220505190736160              0.9218134374554340              1.3999999999999999              1.3999999999999999
      0.052304462      0.54296875               0.0748150751347877              0.7040526849623402              0.0263582434348325              0.8807798223601706              1.3999999999999999              1.3999999999999999
      0.052304462      0.55078125               0.0957310637749805              0.8082315497349218              0.0322920241652211              0.8433005675442177              1.3999999999999999              1.3999999999999999
      0.052304462      0.55859375               0.1228322324074626              0.9133262071967497              0.0401622296501008              0.8174204128455785              1.3999999999999999              1.3999999999999999
      0.052304462      0.56640625               0.1571216119193891              1.0183088643533531              0.0503557912484326              0.8012231836424186              1.3999999999999999              1.3999999999999999
      0.052304462      0.57421875               0.1993789579170858              1.1220231827686702              0.0632663348576568              0.7932925259340421              1.3999999999999999              1.3999999999999999
      0.052304462      0.58203125               0.2500467103805946              1.2235653074759205              0.0792606617623019              0.7924585534604693              1.3999999999999999              1.3999999999999999
      0.052304462      0.58984375               0.3091467697367663              1.3222816337127585              0.0986543940212903              0.7977957695085495              1.3999999999999999              1.3999999999999999
      0.052304462      0.59765625               0.3762164943008764              1.4176921541410461              0.1216810158187228              0.8085837387648486              1.3999999999999999              1.3999999999999999
      0.052304462      0.60546875               0.4502800510922791              1.5093896016178672              0.1484505511464700              0.8242123473289680              1.3999999999999999              1.3999999999999999
      0.052304462      0.61328125               0.5298479256198131              1.5969299281813321              0.1788899343667055              0.8440626343749535              1.3999999999999999              1.3999999999999999
      0.052304462      0.62109375               0.6129133642892370              1.6797090181978480              0.2126510595724831              0.8673781318958645              1.3999999999999999              1.3999999999999999
      0.052304462      0.62890625               0.6968930510658701              1.7568129467840541              0.2489670880977221              0.8931323383011817              1.3999999999999999              1.3999999999999999
      0.052304462      0.63671875               0.7784624491599150              1.8268382874715900              0.2864432884711463              0.9199007889855967              1.3999999999999999              1.3999999999999999
      0.052304462      0.64453125               0.8533220400413198              1.8877284799056757              0.3228181146547137              0.9457687118894825              1.3999999999999999              1.3999999999999999
      0.052304462      0.65234375               0.9162037352799408              1.9368155410216250              0.3548917817447829              0.9683757227761897              1.3999999999999999              1.3999999999999999
      0.052304462      0.66015625               0.9618982996794740              1.9715107870540223              0.3791182974769102              0.9853388284479787              1.3999999999999999              1.3999999999999999
      0.052304462      0.66796875               0.9880429362646043              1.9910804288871364              0.3933666852496687              0.9953177913928294              1.3999999999999999              1.3999999999999999
      0.052304462      0.67578125               0.9981119646756335              1.9985899581177173              0.3989457777478967              0.9992510656796562              1.3999999999999999              1.3999999999999999
      0.052304462      0.68359375               1.0000000000000000              2.0000000000000000              0.3999999999999999              1.0000000000000000              1.3999999999999999              1.3999999999999999
      0.052304462      0.69140625               1.0000000000000000              2.0000000000000000              0.3999999999999999              1.0000000000000000              1.3999999999999999              1.3999999999999999
      0.052304462      0.69921875               1.0000000000000000              2.0000000000000000              0.3999999999999999              1.0000000000000000              1.3999999999999999              1.3999999999999999
      0.052304462      0.70703125               1.0000000000000000              2.0000000000000000              0.3999999999999999              1.0000000000000000              1.3999999999999999              1.3999999999999999
      0.052304462      0.71484375               1.0000000000000000              2.0000000000000000              0.3999999999999999              1.0000000000000000              1.3999999999999999              1.3999999999999999
      0.052304462      0.72265625               1.0000000000000000              2.0000000000000000              0.3999999999999999              1.0000000000000000              1.3999999999999999              1.3999999999999999
      0.052304462      0.73046875               1.0000000000000000              2.0000000000000000              0.3999999999999999              1.0000000000000000              1.3999999999999999              1.3999999999999999
      0.052304462      0.73828125               1.0000000000000000              2.0000000000000000              0.3999999999999999              1.0000000000000000              1.3999999999999999              1.3999999999999999
      0.052304462      0.74609375               1.0000000000000000              2.0000000000000000              0.3999999999999999              1.0000000000000000              1.3999999999999999              1.3999999999999999
      0.052304462      0.75390625               1.0000000000000000              2.0000000000000000              0.3999999999999999              1.0000000000000000              1.3999999999999999              1.3999999999999999
      0.052304462      0.76171875               1.0000000000000000              2.0000000000000000              0.3999999999999999              1.0000000000000000              1.3999999999999999              1.3999999999999999
      0.052304462      0.76953125               1.0000000000000000              2.0000000000000000              0.3999999999999999              1.0000000000000000              1.3999999999999999              1.3999999999999999
      0.052304462      0.77734375               1.0000000000000000              2.0000000000000000              0.3999999999999999              1.0000000000000000              1.3999999999999999              1.3999999999999999
      0.052304462      0.78515625               1.0000000000000000              2.0000000000000000              0.3999999999999999              1.0000000000000000              1.3999999999999999              1.3999999999999999
      0.052304462      0.79296875               1.0000000000000000              2.0000000000000000              0.3999999999999999              1.0000000000000000              1.3999999999999999              1.3999999999999999
      0.052304462      0.80078125               1.0000000000000000              2.0000000000000000              0.3999999999999999              1.0000000000000000              1.3999999999999999              1.3999999999999999
      0.052304462      0.80859375               1.0000000000000000              2.0000000000000000              0.3999999999999999              1.0000000000000000              1.3999999999999999              1.3999999999999999
      0.052304462      0.81640625               1.0000000000000000              2.0000000000000000              0.3999999999999999              1.0000000000000000              1.3999999999999999              1.3999999999999999
      0.052304462      0.82421875               1.0000000000000000              2.0000000000000000              0.3999999999999999              1.0000000000000000              1.3999999999999999              1.3999999999999999
      0.052304462      0.83203125               1.0000000000000000              2.0000000000000000              0.3999999999999999              1.0000000000000000              1.3999999999999999              1.3999999999999999
      0.052304462      0.83984375               1.0000000000000000              2.0000000000000000              0.3999999999999999              1.0000000000000000              1.3999999999999999              1.3999999999999999
      0.052304462      0.84765625               1.0000000000000000              2.0000000000000000              0.3999999999999999              1.0000000000000000              1.3999999999999999              1.3999999999999999
      0.052304462      0.85546875               1.0000000000000000              2.0000000000000000              0.3999999999999999              1.0000000000000000              1.3999999999999999              1.3999999999999999
      0.052304462      0.86328125               1.0000000000000000              2.0000000000000000              0.3999999999999999              1.0000000000000000              1.3999999999999999              1.3999999999999999
      0.052304462      0.87109375               1.0000000000000000              2.0000000000000000              0.3999999999999999              1.0000000000000000              1.3999999999999999              1.3999999999999999
      0.052304462      0.87890625               1.0000000000000000              2.0000000000000000              0.3999999999999999              1.0000000000000000              1.3999999999999999              1.3999999999999999
      0.052304462      0.88671875               1.0000000000000000              2.0000000000000000              0.3999999999999999              1.0000000000000000              1.3999999999999999              1.3999999999999999
      0.052304462      0.89453125               1.0000000000000000              2.0000000000000000              0.3999999999999999              1.0000000000000000              1.3999999999999999              1.3999999999999999
      0.052304462      0.90234375               1.0000000000000000              2.0000000000000000              0.3999999999999999              1.0000000000000000              1.3999999999999999              1.3999999999999999
      0.052304462      0.91015625               1.0000000000000000              2.0000000000000000              0.3999999999999999              1.0000000000000000              1.3999999999999999              1.3999999999999999
      0.052304462      0.91796875               1.0000000000000000              2.0000000000000000              0.3999999999999999              1.0000000000000000              1.3999999999999999              1.3999999999999999
      0.052304462      0.92578125               1.0000000000000000              2.0000000000000000              0.3999999999999999              1.0000000000000000              1.3999999999999999              1.3999999999999999
      0.052304462      0.93359375               1.0000000000000000              2.0000000000000000              0.3999999999999999              1.0000000000000000              1.3999999999999999              1.3999999999999999
      0.052304462      0.94140625               1.0000000000000000              2.0000000000000000              0.3999999999999999              1.0000000000000000              1.3999999999999999              1.3999999999999999
      0.052304462      0.94921875               1.0000000000000000              2.0000000000000000              0.3999999999999999              1.0000000000000000              1.3999999999999999              1.3999999999999999
      0.052304462      0.95703125               1.0000000000000000              2.0000000000000000              0.3999999999999999              1.0000000000000000              1.3999999999999999              1.3999999999999999
      0.052304462      0.96484375               1.0000000000000000              2.0000000000000000              0.3999999999999999              1.0000000000000000              1.3999999999999999              1.3999999999999999
      0.052304462      0.97265625               1.0000000000000000              2.0000000000000000              0.3999999999999999              1.0000000000000000              1.3999999999999999              1.3999999999999999
      0.052304462      0.98046875               1.0000000000000000              2.0000000000000000              0.3999999999999999              1.0000000000000000              1.3999999999999999              1.3999999999999999
      0.052304462      0.98828125               1.0000000000000000              2.0000000000000000              0.3999999999999999              1.0000000000000000              1.3999999999999999              1.3999999999999999
      0.052304462      0.99609375               1.0000000000000000              2.0000000000000000              0.3999999999999999              1.0000000000000000              1.3999999999999999              1.3999999999999999
