      0.059126783      0.00390625               1.0000000000000000             -2.0000000000000000              0.3999999999999999              1.0000000000000000              1.3999999999999999              1.3999999999999999
      0.059126783      0.01171875               1.0000000000000000             -2.0000000000000000              0.3999999999999999              1.0000000000000000              1.3999999999999999              1.3999999999999999
      0.059126783      0.01953125               1.0000000000000000             -2.0000000000000000              0.3999999999999999              1.0000000000000000              1.3999999999999999              1.3999999999999999
      0.059126783      0.02734375               1.0000000000000000             -2.0000000000000000              0.3999999999999999              1.0000000000000000              1.3999999999999999              1.3999999999999999
      0.059126783      0.03515625               1.0000000000000000             -2.0000000000000000              0.3999999999999999              1.0000000000000000              1.3999999999999999              1.3999999999999999
      0.059126783      0.04296875               1.0000000000000000             -2.0000000000000000              0.3999999999999999              1.0000000000000000              1.3999999999999999              1.3999999999999999
      0.059126783      0.05078125               1.0000000000000000             -2.0000000000000000              0.3999999999999999              1.0000000000000000              1.3999999999999999              1.3999999999999999
      0.059126783      0.05859375               1.0000000000000000             -2.0000000000000000              0.3999999999999999              1.0000000000000000              1.3999999999999999              1.3999999999999999
      0.059126783      0.06640625               1.0000000000000000             -2.0000000000000000              0.3999999999999999              1.0000000000000000              1.3999999999999999              1.3999999999999999
      0.059126783      0.07421875               1.0000000000000000             -2.0000000000000000              0.3999999999999999              1.0000000000000000              1.3999999999999999              1.3999999999999999
      0.059126783      0.08203125               1.0000000000000000             -2.0000000000000000              0.3999999999999999              1.0000000000000000              1.3999999999999999              1.3999999999999999
      0.059126783      0.08984375               1.0000000000000000             -2.0000000000000000              0.3999999999999999              1.0000000000000000              1.3999999999999999              1.3999999999999999
      0.059126783      0.09765625               1.0000000000000000             -2.0000000000000000              0.3999999999999999              1.0000000000000000              1.3999999999999999              1.3999999999999999
      0.059126783      0.10546875               1.0000000000000000             -2.0000000000000000              0.3999999999999999              1.0000000000000000              1.3999999999999999              1.3999999999999999
      0.059126783      0.11328125               1.0000000000000000             -2.0000000000000000              0.3999999999999999              1.0000000000000000              1.3999999999999999              1.3999999999999999
      0.059126783      0.12109375               1.0000000000000000             -2.0000000000000000              0.3999999999999999              1.0000000000000000              1.3999999999999999              1.3999999999999999
      0.059126783      0.12890625               1.0000000000000000             -2.0000000000000000              0.3999999999999999              1.0000000000000000              1.3999999999999999              1.3999999999999999
      0.059126783      0.13671875               1.0000000000000000             -2.0000000000000000              0.3999999999999999              1.0000000000000000              1.3999999999999999              1.3999999999999999
      0.059126783      0.14453125               1.0000000000000000             -2.0000000000000000              0.3999999999999999              1.0000000000000000              1.3999999999999999              1.3999999999999999
      0.059126783      0.15234375               1.0000000000000000             -2.0000000000000000              0.3999999999999999              1.0000000000000000              1.3999999999999999              1.3999999999999999
      0.059126783      0.16015625               1.0000000000000000             -2.0000000000000000              0.3999999999999999              1.0000000000000000              1.3999999999999999              1.3999999999999999
      0.059126783      0.16796875               1.0000000000000000             -2.0000000000000000              0.3999999999999999              1.0000000000000000              1.3999999999999999              1.3999999999999999
      0.059126783      0.17578125               1.0000000000000000             -2.0000000000000000              0.3999999999999999              1.0000000000000000              1.3999999999999999              1.3999999999999999
      0.059126783      0.18359375               1.0000000000000000             -2.0000000000000000              0.3999999999999999              1.0000000000000000              1.3999999999999999              1.3999999999999999
      0.059126783      0.19140625               1.0000000000000000             -2.0000000000000000              0.3999999999999999              1.0000000000000000              1.3999999999999999              1.3999999999999999
      0.059126783      0.19921875               1.0000000000000000             -2.0000000000000000              0.3999999999999999              1.0000000000000000              1.3999999999999999              1.3999999999999999
      0.059126783      0.20703125               1.0000000000000000             -2.0000000000000000              0.3999999999999999              1.0000000000000000              1.3999999999999999              1.3999999999999999
      0.059126783      0.21484375               1.0000000000000000             -2.0000000000000000              0.3999999999999999              1.0000000000000000              1.3999999999999999              1.3999999999999999
      0.059126783      0.22265625               1.0000000000000000             -2.0000000000000000              0.3999999999999999              1.0000000000000000              1.3999999999999999              1.3999999999999999
      0.059126783      0.23046875               1.0000000000000000             -2.0000000000000000              0.3999999999999999              1.0000000000000000              1.3999999999999999              1.3999999999999999
      0.059126783      0.23828125               1.0000000000000000             -2.0000000000000000              0.3999999999999999              1.0000000000000000              1.3999999999999999              1.3999999999999999
      0.059126783      0.24609375               1.0000000000000000             -2.0000000000000000              0.3999999999999999              1.0000000000000000              1.3999999999999999              1.3999999999999999
      0.059126783      0.25390625               1.0000000000000000             -2.0000000000000000              0.3999999999999999              1.0000000000000000              1.3999999999999999              1.3999999999999999
      0.059126783      0.26171875               1.0000000000000000             -2.0000000000000000              0.3999999999999999              1.0000000000000000              1.3999999999999999              1.3999999999999999
      0.059126783      0.26953125               1.0000000000000000             -2.0000000000000000              0.3999999999999999              1.0000000000000000              1.3999999999999999              1.3999999999999999
      0.059126783      0.27734375               1.0000000000000000             -2.0000000000000000              0.3999999999999999              1.0000000000000000              1.3999999999999999              1.3999999999999999
      0.059126783      0.28515625               1.0000000000000000             -2.0000000000000000              0.3999999999999999              1.0000000000000000              1.3999999999999999              1.3999999999999999
      0.059126783      0.29296875               1.0000000000000000             -2.0000000000000000              0.3999999999999999              1.0000000000000000              1.3999999999999999              1.3999999999999999
      0.059126783      0.30078125               0.9990357999841531             -1.9992791584158101              0.3994608222823359              0.9996158853583433              1.3999999999999999              1.3999999999999999
      0.059126783      0.30859375               0.9932162161223554             -1.9949322223832155              0.3962209997254525              0.9973180896913629              1.3999999999999999              1.3999999999999999
      0.059126783      0.31640625               0.9762376951588371             -1.9822236740002033              0.3868681126128578              0.9907118792158326              1.3999999999999999              1.3999999999999999
      0.059126783      0.32421875               0.9434514963001752             -1.9574416326691357              0.3691453111094471              0.9781777668409073              1.3999999999999999              1.3999999999999999
      0.059126783      0.33203125               0.8946862616488416             -1.9198042790505796              0.3435156997449738              0.9598775416309050              1.3999999999999999              1.3999999999999999
      0.059126783      0.33984375               0.8332299565662092             -1.8707983479809278              0.3123894557957356              0.9372846395342992              1.3999999999999999              1.3999999999999999
      0.059126783      0.34765625               0.7634234814456251             -1.8126581083932132              0.2785819421051368              0.9122785350327832              1.3999999999999999              1.3999999999999999
      0.059126783      0.35546875               0.6891684444374143             -1.7474103081675745              0.2444039376329886              0.8865899897393803              1.3999999999999999              1.3999999999999999
      0.059126783      0.36328125               0.6135286588281840             -1.6765784833164443              0.2114510015177549              0.8616182735522828              1.3999999999999999              1.3999999999999999
      0.059126783      0.37109375               0.5388398424154072             -1.6012125291720978              0.1807116915812852              0.8384295172533351              1.3999999999999999              1.3999999999999999
      0.059126783      0.37890625               0.4669116996303029             -1.5220105620048172              0.1527389864638281              0.8178151596156497              1.3999999999999999              1.3999999999999999
      0.059126783      0.38671875               0.3991689589510569             -1.4394404191342469              0.1277923430550998              0.8003649844849832              1.3999999999999999              1.3999999999999999
      0.059126783      0.39453125               0.3367145272634207             -1.3538388755327111              0.1059361062954291              0.7865424396476404              1.3999999999999999              1.3999999999999999
      0.059126783      0.40234375               0.2803430509250955             -1.2654912378454037              0.0871036844710288              0.7767597964672037              1.3999999999999999              1.3999999999999999
      0.059126783      0.41015625               0.2305375172257006             -1.1746993226611429              0.0711394936967118              0.7714524576390845              1.3999999999999999              1.3999999999999999
      0.059126783      0.41796875               0.1874720268421984             -1.0818440411673826              0.0578276431503158              0.7711502900508902              1.3999999999999999              1.3999999999999999
      0.059126783      0.42578125               0.1510318299147168             -0.9874429607896096              0.0469128912268272              0.7765398070942643              1.3999999999999999              1.3999999999999999
      0.059126783      0.43359375               0.1208513308758260             -0.8921928155178618              0.0381168652624707              0.7885073541646715              1.3999999999999999              1.3999999999999999
      0.059126783      0.44140625               0.0963565584028639             -0.7969706497797365              0.0311507165964264              0.8082147472044963              1.3999999999999999              1.3999999999999999
      0.059126783      0.44921875               0.0767923242628469             -0.7026754855034629              0.0257295988024681              0.8376357614336606              1.3999999999999999              1.3999999999999999
      0.059126783      0.45703125               0.0618436305280977             -0.6098240419605427              0.0216178277418603              0.8738906317942697              1.3999999999999999              1.3999999999999999
      0.059126783      0.46484375               0.0512933203898925             -0.5185196610172408              0.0185630284542007              0.9047488207576934              1.3999999999999999              1.3999999999999999
      0.059126783      0.47265625               0.0442356746417946             -0.4247842336498858              0.0163798854072423              0.9257169433879452              1.3999999999999999              1.3999999999999999
      0.059126783      0.48046875               0.0401006531997366             -0.3180253607653588              0.0150819178090390              0.9402538740402678              1.3999999999999999              1.3999999999999999
      0.059126783      0.48828125               0.0379766087965103             -0.1966570790868430              0.0144445488592904              0.9508845916632840              1.3999999999999999              1.3999999999999999
      0.059126783      0.49609375               0.0370958823238944             -0.0664647900327938              0.0141954242821103              0.9566711581467529              1.3999999999999999              1.3999999999999999
      0.059126783      0.50390625               0.0370958823238944              0.0664647900327938              0.0141954242821103              0.9566711581467529              1.3999999999999999              1.3999999999999999
      0.059126783      0.51171875               0.0379766087965103              0.1966570790868430              0.0144445488592904              0.9508845916632840              1.3999999999999999              1.3999999999999999
      0.059126783      0.51953125               0.0401006531997366              0.3180253607653588              0.0150819178090390              0.9402538740402678              1.3999999999999999              1.3999999999999999
      0.059126783      0.52734375               0.0442356746417946              0.4247842336498858              0.0163798854072423              0.9257169433879452              1.3999999999999999              1.3999999999999999
      0.059126783      0.53515625               0.0512933203898925              0.5185196610172408              0.0185630284542007              0.9047488207576934              1.3999999999999999              1.3999999999999999
      0.059126783      0.54296875               0.0618436305280977              0.6098240419605427              0.0216178277418603              0.8738906317942697              1.3999999999999999              1.3999999999999999
      0.059126783      0.55078125               0.0767923242628469              0.7026754855034629              0.0257295988024681              0.8376357614336606              1.3999999999999999              1.3999999999999999
      0.059126783      0.55859375               0.0963565584028639              0.7969706497797365              0.0311507165964264              0.8082147472044963              1.3999999999999999              1.3999999999999999
      0.059126783      0.56640625               0.1208513308758260              0.8921928155178618              0.0381168652624707              0.7885073541646715              1.3999999999999999              1.3999999999999999
      0.059126783      0.57421875               0.1510318299147168              0.9874429607896096              0.0469128912268272              0.7765398070942643              1.3999999999999999              1.3999999999999999
      0.059126783      0.58203125               0.1874720268421984              1.0818440411673826              0.0578276431503158              0.7711502900508902              1.3999999999999999              1.3999999999999999
      0.059126783      0.58984375               0.2305375172257006              1.1746993226611429              0.0711394936967118              0.7714524576390845              1.3999999999999999              1.3999999999999999
      0.059126783      0.59765625               0.2803430509250955              1.2654912378454037              0.0871036844710288              0.7767597964672037              1.3999999999999999              1.3999999999999999
      0.059126783      0.60546875               0.3367145272634207              1.3538388755327111              0.1059361062954291              0.7865424396476404              1.3999999999999999              1.3999999999999999
      0.059126783      0.61328125               0.3991689589510569              1.4394404191342469              0.1277923430550998              0.8003649844849832              1.3999999999999999              1.3999999999999999
      0.059126783      0.62109375               0.4669116996303029              1.5220105620048172              0.1527389864638281              0.8178151596156497              1.3999999999999999              1.3999999999999999
      0.059126783      0.62890625               0.5388398424154072              1.6012125291720978              0.1807116915812852              0.8384295172533351              1.3999999999999999              1.3999999999999999
      0.059126783      0.63671875               0.6135286588281840              1.6765784833164443              0.2114510015177549              0.8616182735522828              1.3999999999999999              1.3999999999999999
      0.059126783      0.64453125               0.6891684444374143              1.7474103081675745              0.2444039376329886              0.8865899897393803              1.3999999999999999              1.3999999999999999
      0.059126783      0.65234375               0.7634234814456251              1.8126581083932132              0.2785819421051368              0.9122785350327832              1.3999999999999999              1.3999999999999999
      0.059126783      0.66015625               0.8332299565662092              1.8707983479809278              0.3123894557957356              0.9372846395342992              1.3999999999999999              1.3999999999999999
      0.059126783      0.66796875               0.8946862616488416              1.9198042790505796              0.3435156997449738              0.9598775416309050              1.3999999999999999              1.3999999999999999
      0.059126783      0.67578125               0.9434514963001752              1.9574416326691357              0.3691453111094471              0.9781777668409073              1.3999999999999999              1.3999999999999999
      0.059126783      0.68359375               0.9762376951588371              1.9822236740002033              0.3868681126128578              0.9907118792158326              1.3999999999999999              1.3999999999999999
      0.059126783      0.69140625               0.9932162161223554              1.9949322223832155              0.3962209997254525              0.9973180896913629              1.3999999999999999              1.3999999999999999
      0.059126783      0.69921875               0.9990357999841531              1.9992791584158101              0.3994608222823359              0.9996158853583433              1.3999999999999999              1.3999999999999999
      0.059126783      0.70703125               1.0000000000000000              2.0000000000000000              0.3999999999999999              1.0000000000000000              1.3999999999999999              1.3999999999999999
      0.059126783      0.71484375               1.0000000000000000              2.0000000000000000              0.3999999999999999              1.0000000000000000              1.3999999999999999              1.3999999999999999
      0.059126783      0.72265625               1.0000000000000000              2.0000000000000000              0.3999999999999999              1.0000000000000000              1.3999999999999999              1.3999999999999999
      0.059126783      0.73046875               1.0000000000000000              2.0000000000000000              0.3999999999999999              1.0000000000000000              1.3999999999999999              1.3999999999999999
      0.059126783      0.73828125               1.0000000000000000              2.0000000000000000              0.3999999999999999              1.0000000000000000              1.3999999999999999              1.3999999999999999
      0.059126783      0.74609375               1.0000000000000000              2.0000000000000000              0.3999999999999999              1.0000000000000000              1.3999999999999999              1.3999999999999999
      0.059126783      0.75390625               1.0000000000000000              2.0000000000000000              0.3999999999999999              1.0000000000000000              1.3999999999999999              1.3999999999999999
      0.059126783      0.76171875               1.0000000000000000              2.0000000000000000              0.3999999999999999              1.0000000000000000              1.3999999999999999              1.3999999999999999
      0.059126783      0.76953125               1.0000000000000000              2.0000000000000000              0.3999999999999999              1.0000000000000000              1.3999999999999999              1.3999999999999999
      0.059126783      0.77734375               1.0000000000000000              2.0000000000000000              0.3999999999999999              1.0000000000000000              1.3999999999999999              1.3999999999999999
      0.059126783      0.78515625               1.0000000000000000              2.0000000000000000              0.3999999999999999              1.0000000000000000              1.3999999999999999              1.3999999999999999
      0.059126783      0.79296875               1.0000000000000000              2.0000000000000000              0.3999999999999999              1.0000000000000000              1.3999999999999999              1.3999999999999999
      0.059126783      0.80078125               1.0000000000000000              2.0000000000000000              0.3999999999999999              1.0000000000000000              1.3999999999999999              1.3999999999999999
      0.059126783      0.80859375               1.0000000000000000              2.0000000000000000              0.3999999999999999              1.0000000000000000              1.3999999999999999              1.3999999999999999
      0.059126783      0.81640625               1.0000000000000000              2.0000000000000000              0.3999999999999999              1.0000000000000000              1.3999999999999999              1.3999999999999999
      0.059126783      0.82421875               1.0000000000000000              2.0000000000000000              0.3999999999999999              1.0000000000000000              1.3999999999999999              1.3999999999999999
      0.059126783      0.83203125               1.0000000000000000              2.0000000000000000              0.3999999999999999              1.0000000000000000              1.3999999999999999              1.3999999999999999
      0.059126783      0.83984375               1.0000000000000000              2.0000000000000000              0.3999999999999999              1.0000000000000000              1.3999999999999999              1.3999999999999999
      0.059126783      0.84765625               1.0000000000000000              2.0000000000000000              0.3999999999999999              1.0000000000000000              1.3999999999999999              1.3999999999999999
      0.059126783      0.85546875               1.0000000000000000              2.0000000000000000              0.3999999999999999              1.0000000000000000              1.3999999999999999              1.3999999999999999
      0.059126783      0.86328125               1.0000000000000000              2.0000000000000000              0.3999999999999999              1.0000000000000000              1.3999999999999999              1.3999999999999999
      0.059126783      0.87109375               1.0000000000000000              2.0000000000000000              0.3999999999999999              1.0000000000000000              1.3999999999999999              1.3999999999999999
      0.059126783      0.87890625               1.0000000000000000              2.0000000000000000              0.3999999999999999              1.0000000000000000              1.3999999999999999              1.3999999999999999
      0.059126783      0.88671875               1.0000000000000000              2.0000000000000000              0.3999999999999999              1.0000000000000000              1.3999999999999999              1.3999999999999999
      0.059126783      0.89453125               1.0000000000000000              2.0000000000000000              0.3999999999999999              1.0000000000000000              1.3999999999999999              1.3999999999999999
      0.059126783      0.90234375               1.0000000000000000              2.0000000000000000              0.3999999999999999              1.0000000000000000              1.3999999999999999              1.3999999999999999
      0.059126783      0.91015625               1.0000000000000000              2.0000000000000000              0.3999999999999999              1.0000000000000000              1.3999999999999999              1.3999999999999999
      0.059126783      0.91796875               1.0000000000000000              2.0000000000000000              0.3999999999999999              1.0000000000000000              1.3999999999999999              1.3999999999999999
      0.059126783      0.92578125               1.0000000000000000              2.0000000000000000              0.3999999999999999              1.0000000000000000              1.3999999999999999              1.3999999999999999
      0.059126783      0.93359375               1.0000000000000000              2.0000000000000000              0.3999999999999999              1.0000000000000000              1.3999999999999999              1.3999999999999999
      0.059126783      0.94140625               1.0000000000000000              2.0000000000000000              0.3999999999999999              1.0000000000000000              1.3999999999999999              1.3999999999999999
      0.059126783      0.94921875               1.0000000000000000              2.0000000000000000              0.3999999999999999              1.0000000000000000              1.3999999999999999              1.3999999999999999
      0.059126783      0.95703125               1.0000000000000000              2.0000000000000000              0.3999999999999999              1.0000000000000000              1.3999999999999999              1.3999999999999999
      0.059126783      0.96484375               1.0000000000000000              2.0000000000000000              0.3999999999999999              1.0000000000000000              1.3999999999999999              1.3999999999999999
      0.059126783      0.97265625               1.0000000000000000              2.0000000000000000              0.3999999999999999              1.0000000000000000              1.3999999999999999              1.3999999999999999
      0.059126783      0.98046875               1.0000000000000000              2.0000000000000000              0.3999999999999999              1.0000000000000000              1.3999999999999999              1.3999999999999999
      0.059126783      0.98828125               1.0000000000000000              2.0000000000000000              0.3999999999999999              1.0000000000000000              1.3999999999999999              1.3999999999999999
      0.059126783      0.99609375               1.0000000000000000              2.0000000000000000              0.3999999999999999              1.0000000000000000              1.3999999999999999              1.3999999999999999
