      0.097786603      0.00390625               1.0000000000000000             -2.0000000000000000              0.3999999999999999              1.0000000000000000              1.3999999999999999              1.3999999999999999
      0.097786603      0.01171875               1.0000000000000000             -2.0000000000000000              0.3999999999999999              1.0000000000000000              1.3999999999999999              1.3999999999999999
      0.097786603      0.01953125               1.0000000000000000             -2.0000000000000000              0.3999999999999999              1.0000000000000000              1.3999999999999999              1.3999999999999999
      0.097786603      0.02734375               1.0000000000000000             -2.0000000000000000              0.3999999999999999              1.0000000000000000              1.3999999999999999              1.3999999999999999
      0.097786603      0.03515625               1.0000000000000000             -2.0000000000000000              0.3999999999999999              1.0000000000000000              1.3999999999999999              1.3999999999999999
      0.097786603      0.04296875               1.0000000000000000             -2.0000000000000000              0.3999999999999999              1.0000000000000000              1.3999999999999999              1.3999999999999999
      0.097786603      0.05078125               1.0000000000000000             -2.0000000000000000              0.3999999999999999              1.0000000000000000              1.3999999999999999              1.3999999999999999
      0.097786603      0.05859375               1.0000000000000000             -2.0000000000000000              0.3999999999999999              1.0000000000000000              1.3999999999999999              1.3999999999999999
      0.097786603      0.06640625               1.0000000000000000             -2.0000000000000000              0.3999999999999999              1.0000000000000000              1.3999999999999999              1.3999999999999999
      0.097786603      0.07421875               1.0000000000000000             -2.0000000000000000              0.3999999999999999              1.0000000000000000              1.3999999999999999              1.3999999999999999
      0.097786603      0.08203125               1.0000000000000000             -2.0000000000000000              0.3999999999999999              1.0000000000000000              1.3999999999999999              1.3999999999999999
      0.097786603      0.08984375               1.0000000000000000             -2.0000000000000000              0.3999999999999999              1.0000000000000000              1.3999999999999999              1.3999999999999999
      0.097786603      0.09765625               1.0000000000000000             -2.0000000000000000              0.3999999999999999              1.0000000000000000              1.3999999999999999              1.3999999999999999
      0.097786603      0.10546875               1.0000000000000000             -2.0000000000000000              0.3999999999999999              1.0000000000000000              1.3999999999999999              1.3999999999999999
      0.097786603      0.11328125               1.0000000000000000             -2.0000000000000000              0.3999999999999999              1.0000000000000000              1.3999999999999999              1.3999999999999999
      0.097786603      0.12109375               1.0000000000000000             -2.0000000000000000              0.3999999999999999              1.0000000000000000              1.3999999999999999              1.3999999999999999
      0.097786603      0.12890625               1.0000000000000000             -2.0000000000000000              0.3999999999999999              1.0000000000000000              1.3999999999999999              1.3999999999999999
      0.097786603      0.13671875               1.0000000000000000             -2.0000000000000000              0.3999999999999999              1.0000000000000000              1.3999999999999999              1.3999999999999999
      0.097786603      0.14453125               1.0000000000000000             -2.0000000000000000              0.3999999999999999              1.0000000000000000              1.3999999999999999              1.3999999999999999
      0.097786603      0.15234375               1.0000000000000000             -2.0000000000000000              0.3999999999999999              1.0000000000000000              1.3999999999999999              1.3999999999999999
      0.097786603      0.16015625               1.0000000000000000             -2.0000000000000000              0.3999999999999999              1.0000000000000000              1.3999999999999999              1.3999999999999999
      0.097786603      0.16796875               0.9999783426256951             -1.9999837934069971              0.3999878722234104              0.9999913377452293              1.3999999999999999              1.3999999999999999
      0.097786603      0.17578125               0.9997572971999973             -1.9998183914125056              0.3998641134604095              0.9999029628998506              1.3999999999999999              1.3999999999999999
      0.097786603      0.18359375               0.9986647900667487             -1.9990009220046525              0.3992528890897281              0.9994667206176433              1.3999999999999999              1.3999999999999999
      0.097786603      0.19140625               0.9951747900629330             -1.9963881828547643              0.3973042813845439              0.9980766327476482              1.3999999999999999              1.3999999999999999
      0.097786603      0.19921875               0.9870237656529505             -1.9902719756688312              0.3927727509983533              0.9948411696513727              1.3999999999999999              1.3999999999999999
      0.097786603      0.20703125               0.9720122446735711             -1.9789410187239591              0.3844895776908975              0.9889010652844706              1.3999999999999999              1.3999999999999999
      0.097786603      0.21484375               0.9489434272225651             -1.9613301889046972              0.3719036887811265              0.9797836154196269              1.3999999999999999              1.3999999999999999
      0.097786603      0.22265625               0.9179784917249819             -1.9372680422348525              0.3552662168406961              0.9675232591046663              1.3999999999999999              1.3999999999999999
      0.097786603      0.23046875               0.8803138309646118             -1.9072787493177314              0.3354123369392530              0.9525362579266817              1.3999999999999999              1.3999999999999999
      0.097786603      0.23828125               0.8376013616930806             -1.8722211714435189              0.3134020213860292              0.9354152097858817              1.3999999999999999              1.3999999999999999
      0.097786603      0.24609375               0.7914877663654241             -1.8330003496839562              0.2902456556384966              0.9167723999428576              1.3999999999999999              1.3999999999999999
      0.097786603      0.25390625               0.7433807173573640             -1.7904150648893078              0.2667729718817778              0.8971613254582599              1.3999999999999999              1.3999999999999999
      0.097786603      0.26171875               0.6943873865474340             -1.7451081724653734              0.2436059755063666              0.8770535735016761              1.3999999999999999              1.3999999999999999
      0.097786603      0.26953125               0.6453415814622275             -1.6975708302272119              0.2211824228822915              0.8568424429630431              1.3999999999999999              1.3999999999999999
      0.097786603      0.27734375               0.5968613574756405             -1.6481671289765347              0.1997945726878884              0.8368550341946144              1.3999999999999999              1.3999999999999999
      0.097786603      0.28515625               0.5494076268716533             -1.5971622349786685              0.1796265054880742              0.8173644517408413              1.3999999999999999              1.3999999999999999
      0.097786603      0.29296875               0.5033322859427144             -1.5447474213400840              0.1607843775700289              0.7985995636505236              1.3999999999999999              1.3999999999999999
      0.097786603      0.30078125               0.4589132453475500             -1.4910603400068185              0.1433190376365898              0.7807523485623609              1.3999999999999999              1.3999999999999999
      0.097786603      0.30859375               0.4163774401577189             -1.4362008711244485              0.1272422288107314              0.7639836872678158              1.3999999999999999              1.3999999999999999
      0.097786603      0.31640625               0.3759141587157988             -1.3802434771715086              0.1125379471501925              0.7484284945175096              1.3999999999999999              1.3999999999999999
      0.097786603      0.32421875               0.3376812687144993             -1.3232470227402577              0.0991703508439075              0.7342008576714498              1.3999999999999999              1.3999999999999999
      0.097786603      0.33203125               0.3018067465079344             -1.2652628746050565              0.0870893053278387              0.7213995904292114              1.3999999999999999              1.3999999999999999
      0.097786603      0.33984375               0.2683875726712710             -1.2063419189373576              0.0762343535229018              0.7101144136829681              1.3999999999999999              1.3999999999999999
      0.097786603      0.34765625               0.2374876391409960             -1.1465409678747893              0.0665376585727113              0.7004328605625662              1.3999999999999999              1.3999999999999999
      0.097786603      0.35546875               0.2091358694963196             -1.0859288763854591              0.0579262823346360              0.6924479582835912              1.3999999999999999              1.3999999999999999
      0.097786603      0.36328125               0.1833253180495551             -1.0245925334710915              0.0503240285956002              0.6862667569734837              1.3999999999999999              1.3999999999999999
      0.097786603      0.37109375               0.1600136068986310             -0.9626427018098291              0.0436529857641793              0.6820199014674039              1.3999999999999999              1.3999999999999999
      0.097786603      0.37890625               0.1391246773897274             -0.9002194333855792              0.0378348410427112              0.6798729339857719              1.3999999999999999              1.3999999999999999
      0.097786603      0.38671875               0.1205513816794635             -0.8374964674070191              0.0327919978294161              0.6800419325886985              1.3999999999999999              1.3999999999999999
      0.097786603      0.39453125               0.1041575644184247             -0.7746836747235621              0.0284485029777160              0.6828237376843778              1.3999999999999999              1.3999999999999999
      0.097786603      0.40234375               0.0897756354001379             -0.7120264262763779              0.0247307671767768              0.6886825993085331              1.3999999999999999              1.3999999999999999
      0.097786603      0.41015625               0.0771840784334160             -0.6497887060545751              0.0215684419256317              0.6986039855434071              1.3999999999999999              1.3999999999999999
      0.097786603      0.41796875               0.0662309499880254             -0.5882216033795059              0.0189020183988709              0.7134888750006013              1.3999999999999999              1.3999999999999999
      0.097786603      0.42578125               0.0570060382611597             -0.5277636416327797              0.0166730097804962              0.7311949000960546              1.3999999999999999              1.3999999999999999
      0.097786603      0.43359375               0.0493707101812630             -0.4686142922762049              0.0148154893003838              0.7502165375983656              1.3999999999999999              1.3999999999999999
      0.097786603      0.44140625               0.0431415613748203             -0.4108585092446306              0.0132691120858458              0.7689285959403358              1.3999999999999999              1.3999999999999999
      0.097786603      0.44921875               0.0381250205872872             -0.3545209054786701              0.0119805273044969              0.7856079236119707              1.3999999999999999              1.3999999999999999
      0.097786603      0.45703125               0.0341315935422828             -0.2995519415778025              0.0109059571267290              0.7988168727910749              1.3999999999999999              1.3999999999999999
      0.097786603      0.46484375               0.0309907696020578             -0.2458282011601917              0.0100128236922890              0.8077262859926005              1.3999999999999999              1.3999999999999999
      0.097786603      0.47265625               0.0285745707125092             -0.1928739111713942              0.0092857270263772              0.8124117698741243              1.3999999999999999              1.3999999999999999
      0.097786603      0.48046875               0.0268121784657652             -0.1395637038998149              0.0087295446081735              0.8139533140993851              1.3999999999999999              1.3999999999999999
      0.097786603      0.48828125               0.0256637462063309             -0.0848216851460327              0.0083550108522839              0.8138923664058491              1.3999999999999999              1.3999999999999999
      0.097786603      0.49609375               0.0250991412432221             -0.0284984960061456              0.0081674944916227              0.8135233007053819              1.3999999999999999              1.3999999999999999
      0.097786603      0.50390625               0.0250991412432221              0.0284984960061456              0.0081674944916227              0.8135233007053819              1.3999999999999999              1.3999999999999999
      0.097786603      0.51171875               0.0256637462063309              0.0848216851460327              0.0083550108522839              0.8138923664058491              1.3999999999999999              1.3999999999999999
      0.097786603      0.51953125               0.0268121784657652              0.1395637038998149              0.0087295446081735              0.8139533140993851              1.3999999999999999              1.3999999999999999
      0.097786603      0.52734375               0.0285745707125092              0.1928739111713942              0.0092857270263772              0.8124117698741243              1.3999999999999999              1.3999999999999999
      0.097786603      0.53515625               0.0309907696020578              0.2458282011601917              0.0100128236922890              0.8077262859926005              1.3999999999999999              1.3999999999999999
      0.097786603      0.54296875               0.0341315935422828              0.2995519415778025              0.0109059571267290              0.7988168727910749              1.3999999999999999              1.3999999999999999
      0.097786603      0.55078125               0.0381250205872872              0.3545209054786701              0.0119805273044969              0.7856079236119707              1.3999999999999999              1.3999999999999999
      0.097786603      0.55859375               0.0431415613748203              0.4108585092446306              0.0132691120858458              0.7689285959403358              1.3999999999999999              1.3999999999999999
      0.097786603      0.56640625               0.0493707101812630              0.4686142922762049              0.0148154893003838              0.7502165375983656              1.3999999999999999              1.3999999999999999
      0.097786603      0.57421875               0.0570060382611597              0.5277636416327797              0.0166730097804962              0.7311949000960546              1.3999999999999999              1.3999999999999999
      0.097786603      0.58203125               0.0662309499880254              0.5882216033795059              0.0189020183988709              0.7134888750006013              1.3999999999999999              1.3999999999999999
      0.097786603      0.58984375               0.0771840784334160              0.6497887060545751              0.0215684419256317              0.6986039855434071              1.3999999999999999              1.3999999999999999
      0.097786603      0.59765625               0.0897756354001379              0.7120264262763779              0.0247307671767768              0.6886825993085331              1.3999999999999999              1.3999999999999999
      0.097786603      0.60546875               0.1041575644184247              0.7746836747235621              0.0284485029777160              0.6828237376843778              1.3999999999999999              1.3999999999999999
      0.097786603      0.61328125               0.1205513816794635              0.8374964674070191              0.0327919978294161              0.6800419325886985              1.3999999999999999              1.3999999999999999
      0.097786603      0.62109375               0.1391246773897274              0.9002194333855792              0.0378348410427112              0.6798729339857719              1.3999999999999999              1.3999999999999999
      0.097786603      0.62890625               0.1600136068986310              0.9626427018098291              0.0436529857641793              0.6820199014674039              1.3999999999999999              1.3999999999999999
      0.097786603      0.63671875               0.1833253180495551              1.0245925334710915              0.0503240285956002              0.6862667569734837              1.3999999999999999              1.3999999999999999
      0.097786603      0.64453125               0.2091358694963196              1.0859288763854591              0.0579262823346360              0.6924479582835912              1.3999999999999999              1.3999999999999999
      0.097786603      0.65234375               0.2374876391409960              1.1465409678747893              0.0665376585727113              0.7004328605625662              1.3999999999999999              1.3999999999999999
      0.097786603      0.66015625               0.2683875726712710              1.2063419189373576              0.0762343535229018              0.7101144136829681              1.3999999999999999              1.3999999999999999
      0.097786603      0.66796875               0.3018067465079344              1.2652628746050565              0.0870893053278387              0.7213995904292114              1.3999999999999999              1.3999999999999999
      0.097786603      0.67578125               0.3376812687144993              1.3232470227402577              0.0991703508439075              0.7342008576714498              1.3999999999999999              1.3999999999999999
      0.097786603      0.68359375               0.3759141587157988              1.3802434771715086              0.1125379471501925              0.7484284945175096              1.3999999999999999              1.3999999999999999
      0.097786603      0.69140625               0.4163774401577189              1.4362008711244485              0.1272422288107314              0.7639836872678158              1.3999999999999999              1.3999999999999999
      0.097786603      0.69921875               0.4589132453475500              1.4910603400068185              0.1433190376365898              0.7807523485623609              1.3999999999999999              1.3999999999999999
      0.097786603      0.70703125               0.5033322859427144              1.5447474213400840              0.1607843775700289              0.7985995636505236              1.3999999999999999              1.3999999999999999
      0.097786603      0.71484375               0.5494076268716533              1.5971622349786685              0.1796265054880742              0.8173644517408413              1.3999999999999999              1.3999999999999999
      0.097786603      0.72265625               0.5968613574756405              1.6481671289765347              0.1997945726878884              0.8368550341946144              1.3999999999999999              1.3999999999999999
      0.097786603      0.73046875               0.6453415814622275              1.6975708302272119              0.2211824228822915              0.8568424429630431              1.3999999999999999              1.3999999999999999
      0.097786603      0.73828125               0.6943873865474340              1.7451081724653734              0.2436059755063666              0.8770535735016761              1.3999999999999999              1.3999999999999999
      0.097786603      0.74609375               0.7433807173573640              1.7904150648893078              0.2667729718817778              0.8971613254582599              1.3999999999999999              1.3999999999999999
      0.097786603      0.75390625               0.7914877663654241              1.8330003496839562              0.2902456556384966              0.9167723999428576              1.3999999999999999              1.3999999999999999
      0.097786603      0.76171875               0.8376013616930806              1.8722211714435189              0.3134020213860292              0.9354152097858817              1.3999999999999999              1.3999999999999999
      0.097786603      0.76953125               0.8803138309646118              1.9072787493177314              0.3354123369392530              0.9525362579266817              1.3999999999999999              1.3999999999999999
      0.097786603      0.77734375               0.9179784917249819              1.9372680422348525              0.3552662168406961              0.9675232591046663              1.3999999999999999              1.3999999999999999
      0.097786603      0.78515625               0.9489434272225651              1.9613301889046972              0.3719036887811265              0.9797836154196269              1.3999999999999999              1.3999999999999999
      0.097786603      0.79296875               0.9720122446735711              1.9789410187239591              0.3844895776908975              0.9889010652844706              1.3999999999999999              1.3999999999999999
      0.097786603      0.80078125               0.9870237656529505              1.9902719756688312              0.3927727509983533              0.9948411696513727              1.3999999999999999              1.3999999999999999
      0.097786603      0.80859375               0.9951747900629330              1.9963881828547643              0.3973042813845439              0.9980766327476482              1.3999999999999999              1.3999999999999999
      0.097786603      0.81640625               0.9986647900667487              1.9990009220046525              0.3992528890897281              0.9994667206176433              1.3999999999999999              1.3999999999999999
      0.097786603      0.82421875               0.9997572971999973              1.9998183914125056              0.3998641134604095              0.9999029628998506              1.3999999999999999              1.3999999999999999
      0.097786603      0.83203125               0.9999783426256951              1.9999837934069971              0.3999878722234104              0.9999913377452293              1.3999999999999999              1.3999999999999999
      0.097786603      0.83984375               1.0000000000000000              2.0000000000000000              0.3999999999999999              1.0000000000000000              1.3999999999999999              1.3999999999999999
      0.097786603      0.84765625               1.0000000000000000              2.0000000000000000              0.3999999999999999              1.0000000000000000              1.3999999999999999              1.3999999999999999
      0.097786603      0.85546875               1.0000000000000000              2.0000000000000000              0.3999999999999999              1.0000000000000000              1.3999999999999999              1.3999999999999999
      0.097786603      0.86328125               1.0000000000000000              2.0000000000000000              0.3999999999999999              1.0000000000000000              1.3999999999999999              1.3999999999999999
      0.097786603      0.87109375               1.0000000000000000              2.0000000000000000              0.3999999999999999              1.0000000000000000              1.3999999999999999              1.3999999999999999
      0.097786603      0.87890625               1.0000000000000000              2.0000000000000000              0.3999999999999999              1.0000000000000000              1.3999999999999999              1.3999999999999999
      0.097786603      0.88671875               1.0000000000000000              2.0000000000000000              0.3999999999999999              1.0000000000000000              1.3999999999999999              1.3999999999999999
      0.097786603      0.89453125               1.0000000000000000              2.0000000000000000              0.3999999999999999              1.0000000000000000              1.3999999999999999              1.3999999999999999
      0.097786603      0.90234375               1.0000000000000000              2.0000000000000000              0.3999999999999999              1.0000000000000000              1.3999999999999999              1.3999999999999999
      0.097786603      0.91015625               1.0000000000000000              2.0000000000000000              0.3999999999999999              1.0000000000000000              1.3999999999999999              1.3999999999999999
      0.097786603      0.91796875               1.0000000000000000              2.0000000000000000              0.3999999999999999              1.0000000000000000              1.3999999999999999              1.3999999999999999
      0.097786603      0.92578125               1.0000000000000000              2.0000000000000000              0.3999999999999999              1.0000000000000000              1.3999999999999999              1.3999999999999999
      0.097786603      0.93359375               1.0000000000000000              2.0000000000000000              0.3999999999999999              1.0000000000000000              1.3999999999999999              1.3999999999999999
      0.097786603      0.94140625               1.0000000000000000              2.0000000000000000              0.3999999999999999              1.0000000000000000              1.3999999999999999              1.3999999999999999
      0.097786603      0.94921875               1.0000000000000000              2.0000000000000000              0.3999999999999999              1.0000000000000000              1.3999999999999999              1.3999999999999999
      0.097786603      0.95703125               1.0000000000000000              2.0000000000000000              0.3999999999999999              1.0000000000000000              1.3999999999999999              1.3999999999999999
      0.097786603      0.96484375               1.0000000000000000              2.0000000000000000              0.3999999999999999              1.0000000000000000              1.3999999999999999              1.3999999999999999
      0.097786603      0.97265625               1.0000000000000000              2.0000000000000000              0.3999999999999999              1.0000000000000000              1.3999999999999999              1.3999999999999999
      0.097786603      0.98046875               1.0000000000000000              2.0000000000000000              0.3999999999999999              1.0000000000000000              1.3999999999999999              1.3999999999999999
      0.097786603      0.98828125               1.0000000000000000              2.0000000000000000              0.3999999999999999              1.0000000000000000              1.3999999999999999              1.3999999999999999
      0.097786603      0.99609375               1.0000000000000000              2.0000000000000000              0.3999999999999999              1.0000000000000000              1.3999999999999999              1.3999999999999999
