      0.086416068      0.00390625               1.0000000000000000             -2.0000000000000000              0.3999999999999999              1.0000000000000000              1.3999999999999999              1.3999999999999999
      0.086416068      0.01171875               1.0000000000000000             -2.0000000000000000              0.3999999999999999              1.0000000000000000              1.3999999999999999              1.3999999999999999
      0.086416068      0.01953125               1.0000000000000000             -2.0000000000000000              0.3999999999999999              1.0000000000000000              1.3999999999999999              1.3999999999999999
      0.086416068      0.02734375               1.0000000000000000             -2.0000000000000000              0.3999999999999999              1.0000000000000000              1.3999999999999999              1.3999999999999999
      0.086416068      0.03515625               1.0000000000000000             -2.0000000000000000              0.3999999999999999              1.0000000000000000              1.3999999999999999              1.3999999999999999
      0.086416068      0.04296875               1.0000000000000000             -2.0000000000000000              0.3999999999999999              1.0000000000000000              1.3999999999999999              1.3999999999999999
      0.086416068      0.05078125               1.0000000000000000             -2.0000000000000000              0.3999999999999999              1.0000000000000000              1.3999999999999999              1.3999999999999999
      0.086416068      0.05859375               1.0000000000000000             -2.0000000000000000              0.3999999999999999              1.0000000000000000              1.3999999999999999              1.3999999999999999
      0.086416068      0.06640625               1.0000000000000000             -2.0000000000000000              0.3999999999999999              1.0000000000000000              1.3999999999999999              1.3999999999999999
      0.086416068      0.07421875               1.0000000000000000             -2.0000000000000000              0.3999999999999999              1.0000000000000000              1.3999999999999999              1.3999999999999999
      0.086416068      0.08203125               1.0000000000000000             -2.0000000000000000              0.3999999999999999              1.0000000000000000              1.3999999999999999              1.3999999999999999
      0.086416068      0.08984375               1.0000000000000000             -2.0000000000000000              0.3999999999999999              1.0000000000000000              1.3999999999999999              1.3999999999999999
      0.086416068      0.09765625               1.0000000000000000             -2.0000000000000000              0.3999999999999999              1.0000000000000000              1.3999999999999999              1.3999999999999999
      0.086416068      0.10546875               1.0000000000000000             -2.0000000000000000              0.3999999999999999              1.0000000000000000              1.3999999999999999              1.3999999999999999
      0.086416068      0.11328125               1.0000000000000000             -2.0000000000000000              0.3999999999999999              1.0000000000000000              1.3999999999999999              1.3999999999999999
      0.086416068      0.12109375               1.0000000000000000             -2.0000000000000000              0.3999999999999999              1.0000000000000000              1.3999999999999999              1.3999999999999999
      0.086416068      0.12890625               1.0000000000000000             -2.0000000000000000              0.3999999999999999              1.0000000000000000              1.3999999999999999              1.3999999999999999
      0.086416068      0.13671875               1.0000000000000000             -2.0000000000000000              0.3999999999999999              1.0000000000000000              1.3999999999999999              1.3999999999999999
      0.086416068      0.14453125               1.0000000000000000             -2.0000000000000000              0.3999999999999999              1.0000000000000000              1.3999999999999999              1.3999999999999999
      0.086416068      0.15234375               1.0000000000000000             -2.0000000000000000              0.3999999999999999              1.0000000000000000              1.3999999999999999              1.3999999999999999
      0.086416068      0.16015625               1.0000000000000000             -2.0000000000000000              0.3999999999999999              1.0000000000000000              1.3999999999999999              1.3999999999999999
      0.086416068      0.16796875               1.0000000000000000             -2.0000000000000000              0.3999999999999999              1.0000000000000000              1.3999999999999999              1.3999999999999999
      0.086416068      0.17578125               1.0000000000000000             -2.0000000000000000              0.3999999999999999              1.0000000000000000              1.3999999999999999              1.3999999999999999
      0.086416068      0.18359375               1.0000000000000000             -2.0000000000000000              0.3999999999999999              1.0000000000000000              1.3999999999999999              1.3999999999999999
      0.086416068      0.19140625               1.0000000000000000             -2.0000000000000000              0.3999999999999999              1.0000000000000000              1.3999999999999999              1.3999999999999999
      0.086416068      0.19921875               1.0000000000000000             -2.0000000000000000              0.3999999999999999              1.0000000000000000              1.3999999999999999              1.3999999999999999
      0.086416068      0.20703125               0.9999338994415625             -1.9999505377573152              0.3999629870305524              0.9999735663875422              1.3999999999999999              1.3999999999999999
      0.086416068      0.21484375               0.9993414049552451             -1.9995072442102177              0.3996313802607404              0.9997368724020740              1.3999999999999999              1.3999999999999999
      0.086416068      0.22265625               0.9967782734535461             -1.9975894544858117              0.3981992209900151              0.9987156411685495              1.3999999999999999              1.3999999999999999
      0.086416068      0.23046875               0.9896121266140010             -1.9922200539901300              0.3942112127506722              0.9958730348714561              1.3999999999999999              1.3999999999999999
      0.086416068      0.23828125               0.9748816008550647             -1.9811287975169796              0.3860762266468171              0.9900592705519091              1.3999999999999999              1.3999999999999999
      0.086416068      0.24609375               0.9507147070629636             -1.9627365646979313              0.3728918771160514              0.9805567178718204              1.3999999999999999              1.3999999999999999
      0.086416068      0.25390625               0.9170647040963804             -1.9366604165620107              0.3548447244472891              0.9673382992013948              1.3999999999999999              1.3999999999999999
      0.086416068      0.26171875               0.8753618018934003             -1.9035017140895398              0.3329614431313461              0.9509252128981220              1.3999999999999999              1.3999999999999999
      0.086416068      0.26953125               0.8276886489097538             -1.8643331185666749              0.3085928294581827              0.9320921274704767              1.3999999999999999              1.3999999999999999
      0.086416068      0.27734375               0.7761158149575111             -1.8202832639559419              0.2830152542415810              0.9116398892640620              1.3999999999999999              1.3999999999999999
      0.086416068      0.28515625               0.7223833788615430             -1.7723278193544405              0.2572511400093067              0.8902860570197770              1.3999999999999999              1.3999999999999999
      0.086416068      0.29296875               0.6678356788784033             -1.7212308252743944              0.2320422739055975              0.8686353591324327              1.3999999999999999              1.3999999999999999
      0.086416068      0.30078125               0.6134749872944000             -1.6675590511944882              0.2078909127269047              0.8471857737988761              1.3999999999999999              1.3999999999999999
      0.086416068      0.30859375               0.5600473398073960             -1.6117203438993144              0.1851168225776292              0.8263445311662947              1.3999999999999999              1.3999999999999999
      0.086416068      0.31640625               0.5081206909890060             -1.5540035181897502              0.1639083211708027              0.8064438433503446              1.3999999999999999              1.3999999999999999
      0.086416068      0.32421875               0.4581426005339138             -1.4946122297781788              0.1443614840307739              0.7877540959001454              1.3999999999999999              1.3999999999999999
      0.086416068      0.33203125               0.4104768921897812             -1.4336917568773886              0.1265081796833571              0.7704951368179999              1.3999999999999999              1.3999999999999999
      0.086416068      0.33984375               0.3654232777677631             -1.3713498540022291              0.1103354437283343              0.7548468477592148              1.3999999999999999              1.3999999999999999
      0.086416068      0.34765625               0.3232250699866552             -1.3076733063803971              0.0957987282954192              0.7409599160994409              1.3999999999999999              1.3999999999999999
      0.086416068      0.35546875               0.2840698199414574             -1.2427416622450786              0.0828310481247775              0.7289673375180066              1.3999999999999999              1.3999999999999999
      0.086416068      0.36328125               0.2480868562639390             -1.1766393076753681              0.0713494723071255              0.7189969007388382              1.3999999999999999              1.3999999999999999
      0.086416068      0.37109375               0.2153446437462856             -1.1094667084083396              0.0612599320308081              0.7111847660230550              1.3999999999999999              1.3999999999999999
      0.086416068      0.37890625               0.1858498068337916             -1.0413512708638479              0.0524609561291791              0.7056902159722958              1.3999999999999999              1.3999999999999999
      0.086416068      0.38671875               0.1595486762377326             -0.9724578045070401              0.0448466946298627              0.7027117944093707              1.3999999999999999              1.3999999999999999
      0.086416068      0.39453125               0.1363313180139447             -0.9029979193217200              0.0383094238471149              0.7025059319678184              1.3999999999999999              1.3999999999999999
      0.086416068      0.40234375               0.1160369716365445             -0.8332368330396368              0.0327416222369208              0.7054135801534738              1.3999999999999999              1.3999999999999999
      0.086416068      0.41015625               0.0984576033632310             -0.7634951125669323              0.0280376344423801              0.7119215145564569              1.3999999999999999              1.3999999999999999
      0.086416068      0.41796875               0.0833320264073125             -0.6941430380234810              0.0240949956197824              0.7228612053068968              1.3999999999999999              1.3999999999999999
      0.086416068      0.42578125               0.0703431152303312             -0.6255050395860280              0.0208200408826833              0.7399459355229797              1.3999999999999999              1.3999999999999999
      0.086416068      0.43359375               0.0595621990897317             -0.5580921841119002              0.0181334764019109              0.7611151317042748              1.3999999999999999              1.3999999999999999
      0.086416068      0.44140625               0.0508790507248656             -0.4922339100045032              0.0159418522092380              0.7833210320415298              1.3999999999999999              1.3999999999999999
      0.086416068      0.44921875               0.0440084629089985             -0.4279680952856936              0.0141548315716267              0.8040971347315807              1.3999999999999999              1.3999999999999999
      0.086416068      0.45703125               0.0386531721543805             -0.3651342224601323              0.0126956307953702              0.8211247672418699              1.3999999999999999              1.3999999999999999
      0.086416068      0.46484375               0.0345340783300088             -0.3033522095757781              0.0115048480911364              0.8328619618276536              1.3999999999999999              1.3999999999999999
      0.086416068      0.47265625               0.0314414257303761             -0.2414622972859181              0.0105545537994340              0.8392235366442889              1.3999999999999999              1.3999999999999999
      0.086416068      0.48046875               0.0292595899318253             -0.1770894130560174              0.0098522297799822              0.8417949297083333              1.3999999999999999              1.3999999999999999
      0.086416068      0.48828125               0.0278896332048725             -0.1086594775340015              0.0093989634986687              0.8425140830667678              1.3999999999999999              1.3999999999999999
      0.086416068      0.49609375               0.0272352282053100             -0.0366783568402121              0.0091796843312620              0.8426296506552027              1.3999999999999999              1.3999999999999999
      0.086416068      0.50390625               0.0272352282053100              0.0366783568402121              0.0091796843312620              0.8426296506552027              1.3999999999999999              1.3999999999999999
      0.086416068      0.51171875               0.0278896332048725              0.1086594775340015              0.0093989634986687              0.8425140830667678              1.3999999999999999              1.3999999999999999
      0.086416068      0.51953125               0.0292595899318253              0.1770894130560174              0.0098522297799822              0.8417949297083333              1.3999999999999999              1.3999999999999999
      0.086416068      0.52734375               0.0314414257303761              0.2414622972859181              0.0105545537994340              0.8392235366442889              1.3999999999999999              1.3999999999999999
      0.086416068      0.53515625               0.0345340783300088              0.3033522095757781              0.0115048480911364              0.8328619618276536              1.3999999999999999              1.3999999999999999
      0.086416068      0.54296875               0.0386531721543805              0.3651342224601323              0.0126956307953702              0.8211247672418699              1.3999999999999999              1.3999999999999999
      0.086416068      0.55078125               0.0440084629089985              0.4279680952856936              0.0141548315716267              0.8040971347315807              1.3999999999999999              1.3999999999999999
      0.086416068      0.55859375               0.0508790507248656              0.4922339100045032              0.0159418522092380              0.7833210320415298              1.3999999999999999              1.3999999999999999
      0.086416068      0.56640625               0.0595621990897317              0.5580921841119002              0.0181334764019109              0.7611151317042748              1.3999999999999999              1.3999999999999999
      0.086416068      0.57421875               0.0703431152303312              0.6255050395860280              0.0208200408826833              0.7399459355229797              1.3999999999999999              1.3999999999999999
      0.086416068      0.58203125               0.0833320264073125              0.6941430380234810              0.0240949956197824              0.7228612053068968              1.3999999999999999              1.3999999999999999
      0.086416068      0.58984375               0.0984576033632310              0.7634951125669323              0.0280376344423801              0.7119215145564569              1.3999999999999999              1.3999999999999999
      0.086416068      0.59765625               0.1160369716365445              0.8332368330396368              0.0327416222369208              0.7054135801534738              1.3999999999999999              1.3999999999999999
      0.086416068      0.60546875               0.1363313180139447              0.9029979193217200              0.0383094238471149              0.7025059319678184              1.3999999999999999              1.3999999999999999
      0.086416068      0.61328125               0.1595486762377326              0.9724578045070401              0.0448466946298627              0.7027117944093707              1.3999999999999999              1.3999999999999999
      0.086416068      0.62109375               0.1858498068337916              1.0413512708638479              0.0524609561291791              0.7056902159722958              1.3999999999999999              1.3999999999999999
      0.086416068      0.62890625               0.2153446437462856              1.1094667084083396              0.0612599320308081              0.7111847660230550              1.3999999999999999              1.3999999999999999
      0.086416068      0.63671875               0.2480868562639390              1.1766393076753681              0.0713494723071255              0.7189969007388382              1.3999999999999999              1.3999999999999999
      0.086416068      0.64453125               0.2840698199414574              1.2427416622450786              0.0828310481247775              0.7289673375180066              1.3999999999999999              1.3999999999999999
      0.086416068      0.65234375               0.3232250699866552              1.3076733063803971              0.0957987282954192              0.7409599160994409              1.3999999999999999              1.3999999999999999
      0.086416068      0.66015625               0.3654232777677631              1.3713498540022291              0.1103354437283343              0.7548468477592148              1.3999999999999999              1.3999999999999999
      0.086416068      0.66796875               0.4104768921897812              1.4336917568773886              0.1265081796833571              0.7704951368179999              1.3999999999999999              1.3999999999999999
      0.086416068      0.67578125               0.4581426005339138              1.4946122297781788              0.1443614840307739              0.7877540959001454              1.3999999999999999              1.3999999999999999
      0.086416068      0.68359375               0.5081206909890060              1.5540035181897502              0.1639083211708027              0.8064438433503446              1.3999999999999999              1.3999999999999999
      0.086416068      0.69140625               0.5600473398073960              1.6117203438993144              0.1851168225776292              0.8263445311662947              1.3999999999999999              1.3999999999999999
      0.086416068      0.69921875               0.6134749872944000              1.6675590511944882              0.2078909127269047              0.8471857737988761              1.3999999999999999              1.3999999999999999
      0.086416068      0.70703125               0.6678356788784033              1.7212308252743944              0.2320422739055975              0.8686353591324327              1.3999999999999999              1.3999999999999999
      0.086416068      0.71484375               0.7223833788615430              1.7723278193544405              0.2572511400093067              0.8902860570197770              1.3999999999999999              1.3999999999999999
      0.086416068      0.72265625               0.7761158149575111              1.8202832639559419              0.2830152542415810              0.9116398892640620              1.3999999999999999              1.3999999999999999
      0.086416068      0.73046875               0.8276886489097538              1.8643331185666749              0.3085928294581827              0.9320921274704767              1.3999999999999999              1.3999999999999999
      0.086416068      0.73828125               0.8753618018934003              1.9035017140895398              0.3329614431313461              0.9509252128981220              1.3999999999999999              1.3999999999999999
      0.086416068      0.74609375               0.9170647040963804              1.9366604165620107              0.3548447244472891              0.9673382992013948              1.3999999999999999              1.3999999999999999
      0.086416068      0.75390625               0.9507147070629636              1.9627365646979313              0.3728918771160514              0.9805567178718204              1.3999999999999999              1.3999999999999999
      0.086416068      0.76171875               0.9748816008550647              1.9811287975169796              0.3860762266468171              0.9900592705519091              1.3999999999999999              1.3999999999999999
      0.086416068      0.76953125               0.9896121266140010              1.9922200539901300              0.3942112127506722              0.9958730348714561              1.3999999999999999              1.3999999999999999
      0.086416068      0.77734375               0.9967782734535461              1.9975894544858117              0.3981992209900151              0.9987156411685495              1.3999999999999999              1.3999999999999999
      0.086416068      0.78515625               0.9993414049552451              1.9995072442102177              0.3996313802607404              0.9997368724020740              1.3999999999999999              1.3999999999999999
      0.086416068      0.79296875               0.9999338994415625              1.9999505377573152              0.3999629870305524              0.9999735663875422              1.3999999999999999              1.3999999999999999
      0.086416068      0.80078125               1.0000000000000000              2.0000000000000000              0.3999999999999999              1.0000000000000000              1.3999999999999999              1.3999999999999999
      0.086416068      0.80859375               1.0000000000000000              2.0000000000000000              0.3999999999999999              1.0000000000000000              1.3999999999999999              1.3999999999999999
      0.086416068      0.81640625               1.0000000000000000              2.0000000000000000              0.3999999999999999              1.0000000000000000              1.3999999999999999              1.3999999999999999
      0.086416068      0.82421875               1.0000000000000000              2.0000000000000000              0.3999999999999999              1.0000000000000000              1.3999999999999999              1.3999999999999999
      0.086416068      0.83203125               1.0000000000000000              2.0000000000000000              0.3999999999999999              1.0000000000000000              1.3999999999999999              1.3999999999999999
      0.086416068      0.83984375               1.0000000000000000              2.0000000000000000              0.3999999999999999              1.0000000000000000              1.3999999999999999              1.3999999999999999
      0.086416068      0.84765625               1.0000000000000000              2.0000000000000000              0.3999999999999999              1.0000000000000000              1.3999999999999999              1.3999999999999999
      0.086416068      0.85546875               1.0000000000000000              2.0000000000000000              0.3999999999999999              1.0000000000000000              1.3999999999999999              1.3999999999999999
      0.086416068      0.86328125               1.0000000000000000              2.0000000000000000              0.3999999999999999              1.0000000000000000              1.3999999999999999              1.3999999999999999
      0.086416068      0.87109375               1.0000000000000000              2.0000000000000000              0.3999999999999999              1.0000000000000000              1.3999999999999999              1.3999999999999999
      0.086416068      0.87890625               1.0000000000000000              2.0000000000000000              0.3999999999999999              1.0000000000000000              1.3999999999999999              1.3999999999999999
      0.086416068      0.88671875               1.0000000000000000              2.0000000000000000              0.3999999999999999              1.0000000000000000              1.3999999999999999              1.3999999999999999
      0.086416068      0.89453125               1.0000000000000000              2.0000000000000000              0.3999999999999999              1.0000000000000000              1.3999999999999999              1.3999999999999999
      0.086416068      0.90234375               1.0000000000000000              2.0000000000000000              0.3999999999999999              1.0000000000000000              1.3999999999999999              1.3999999999999999
      0.086416068      0.91015625               1.0000000000000000              2.0000000000000000              0.3999999999999999              1.0000000000000000              1.3999999999999999              1.3999999999999999
      0.086416068      0.91796875               1.0000000000000000              2.0000000000000000              0.3999999999999999              1.0000000000000000              1.3999999999999999              1.3999999999999999
      0.086416068      0.92578125               1.0000000000000000              2.0000000000000000              0.3999999999999999              1.0000000000000000              1.3999999999999999              1.3999999999999999
      0.086416068      0.93359375               1.0000000000000000              2.0000000000000000              0.3999999999999999              1.0000000000000000              1.3999999999999999              1.3999999999999999
      0.086416068      0.94140625               1.0000000000000000              2.0000000000000000              0.3999999999999999              1.0000000000000000              1.3999999999999999              1.3999999999999999
      0.086416068      0.94921875               1.0000000000000000              2.0000000000000000              0.3999999999999999              1.0000000000000000              1.3999999999999999              1.3999999999999999
      0.086416068      0.95703125               1.0000000000000000              2.0000000000000000              0.3999999999999999              1.0000000000000000              1.3999999999999999              1.3999999999999999
      0.086416068      0.96484375               1.0000000000000000              2.0000000000000000              0.3999999999999999              1.0000000000000000              1.3999999999999999              1.3999999999999999
      0.086416068      0.97265625               1.0000000000000000              2.0000000000000000              0.3999999999999999              1.0000000000000000              1.3999999999999999              1.3999999999999999
      0.086416068      0.98046875               1.0000000000000000              2.0000000000000000              0.3999999999999999              1.0000000000000000              1.3999999999999999              1.3999999999999999
      0.086416068      0.98828125               1.0000000000000000              2.0000000000000000              0.3999999999999999              1.0000000000000000              1.3999999999999999              1.3999999999999999
      0.086416068      0.99609375               1.0000000000000000              2.0000000000000000              0.3999999999999999              1.0000000000000000              1.3999999999999999              1.3999999999999999
