      0.143268744      0.00390625               1.0000000000000000             -2.0000000000000000              0.3999999999999999              1.0000000000000000              1.3999999999999999              1.3999999999999999
      0.143268744      0.01171875               0.9999997503209402             -1.9999998131573391              0.3999998601797723              0.9999999001284658              1.3999999999999999              1.3999999999999999
      0.143268744      0.01953125               0.9999959548404367             -1.9999969728847671              0.3999977347190075              0.9999983819505370              1.3999999999999999              1.3999999999999999
      0.143268744      0.02734375               0.9999676980368545             -1.9999758275733759              0.3999819113164141              0.9999870798368343              1.3999999999999999              1.3999999999999999
      0.143268744      0.03515625               0.9998304748114649             -1.9998731400988770              0.3999050753304177              0.9999322020211143              1.3999999999999999              1.3999999999999999
      0.143268744      0.04296875               0.9993418780612670             -1.9995074923880809              0.3996315730878147              0.9997368814942089              1.3999999999999999              1.3999999999999999
      0.143268744      0.05078125               0.9979815144427810             -1.9984891528651878              0.3988706480216834              0.9991934776577280              1.3999999999999999              1.3999999999999999
      0.143268744      0.05859375               0.9948920984220829             -1.9961742969925378              0.3971453021087445              0.9979607405130273              1.3999999999999999              1.3999999999999999
      0.143268744      0.06640625               0.9889834883332103             -1.9917368601956069              0.3938550179717793              0.9956056461457347              1.3999999999999999              1.3999999999999999
      0.143268744      0.07421875               0.9792050080319984             -1.9843596097159881              0.3884348492306328              0.9917097187117829              1.3999999999999999              1.3999999999999999
      0.143268744      0.08203125               0.9648517860684535             -1.9734476309423550              0.3805318244357267              0.9859851790975726              1.3999999999999999              1.3999999999999999
      0.143268744      0.08984375               0.9457369165670352             -1.9587488052517010              0.3700998390179288              0.9783371901177543              1.3999999999999999              1.3999999999999999
      0.143268744      0.09765625               0.9221670067560549             -1.9403423697911910              0.3573775478716634              0.9688525648104276              1.3999999999999999              1.3999999999999999
      0.143268744      0.10546875               0.8947845733120839             -1.9185402037466250              0.3427890379760765              0.9577418079170388              1.3999999999999999              1.3999999999999999
      0.143268744      0.11328125               0.8643818383916856             -1.8937692228104166              0.3268307781923405              0.9452731526626563              1.3999999999999999              1.3999999999999999
      0.143268744      0.12109375               0.8317556265264541             -1.8664788755279431              0.3099861362434703              0.9317223904394329              1.3999999999999999              1.3999999999999999
      0.143268744      0.12890625               0.7976227652418224             -1.8370856919027612              0.2926778138532761              0.9173440961296486              1.3999999999999999              1.3999999999999999
      0.143268744      0.13671875               0.7625853903714541             -1.8059484572346025              0.2752505895958909              0.9023598965809484              1.3999999999999999              1.3999999999999999
      0.143268744      0.14453125               0.7271274452890135             -1.7733627570820438              0.2579723505617054              0.8869571360326263              1.3999999999999999              1.3999999999999999
      0.143268744      0.15234375               0.6916267189329348             -1.7395654792771396              0.2410436927211142              0.8712925850124928              1.3999999999999999              1.3999999999999999
      0.143268744      0.16015625               0.6563724778122214             -1.7047432435233887              0.2246100975723058              0.8554978505534000              1.3999999999999999              1.3999999999999999
      0.143268744      0.16796875               0.6215834397081922             -1.6690415136089587              0.2087736512576213              0.8396847386878261              1.3999999999999999              1.3999999999999999
      0.143268744      0.17578125               0.5874237925179556             -1.6325729202042387              0.1936030902773724              0.8239498158880525              1.3999999999999999              1.3999999999999999
      0.143268744      0.18359375               0.5540165439895059             -1.5954242926291102              0.1791419047645659              0.8083779568862441              1.3999999999999999              1.3999999999999999
      0.143268744      0.19140625               0.5214542208151193             -1.5576623653876780              0.1654146499454670              0.7930449277354422              1.3999999999999999              1.3999999999999999
      0.143268744      0.19921875               0.4898072140630481             -1.5193383164870917              0.1524317592508282              0.7780191617962122              1.3999999999999999              1.3999999999999999
      0.143268744      0.20703125               0.4591301324168975             -1.4804913489054230              0.1401931670325152              0.7633629179080843              1.3999999999999999              1.3999999999999999
      0.143268744      0.21484375               0.4294665035734543             -1.4411515203230143              0.1286910128948246              0.7491330046931926              1.3999999999999999              1.3999999999999999
      0.143268744      0.22265625               0.4008521189540297             -1.4013419977499268              0.1179116502156881              0.7353812331300813              1.3999999999999999              1.3999999999999999
      0.143268744      0.23046875               0.3733172731378852             -1.3610808807081503              0.1078371340378744              0.7221547313593276              1.3999999999999999              1.3999999999999999
      0.143268744      0.23828125               0.3468881148736224             -1.3203827064349405              0.0984463233882368              0.7094962263560298              1.3999999999999999              1.3999999999999999
      0.143268744      0.24609375               0.3215873010278927             -1.2792597254573368              0.0897157009665545              0.6974443695366337              1.3999999999999999              1.3999999999999999
      0.143268744      0.25390625               0.2974341254461035             -1.2377230159490442              0.0816199880782279              0.6860341592933481              1.3999999999999999              1.3999999999999999
      0.143268744      0.26171875               0.2744442781244506             -1.1957834897681323              0.0741326132896213              0.6752974938687265              1.3999999999999999              1.3999999999999999
      0.143268744      0.26953125               0.2526293737255640             -1.1534528309847085              0.0672260782739023              0.6652638733424884              1.3999999999999999              1.3999999999999999
      0.143268744      0.27734375               0.2319963707469177             -1.1107443980296547              0.0608722526523192              0.6559612598285433              1.3999999999999999              1.3999999999999999
      0.143268744      0.28515625               0.2125469830036391             -1.0676741123826943              0.0550426205463378              0.6474171000747099              1.3999999999999999              1.3999999999999999
      0.143268744      0.29296875               0.1942771637084936             -1.0242613491019465              0.0497084944832125              0.6396595144578913              1.3999999999999999              1.3999999999999999
      0.143268744      0.30078125               0.1771767199281072             -0.9805298366889389              0.0448412068464236              0.6327186616929519              1.3999999999999999              1.3999999999999999
      0.143268744      0.30859375               0.1612290921142995             -0.9365085651047436              0.0404122849483282              0.6266283029070044              1.3999999999999999              1.3999999999999999
      0.143268744      0.31640625               0.1464113094694949             -0.8922326907196013              0.0363936128076589              0.6214276229672276              1.3999999999999999              1.3999999999999999
      0.143268744      0.32421875               0.1326941043635613             -0.8477444157205316              0.0327575806712001              0.6171634532731268              1.3999999999999999              1.3999999999999999
      0.143268744      0.33203125               0.1200421279483647             -0.8030938080578314              0.0294772220364833              0.6138932752250681              1.3999999999999999              1.3999999999999999
      0.143268744      0.33984375               0.1084141222762631             -0.7583395187027254              0.0265263370596273              0.6116900755796452              1.3999999999999999              1.3999999999999999
      0.143268744      0.34765625               0.0977626652931124             -0.7135493562100019              0.0238796002152494              0.6106523421710495              1.3999999999999999              1.3999999999999999
      0.143268744      0.35546875               0.0880322844602092             -0.6688006821772321              0.0215126437495981              0.6109305205899167              1.3999999999999999              1.3999999999999999
      0.143268744      0.36328125               0.0791523726140342             -0.6241808686078280              0.0194021139129402              0.6128089807095721              1.3999999999999999              1.3999999999999999
      0.143268744      0.37109375               0.0710257469709059             -0.5797581543000077              0.0175271656672409              0.6169300012578711              1.3999999999999999              1.3999999999999999
      0.143268744      0.37890625               0.0636675171355647             -0.5356793658510490              0.0158699723280064              0.6231581284305117              1.3999999999999999              1.3999999999999999
      0.143268744      0.38671875               0.0570809527471727             -0.4920955098216909              0.0144098004175571              0.6311124693985972              1.3999999999999999              1.3999999999999999
      0.143268744      0.39453125               0.0512211180703857             -0.4491060055068220              0.0131263660503675              0.6406715894179570              1.3999999999999999              1.3999999999999999
      0.143268744      0.40234375               0.0460435803937292             -0.4068113202403867              0.0120010363188798              0.6516128967521734              1.3999999999999999              1.3999999999999999
      0.143268744      0.41015625               0.0415026569825824             -0.3653229038241539              0.0110164636124129              0.6635999001844780              1.3999999999999999              1.3999999999999999
      0.143268744      0.41796875               0.0375514456524272             -0.3247596048352279              0.0101569072439026              0.6761994822991630              1.3999999999999999              1.3999999999999999
      0.143268744      0.42578125               0.0341422057419405             -0.2852569250365048              0.0094083353750723              0.6889079930998008              1.3999999999999999              1.3999999999999999
      0.143268744      0.43359375               0.0312272245781786             -0.2469781548320915              0.0087585780708074              0.7011972877128415              1.3999999999999999              1.3999999999999999
      0.143268744      0.44140625               0.0287602417683490             -0.2101234558484202              0.0081974977178581              0.7125720451070323              1.3999999999999999              1.3999999999999999
      0.143268744      0.44921875               0.0266978560525683             -0.1749370143386356              0.0077170283719527              0.7226262248135013              1.3999999999999999              1.3999999999999999
      0.143268744      0.45703125               0.0250008355310808             -0.1417030208487383              0.0073111125374387              0.7310868199134354              1.3999999999999999              1.3999999999999999
      0.143268744      0.46484375               0.0236351124234850             -0.1107196564055010              0.0069755118023521              0.7378335754625870              1.3999999999999999              1.3999999999999999
      0.143268744      0.47265625               0.0225725524517170             -0.0822316878660870              0.0067075817493952              0.7428913681497459              1.3999999999999999              1.3999999999999999
      0.143268744      0.48046875               0.0217916595284993             -0.0563071573701354              0.0065061166672057              0.7463998621464467              1.3999999999999999              1.3999999999999999
      0.143268744      0.48828125               0.0212778404782273             -0.0326880728047657              0.0063711244314658              0.7485633278885989              1.3999999999999999              1.3999999999999999
      0.143268744      0.49609375               0.0210227240885996             -0.0106988385055879              0.0063033074277908              0.7495826184591693              1.3999999999999999              1.3999999999999999
      0.143268744      0.50390625               0.0210227240885996              0.0106988385055879              0.0063033074277908              0.7495826184591693              1.3999999999999999              1.3999999999999999
      0.143268744      0.51171875               0.0212778404782273              0.0326880728047657              0.0063711244314658              0.7485633278885989              1.3999999999999999              1.3999999999999999
      0.143268744      0.51953125               0.0217916595284993              0.0563071573701354              0.0065061166672057              0.7463998621464467              1.3999999999999999              1.3999999999999999
      0.143268744      0.52734375               0.0225725524517170              0.0822316878660870              0.0067075817493952              0.7428913681497459              1.3999999999999999              1.3999999999999999
      0.143268744      0.53515625               0.0236351124234850              0.1107196564055010              0.0069755118023521              0.7378335754625870              1.3999999999999999              1.3999999999999999
      0.143268744      0.54296875               0.0250008355310808              0.1417030208487383              0.0073111125374387              0.7310868199134354              1.3999999999999999              1.3999999999999999
      0.143268744      0.55078125               0.0266978560525683              0.1749370143386356              0.0077170283719527              0.7226262248135013              1.3999999999999999              1.3999999999999999
      0.143268744      0.55859375               0.0287602417683490              0.2101234558484202              0.0081974977178581              0.7125720451070323              1.3999999999999999              1.3999999999999999
      0.143268744      0.56640625               0.0312272245781786              0.2469781548320915              0.0087585780708074              0.7011972877128415              1.3999999999999999              1.3999999999999999
      0.143268744      0.57421875               0.0341422057419405              0.2852569250365048              0.0094083353750723              0.6889079930998008              1.3999999999999999              1.3999999999999999
      0.143268744      0.58203125               0.0375514456524272              0.3247596048352279              0.0101569072439026              0.6761994822991630              1.3999999999999999              1.3999999999999999
      0.143268744      0.58984375               0.0415026569825824              0.3653229038241539              0.0110164636124129              0.6635999001844780              1.3999999999999999              1.3999999999999999
      0.143268744      0.59765625               0.0460435803937292              0.4068113202403867              0.0120010363188798              0.6516128967521734              1.3999999999999999              1.3999999999999999
      0.143268744      0.60546875               0.0512211180703857              0.4491060055068220              0.0131263660503675              0.6406715894179570              1.3999999999999999              1.3999999999999999
      0.143268744      0.61328125               0.0570809527471727              0.4920955098216909              0.0144098004175571              0.6311124693985972              1.3999999999999999              1.3999999999999999
      0.143268744      0.62109375               0.0636675171355647              0.5356793658510490              0.0158699723280064              0.6231581284305117              1.3999999999999999              1.3999999999999999
      0.143268744      0.62890625               0.0710257469709059              0.5797581543000077              0.0175271656672409              0.6169300012578711              1.3999999999999999              1.3999999999999999
      0.143268744      0.63671875               0.0791523726140342              0.6241808686078280              0.0194021139129402              0.6128089807095721              1.3999999999999999              1.3999999999999999
      0.143268744      0.64453125               0.0880322844602092              0.6688006821772321              0.0215126437495981              0.6109305205899167              1.3999999999999999              1.3999999999999999
      0.143268744      0.65234375               0.0977626652931124              0.7135493562100019              0.0238796002152494              0.6106523421710495              1.3999999999999999              1.3999999999999999
      0.143268744      0.66015625               0.1084141222762631              0.7583395187027254              0.0265263370596273              0.6116900755796452              1.3999999999999999              1.3999999999999999
      0.143268744      0.66796875               0.1200421279483647              0.8030938080578314              0.0294772220364833              0.6138932752250681              1.3999999999999999              1.3999999999999999
      0.143268744      0.67578125               0.1326941043635613              0.8477444157205316              0.0327575806712001              0.6171634532731268              1.3999999999999999              1.3999999999999999
      0.143268744      0.68359375               0.1464113094694949              0.8922326907196013              0.0363936128076589              0.6214276229672276              1.3999999999999999              1.3999999999999999
      0.143268744      0.69140625               0.1612290921142995              0.9365085651047436              0.0404122849483282              0.6266283029070044              1.3999999999999999              1.3999999999999999
      0.143268744      0.69921875               0.1771767199281072              0.9805298366889389              0.0448412068464236              0.6327186616929519              1.3999999999999999              1.3999999999999999
      0.143268744      0.70703125               0.1942771637084936              1.0242613491019465              0.0497084944832125              0.6396595144578913              1.3999999999999999              1.3999999999999999
      0.143268744      0.71484375               0.2125469830036391              1.0676741123826943              0.0550426205463378              0.6474171000747099              1.3999999999999999              1.3999999999999999
      0.143268744      0.72265625               0.2319963707469177              1.1107443980296547              0.0608722526523192              0.6559612598285433              1.3999999999999999              1.3999999999999999
      0.143268744      0.73046875               0.2526293737255640              1.1534528309847085              0.0672260782739023              0.6652638733424884              1.3999999999999999              1.3999999999999999
      0.143268744      0.73828125               0.2744442781244506              1.1957834897681323              0.0741326132896213              0.6752974938687265              1.3999999999999999              1.3999999999999999
      0.143268744      0.74609375               0.2974341254461035              1.2377230159490442              0.0816199880782279              0.6860341592933481              1.3999999999999999              1.3999999999999999
      0.143268744      0.75390625               0.3215873010278927              1.2792597254573368              0.0897157009665545              0.6974443695366337              1.3999999999999999              1.3999999999999999
      0.143268744      0.76171875               0.3468881148736224              1.3203827064349405              0.0984463233882368              0.7094962263560298              1.3999999999999999              1.3999999999999999
      0.143268744      0.76953125               0.3733172731378852              1.3610808807081503              0.1078371340378744              0.7221547313593276              1.3999999999999999              1.3999999999999999
      0.143268744      0.77734375               0.4008521189540297              1.4013419977499268              0.1179116502156881              0.7353812331300813              1.3999999999999999              1.3999999999999999
      0.143268744      0.78515625               0.4294665035734543              1.4411515203230143              0.1286910128948246              0.7491330046931926              1.3999999999999999              1.3999999999999999
      0.143268744      0.79296875               0.4591301324168975              1.4804913489054230              0.1401931670325152              0.7633629179080843              1.3999999999999999              1.3999999999999999
      0.143268744      0.80078125               0.4898072140630481              1.5193383164870917              0.1524317592508282              0.7780191617962122              1.3999999999999999              1.3999999999999999
      0.143268744      0.80859375               0.5214542208151193              1.5576623653876780              0.1654146499454670              0.7930449277354422              1.3999999999999999              1.3999999999999999
      0.143268744      0.81640625               0.5540165439895059              1.5954242926291102              0.1791419047645659              0.8083779568862441              1.3999999999999999              1.3999999999999999
      0.143268744      0.82421875               0.5874237925179556              1.6325729202042387              0.1936030902773724              0.8239498158880525              1.3999999999999999              1.3999999999999999
      0.143268744      0.83203125               0.6215834397081922              1.6690415136089587              0.2087736512576213              0.8396847386878261              1.3999999999999999              1.3999999999999999
      0.143268744      0.83984375               0.6563724778122214              1.7047432435233887              0.2246100975723058              0.8554978505534000              1.3999999999999999              1.3999999999999999
      0.143268744      0.84765625               0.6916267189329348              1.7395654792771396              0.2410436927211142              0.8712925850124928              1.3999999999999999              1.3999999999999999
      0.143268744      0.85546875               0.7271274452890135              1.7733627570820438              0.2579723505617054              0.8869571360326263              1.3999999999999999              1.3999999999999999
      0.143268744      0.86328125               0.7625853903714541              1.8059484572346025              0.2752505895958909              0.9023598965809484              1.3999999999999999              1.3999999999999999
      0.143268744      0.87109375               0.7976227652418224              1.8370856919027612              0.2926778138532761              0.9173440961296486              1.3999999999999999              1.3999999999999999
      0.143268744      0.87890625               0.8317556265264541              1.8664788755279431              0.3099861362434703              0.9317223904394329              1.3999999999999999              1.3999999999999999
      0.143268744      0.88671875               0.8643818383916856              1.8937692228104166              0.3268307781923405              0.9452731526626563              1.3999999999999999              1.3999999999999999
      0.143268744      0.89453125               0.8947845733120839              1.9185402037466250              0.3427890379760765              0.9577418079170388              1.3999999999999999              1.3999999999999999
      0.143268744      0.90234375               0.9221670067560549              1.9403423697911910              0.3573775478716634              0.9688525648104276              1.3999999999999999              1.3999999999999999
      0.143268744      0.91015625               0.9457369165670352              1.9587488052517010              0.3700998390179288              0.9783371901177543              1.3999999999999999              1.3999999999999999
      0.143268744      0.91796875               0.9648517860684535              1.9734476309423550              0.3805318244357267              0.9859851790975726              1.3999999999999999              1.3999999999999999
      0.143268744      0.92578125               0.9792050080319984              1.9843596097159881              0.3884348492306328              0.9917097187117829              1.3999999999999999              1.3999999999999999
      0.143268744      0.93359375               0.9889834883332103              1.9917368601956069              0.3938550179717793              0.9956056461457347              1.3999999999999999              1.3999999999999999
      0.143268744      0.94140625               0.9948920984220829              1.9961742969925378              0.3971453021087445              0.9979607405130273              1.3999999999999999              1.3999999999999999
      0.143268744      0.94921875               0.9979815144427810              1.9984891528651878              0.3988706480216834              0.9991934776577280              1.3999999999999999              1.3999999999999999
      0.143268744      0.95703125               0.9993418780612670              1.9995074923880809              0.3996315730878147              0.9997368814942089              1.3999999999999999              1.3999999999999999
      0.143268744      0.96484375               0.9998304748114649              1.9998731400988770              0.3999050753304177              0.9999322020211143              1.3999999999999999              1.3999999999999999
      0.143268744      0.97265625               0.9999676980368545              1.9999758275733759              0.3999819113164141              0.9999870798368343              1.3999999999999999              1.3999999999999999
      0.143268744      0.98046875               0.9999959548404367              1.9999969728847671              0.3999977347190075              0.9999983819505370              1.3999999999999999              1.3999999999999999
      0.143268744      0.98828125               0.9999997503209402              1.9999998131573391              0.3999998601797723              0.9999999001284658              1.3999999999999999              1.3999999999999999
      0.143268744      0.99609375               1.0000000000000000              2.0000000000000000              0.3999999999999999              1.0000000000000000              1.3999999999999999              1.3999999999999999
