      0.093238389      0.00390625               1.0000000000000000             -2.0000000000000000              0.3999999999999999              1.0000000000000000              1.3999999999999999              1.3999999999999999
      0.093238389      0.01171875               1.0000000000000000             -2.0000000000000000              0.3999999999999999              1.0000000000000000              1.3999999999999999              1.3999999999999999
      0.093238389      0.01953125               1.0000000000000000             -2.0000000000000000              0.3999999999999999              1.0000000000000000              1.3999999999999999              1.3999999999999999
      0.093238389      0.02734375               1.0000000000000000             -2.0000000000000000              0.3999999999999999              1.0000000000000000              1.3999999999999999              1.3999999999999999
      0.093238389      0.03515625               1.0000000000000000             -2.0000000000000000              0.3999999999999999              1.0000000000000000              1.3999999999999999              1.3999999999999999
      0.093238389      0.04296875               1.0000000000000000             -2.0000000000000000              0.3999999999999999              1.0000000000000000              1.3999999999999999              1.3999999999999999
      0.093238389      0.05078125               1.0000000000000000             -2.0000000000000000              0.3999999999999999              1.0000000000000000              1.3999999999999999              1.3999999999999999
      0.093238389      0.05859375               1.0000000000000000             -2.0000000000000000              0.3999999999999999              1.0000000000000000              1.3999999999999999              1.3999999999999999
      0.093238389      0.06640625               1.0000000000000000             -2.0000000000000000              0.3999999999999999              1.0000000000000000              1.3999999999999999              1.3999999999999999
      0.093238389      0.07421875               1.0000000000000000             -2.0000000000000000              0.3999999999999999              1.0000000000000000              1.3999999999999999              1.3999999999999999
      0.093238389      0.08203125               1.0000000000000000             -2.0000000000000000              0.3999999999999999              1.0000000000000000              1.3999999999999999              1.3999999999999999
      0.093238389      0.08984375               1.0000000000000000             -2.0000000000000000              0.3999999999999999              1.0000000000000000              1.3999999999999999              1.3999999999999999
      0.093238389      0.09765625               1.0000000000000000             -2.0000000000000000              0.3999999999999999              1.0000000000000000              1.3999999999999999              1.3999999999999999
      0.093238389      0.10546875               1.0000000000000000             -2.0000000000000000              0.3999999999999999              1.0000000000000000              1.3999999999999999              1.3999999999999999
      0.093238389      0.11328125               1.0000000000000000             -2.0000000000000000              0.3999999999999999              1.0000000000000000              1.3999999999999999              1.3999999999999999
      0.093238389      0.12109375               1.0000000000000000             -2.0000000000000000              0.3999999999999999              1.0000000000000000              1.3999999999999999              1.3999999999999999
      0.093238389      0.12890625               1.0000000000000000             -2.0000000000000000              0.3999999999999999              1.0000000000000000              1.3999999999999999              1.3999999999999999
      0.093238389      0.13671875               1.0000000000000000             -2.0000000000000000              0.3999999999999999              1.0000000000000000              1.3999999999999999              1.3999999999999999
      0.093238389      0.14453125               1.0000000000000000             -2.0000000000000000              0.3999999999999999              1.0000000000000000              1.3999999999999999              1.3999999999999999
      0.093238389      0.15234375               1.0000000000000000             -2.0000000000000000              0.3999999999999999              1.0000000000000000              1.3999999999999999              1.3999999999999999
      0.093238389      0.16015625               1.0000000000000000             -2.0000000000000000              0.3999999999999999              1.0000000000000000              1.3999999999999999              1.3999999999999999
      0.093238389      0.16796875               1.0000000000000000             -2.0000000000000000              0.3999999999999999              1.0000000000000000              1.3999999999999999              1.3999999999999999
      0.093238389      0.17578125               1.0000000000000000             -2.0000000000000000              0.3999999999999999              1.0000000000000000              1.3999999999999999              1.3999999999999999
      0.093238389      0.18359375               0.9999661593052919             -1.9999746766867013              0.3999810500778397              0.9999864654312886              1.3999999999999999              1.3999999999999999
      0.093238389      0.19140625               0.9996376127438810             -1.9997288434092788              0.3997971226995998              0.9998551415102480              1.3999999999999999              1.3999999999999999
      0.093238389      0.19921875               0.9980951380398694             -1.9985747072575062              0.3989344911434813              0.9992396414407385              1.3999999999999999              1.3999999999999999
      0.093238389      0.20703125               0.9934161999349469             -1.9950710221953438              0.3963247750914174              0.9973784782183202              1.3999999999999999              1.3999999999999999
      0.093238389      0.21484375               0.9830226365590486             -1.9872636309012615              0.3905591368048148              0.9932607914603058              1.3999999999999999              1.3999999999999999
      0.093238389      0.22265625               0.9647429845696310             -1.9734280443774823              0.3805111976895718              0.9860429248400205              1.3999999999999999              1.3999999999999999
      0.093238389      0.23046875               0.9377524054705104             -1.9527164867387607              0.3658720459941021              0.9753961809634830              1.3999999999999999              1.3999999999999999
      0.093238389      0.23828125               0.9026943354017227             -1.9252506934367262              0.3471898168206504              0.9615375969600547              1.3999999999999999              1.3999999999999999
      0.093238389      0.24609375               0.8611408011119265             -1.8917865326670553              0.3255213551501688              0.9450294154273248              1.3999999999999999              1.3999999999999999
      0.093238389      0.25390625               0.8149441350276037             -1.8533105957851348              0.3020356967724993              0.9265533789082021              1.3999999999999999              1.3999999999999999
      0.093238389      0.26171875               0.7658128919486799             -1.8107722812028928              0.2777657371184148              0.9067676322724698              1.3999999999999999              1.3999999999999999
      0.093238389      0.26953125               0.7151407880874807             -1.7649665705157296              0.2535167268236938              0.8862476139197715              1.3999999999999999              1.3999999999999999
      0.093238389      0.27734375               0.6639936980836169             -1.7165112776131051              0.2298682672642610              0.8654760878292015              1.3999999999999999              1.3999999999999999
      0.093238389      0.28515625               0.6131642939518580             -1.6658666584419182              0.2072134634384952              0.8448529435031176              1.3999999999999999              1.3999999999999999
      0.093238389      0.29296875               0.5632415743355830             -1.6133673326388007              0.1858042011204039              0.8247091904551981              1.3999999999999999              1.3999999999999999
      0.093238389      0.30078125               0.5146721057975923             -1.5592533193431788              0.1657901552922152              0.8053193160492382              1.3999999999999999              1.3999999999999999
      0.093238389      0.30859375               0.4678058477468358             -1.5036959607445426              0.1472486236153131              0.7869109820052966              1.3999999999999999              1.3999999999999999
      0.093238389      0.31640625               0.4229265700048686             -1.4468183633206215              0.1302060294371350              0.7696727911634643              1.3999999999999999              1.3999999999999999
      0.093238389      0.32421875               0.3802695288447255             -1.3887113015681125              0.1146529619524297              0.7537611697468247              1.3999999999999999              1.3999999999999999
      0.093238389      0.33203125               0.3400297579362274             -1.3294457773728328              0.1005545785773503              0.7393071946677188              1.3999999999999999              1.3999999999999999
      0.093238389      0.33984375               0.3023642116891765             -1.2690833028537039              0.0878578335549399              0.7264238801949857              1.3999999999999999              1.3999999999999999
      0.093238389      0.34765625               0.2673905467429601             -1.2076847567757112              0.0764966052667306              0.7152141894928887              1.3999999999999999              1.3999999999999999
      0.093238389      0.35546875               0.2351847385558744             -1.1453184461267500              0.0663954637261690              0.7057798917338659              1.3999999999999999              1.3999999999999999
      0.093238389      0.36328125               0.2057790997954048             -1.0820677947426041              0.0574725658594138              0.6982313305451777              1.3999999999999999              1.3999999999999999
      0.093238389      0.37109375               0.1791616548262494             -1.0180388537117557              0.0496419819214401              0.6926981943985562              1.3999999999999999              1.3999999999999999
      0.093238389      0.37890625               0.1552772617936486             -0.9533675424289718              0.0428156286593352              0.6893415714052503              1.3999999999999999              1.3999999999999999
      0.093238389      0.38671875               0.1340303367943926             -0.8882261444895951              0.0369049006182085              0.6883684227926328              1.3999999999999999              1.3999999999999999
      0.093238389      0.39453125               0.1152883774546591             -0.8228281194043827              0.0318220411209622              0.6900531047346304              1.3999999999999999              1.3999999999999999
      0.093238389      0.40234375               0.0988838796149017             -0.7574297137585880              0.0274812493671161              0.6947858810288510              1.3999999999999999              1.3999999999999999
      0.093238389      0.41015625               0.0846073501108699             -0.6923267752842899              0.0237995017164745              0.7032338704996521              1.3999999999999999              1.3999999999999999
      0.093238389      0.41796875               0.0721911220873825             -0.6277988476105917              0.0206998371159334              0.7168415075636884              1.3999999999999999              1.3999999999999999
      0.093238389      0.42578125               0.0616374675936993             -0.5642276950997078              0.0181184512476727              0.7348797717934140              1.3999999999999999              1.3999999999999999
      0.093238389      0.43359375               0.0529339151732350             -0.5020055302450976              0.0159819571024273              0.7548070575416376              1.3999999999999999              1.3999999999999999
      0.093238389      0.44140625               0.0458702739145112             -0.4412366017722822              0.0142169565724363              0.7748458510915234              1.3999999999999999              1.3999999999999999
      0.093238389      0.44921875               0.0402201524999532             -0.3819402535023276              0.0127577820475888              0.7929968718793196              1.3999999999999999              1.3999999999999999
      0.093238389      0.45703125               0.0357570955335070             -0.3240177393085247              0.0115498672229192              0.8075227483239078              1.3999999999999999              1.3999999999999999
      0.093238389      0.46484375               0.0322744451148595             -0.2672487361931682              0.0105520173886213              0.8173662901924733              1.3999999999999999              1.3999999999999999
      0.093238389      0.47265625               0.0296173509145492             -0.2109218923559864              0.0097448387857195              0.8225616475486743              1.3999999999999999              1.3999999999999999
      0.093238389      0.48046875               0.0277004740399419             -0.1534922558786488              0.0091341339574387              0.8243662133965618              1.3999999999999999              1.3999999999999999
      0.093238389      0.48828125               0.0264668380378854             -0.0936806422147034              0.0087285977901471              0.8244843771716096              1.3999999999999999              1.3999999999999999
      0.093238389      0.49609375               0.0258663016691863             -0.0315426323204119              0.0085278982607169              0.8242286015394992              1.3999999999999999              1.3999999999999999
      0.093238389      0.50390625               0.0258663016691863              0.0315426323204119              0.0085278982607169              0.8242286015394992              1.3999999999999999              1.3999999999999999
      0.093238389      0.51171875               0.0264668380378854              0.0936806422147034              0.0087285977901471              0.8244843771716096              1.3999999999999999              1.3999999999999999
      0.093238389      0.51953125               0.0277004740399419              0.1534922558786488              0.0091341339574387              0.8243662133965618              1.3999999999999999              1.3999999999999999
      0.093238389      0.52734375               0.0296173509145492              0.2109218923559864              0.0097448387857195              0.8225616475486743              1.3999999999999999              1.3999999999999999
      0.093238389      0.53515625               0.0322744451148595              0.2672487361931682              0.0105520173886213              0.8173662901924733              1.3999999999999999              1.3999999999999999
      0.093238389      0.54296875               0.0357570955335070              0.3240177393085247              0.0115498672229192              0.8075227483239078              1.3999999999999999              1.3999999999999999
      0.093238389      0.55078125               0.0402201524999532              0.3819402535023276              0.0127577820475888              0.7929968718793196              1.3999999999999999              1.3999999999999999
      0.093238389      0.55859375               0.0458702739145112              0.4412366017722822              0.0142169565724363              0.7748458510915234              1.3999999999999999              1.3999999999999999
      0.093238389      0.56640625               0.0529339151732350              0.5020055302450976              0.0159819571024273              0.7548070575416376              1.3999999999999999              1.3999999999999999
      0.093238389      0.57421875               0.0616374675936993              0.5642276950997078              0.0181184512476727              0.7348797717934140              1.3999999999999999              1.3999999999999999
      0.093238389      0.58203125               0.0721911220873825              0.6277988476105917              0.0206998371159334              0.7168415075636884              1.3999999999999999              1.3999999999999999
      0.093238389      0.58984375               0.0846073501108699              0.6923267752842899              0.0237995017164745              0.7032338704996521              1.3999999999999999              1.3999999999999999
      0.093238389      0.59765625               0.0988838796149017              0.7574297137585880              0.0274812493671161              0.6947858810288510              1.3999999999999999              1.3999999999999999
      0.093238389      0.60546875               0.1152883774546591              0.8228281194043827              0.0318220411209622              0.6900531047346304              1.3999999999999999              1.3999999999999999
      0.093238389      0.61328125               0.1340303367943926              0.8882261444895951              0.0369049006182085              0.6883684227926328              1.3999999999999999              1.3999999999999999
      0.093238389      0.62109375               0.1552772617936486              0.9533675424289718              0.0428156286593352              0.6893415714052503              1.3999999999999999              1.3999999999999999
      0.093238389      0.62890625               0.1791616548262494              1.0180388537117557              0.0496419819214401              0.6926981943985562              1.3999999999999999              1.3999999999999999
      0.093238389      0.63671875               0.2057790997954048              1.0820677947426041              0.0574725658594138              0.6982313305451777              1.3999999999999999              1.3999999999999999
      0.093238389      0.64453125               0.2351847385558744              1.1453184461267500              0.0663954637261690              0.7057798917338659              1.3999999999999999              1.3999999999999999
      0.093238389      0.65234375               0.2673905467429601              1.2076847567757112              0.0764966052667306              0.7152141894928887              1.3999999999999999              1.3999999999999999
      0.093238389      0.66015625               0.3023642116891765              1.2690833028537039              0.0878578335549399              0.7264238801949857              1.3999999999999999              1.3999999999999999
      0.093238389      0.66796875               0.3400297579362274              1.3294457773728328              0.1005545785773503              0.7393071946677188              1.3999999999999999              1.3999999999999999
      0.093238389      0.67578125               0.3802695288447255              1.3887113015681125              0.1146529619524297              0.7537611697468247              1.3999999999999999              1.3999999999999999
      0.093238389      0.68359375               0.4229265700048686              1.4468183633206215              0.1302060294371350              0.7696727911634643              1.3999999999999999              1.3999999999999999
      0.093238389      0.69140625               0.4678058477468358              1.5036959607445426              0.1472486236153131              0.7869109820052966              1.3999999999999999              1.3999999999999999
      0.093238389      0.69921875               0.5146721057975923              1.5592533193431788              0.1657901552922152              0.8053193160492382              1.3999999999999999              1.3999999999999999
      0.093238389      0.70703125               0.5632415743355830              1.6133673326388007              0.1858042011204039              0.8247091904551981              1.3999999999999999              1.3999999999999999
      0.093238389      0.71484375               0.6131642939518580              1.6658666584419182              0.2072134634384952              0.8448529435031176              1.3999999999999999              1.3999999999999999
      0.093238389      0.72265625               0.6639936980836169              1.7165112776131051              0.2298682672642610              0.8654760878292015              1.3999999999999999              1.3999999999999999
      0.093238389      0.73046875               0.7151407880874807              1.7649665705157296              0.2535167268236938              0.8862476139197715              1.3999999999999999              1.3999999999999999
      0.093238389      0.73828125               0.7658128919486799              1.8107722812028928              0.2777657371184148              0.9067676322724698              1.3999999999999999              1.3999999999999999
      0.093238389      0.74609375               0.8149441350276037              1.8533105957851348              0.3020356967724993              0.9265533789082021              1.3999999999999999              1.3999999999999999
      0.093238389      0.75390625               0.8611408011119265              1.8917865326670553              0.3255213551501688              0.9450294154273248              1.3999999999999999              1.3999999999999999
      0.093238389      0.76171875               0.9026943354017227              1.9252506934367262              0.3471898168206504              0.9615375969600547              1.3999999999999999              1.3999999999999999
      0.093238389      0.76953125               0.9377524054705104              1.9527164867387607              0.3658720459941021              0.9753961809634830              1.3999999999999999              1.3999999999999999
      0.093238389      0.77734375               0.9647429845696310              1.9734280443774823              0.3805111976895718              0.9860429248400205              1.3999999999999999              1.3999999999999999
      0.093238389      0.78515625               0.9830226365590486              1.9872636309012615              0.3905591368048148              0.9932607914603058              1.3999999999999999              1.3999999999999999
      0.093238389      0.79296875               0.9934161999349469              1.9950710221953438              0.3963247750914174              0.9973784782183202              1.3999999999999999              1.3999999999999999
      0.093238389      0.80078125               0.9980951380398694              1.9985747072575062              0.3989344911434813              0.9992396414407385              1.3999999999999999              1.3999999999999999
      0.093238389      0.80859375               0.9996376127438810              1.9997288434092788              0.3997971226995998              0.9998551415102480              1.3999999999999999              1.3999999999999999
      0.093238389      0.81640625               0.9999661593052919              1.9999746766867013              0.3999810500778397              0.9999864654312886              1.3999999999999999              1.3999999999999999
      0.093238389      0.82421875               1.0000000000000000              2.0000000000000000              0.3999999999999999              1.0000000000000000              1.3999999999999999              1.3999999999999999
      0.093238389      0.83203125               1.0000000000000000              2.0000000000000000              0.3999999999999999              1.0000000000000000              1.3999999999999999              1.3999999999999999
      0.093238389      0.83984375               1.0000000000000000              2.0000000000000000              0.3999999999999999              1.0000000000000000              1.3999999999999999              1.3999999999999999
      0.093238389      0.84765625               1.0000000000000000              2.0000000000000000              0.3999999999999999              1.0000000000000000              1.3999999999999999              1.3999999999999999
      0.093238389      0.85546875               1.0000000000000000              2.0000000000000000              0.3999999999999999              1.0000000000000000              1.3999999999999999              1.3999999999999999
      0.093238389      0.86328125               1.0000000000000000              2.0000000000000000              0.3999999999999999              1.0000000000000000              1.3999999999999999              1.3999999999999999
      0.093238389      0.87109375               1.0000000000000000              2.0000000000000000              0.3999999999999999              1.0000000000000000              1.3999999999999999              1.3999999999999999
      0.093238389      0.87890625               1.0000000000000000              2.0000000000000000              0.3999999999999999              1.0000000000000000              1.3999999999999999              1.3999999999999999
      0.093238389      0.88671875               1.0000000000000000              2.0000000000000000              0.3999999999999999              1.0000000000000000              1.3999999999999999              1.3999999999999999
      0.093238389      0.89453125               1.0000000000000000              2.0000000000000000              0.3999999999999999              1.0000000000000000              1.3999999999999999              1.3999999999999999
      0.093238389      0.90234375               1.0000000000000000              2.0000000000000000              0.3999999999999999              1.0000000000000000              1.3999999999999999              1.3999999999999999
      0.093238389      0.91015625               1.0000000000000000              2.0000000000000000              0.3999999999999999              1.0000000000000000              1.3999999999999999              1.3999999999999999
      0.093238389      0.91796875               1.0000000000000000              2.0000000000000000              0.3999999999999999              1.0000000000000000              1.3999999999999999              1.3999999999999999
      0.093238389      0.92578125               1.0000000000000000              2.0000000000000000              0.3999999999999999              1.0000000000000000              1.3999999999999999              1.3999999999999999
      0.093238389      0.93359375               1.0000000000000000              2.0000000000000000              0.3999999999999999              1.0000000000000000              1.3999999999999999              1.3999999999999999
      0.093238389      0.94140625               1.0000000000000000              2.0000000000000000              0.3999999999999999              1.0000000000000000              1.3999999999999999              1.3999999999999999
      0.093238389      0.94921875               1.0000000000000000              2.0000000000000000              0.3999999999999999              1.0000000000000000              1.3999999999999999              1.3999999999999999
      0.093238389      0.95703125               1.0000000000000000              2.0000000000000000              0.3999999999999999              1.0000000000000000              1.3999999999999999              1.3999999999999999
      0.093238389      0.96484375               1.0000000000000000              2.0000000000000000              0.3999999999999999              1.0000000000000000              1.3999999999999999              1.3999999999999999
      0.093238389      0.97265625               1.0000000000000000              2.0000000000000000              0.3999999999999999              1.0000000000000000              1.3999999999999999              1.3999999999999999
      0.093238389      0.98046875               1.0000000000000000              2.0000000000000000              0.3999999999999999              1.0000000000000000              1.3999999999999999              1.3999999999999999
      0.093238389      0.98828125               1.0000000000000000              2.0000000000000000              0.3999999999999999              1.0000000000000000              1.3999999999999999              1.3999999999999999
      0.093238389      0.99609375               1.0000000000000000              2.0000000000000000              0.3999999999999999              1.0000000000000000              1.3999999999999999              1.3999999999999999
