      0.095512496      0.00390625               1.0000000000000000             -2.0000000000000000              0.3999999999999999              1.0000000000000000              1.3999999999999999              1.3999999999999999
      0.095512496      0.01171875               1.0000000000000000             -2.0000000000000000              0.3999999999999999              1.0000000000000000              1.3999999999999999              1.3999999999999999
      0.095512496      0.01953125               1.0000000000000000             -2.0000000000000000              0.3999999999999999              1.0000000000000000              1.3999999999999999              1.3999999999999999
      0.095512496      0.02734375               1.0000000000000000             -2.0000000000000000              0.3999999999999999              1.0000000000000000              1.3999999999999999              1.3999999999999999
      0.095512496      0.03515625               1.0000000000000000             -2.0000000000000000              0.3999999999999999              1.0000000000000000              1.3999999999999999              1.3999999999999999
      0.095512496      0.04296875               1.0000000000000000             -2.0000000000000000              0.3999999999999999              1.0000000000000000              1.3999999999999999              1.3999999999999999
      0.095512496      0.05078125               1.0000000000000000             -2.0000000000000000              0.3999999999999999              1.0000000000000000              1.3999999999999999              1.3999999999999999
      0.095512496      0.05859375               1.0000000000000000             -2.0000000000000000              0.3999999999999999              1.0000000000000000              1.3999999999999999              1.3999999999999999
      0.095512496      0.06640625               1.0000000000000000             -2.0000000000000000              0.3999999999999999              1.0000000000000000              1.3999999999999999              1.3999999999999999
      0.095512496      0.07421875               1.0000000000000000             -2.0000000000000000              0.3999999999999999              1.0000000000000000              1.3999999999999999              1.3999999999999999
      0.095512496      0.08203125               1.0000000000000000             -2.0000000000000000              0.3999999999999999              1.0000000000000000              1.3999999999999999              1.3999999999999999
      0.095512496      0.08984375               1.0000000000000000             -2.0000000000000000              0.3999999999999999              1.0000000000000000              1.3999999999999999              1.3999999999999999
      0.095512496      0.09765625               1.0000000000000000             -2.0000000000000000              0.3999999999999999              1.0000000000000000              1.3999999999999999              1.3999999999999999
      0.095512496      0.10546875               1.0000000000000000             -2.0000000000000000              0.3999999999999999              1.0000000000000000              1.3999999999999999              1.3999999999999999
      0.095512496      0.11328125               1.0000000000000000             -2.0000000000000000              0.3999999999999999              1.0000000000000000              1.3999999999999999              1.3999999999999999
      0.095512496      0.12109375               1.0000000000000000             -2.0000000000000000              0.3999999999999999              1.0000000000000000              1.3999999999999999              1.3999999999999999
      0.095512496      0.12890625               1.0000000000000000             -2.0000000000000000              0.3999999999999999              1.0000000000000000              1.3999999999999999              1.3999999999999999
      0.095512496      0.13671875               1.0000000000000000             -2.0000000000000000              0.3999999999999999              1.0000000000000000              1.3999999999999999              1.3999999999999999
      0.095512496      0.14453125               1.0000000000000000             -2.0000000000000000              0.3999999999999999              1.0000000000000000              1.3999999999999999              1.3999999999999999
      0.095512496      0.15234375               1.0000000000000000             -2.0000000000000000              0.3999999999999999              1.0000000000000000              1.3999999999999999              1.3999999999999999
      0.095512496      0.16015625               1.0000000000000000             -2.0000000000000000              0.3999999999999999              1.0000000000000000              1.3999999999999999              1.3999999999999999
      0.095512496      0.16796875               1.0000000000000000             -2.0000000000000000              0.3999999999999999              1.0000000000000000              1.3999999999999999              1.3999999999999999
      0.095512496      0.17578125               0.9999729279101818             -1.9999797415767997              0.3999848401828237              0.9999891722537481              1.3999999999999999              1.3999999999999999
      0.095512496      0.18359375               0.9997033586930808             -1.9997780338797639              0.3998339210102703              0.9998814086535032              1.3999999999999999              1.3999999999999999
      0.095512496      0.19140625               0.9984044372343128             -1.9988061241788859              0.3991073437649982              0.9993629056541665              1.3999999999999999              1.3999999999999999
      0.095512496      0.19921875               0.9943599772823631             -1.9957779603597903              0.3968502515786763              0.9977529784115217              1.3999999999999999              1.3999999999999999
      0.095512496      0.20703125               0.9851462398614241             -1.9888608628476789              0.3917331618490558              0.9940990129144663              1.3999999999999999              1.3999999999999999
      0.095512496      0.21484375               0.9685631659952915             -1.9763275668006257              0.3825993867347551              0.9875437146672765              1.3999999999999999              1.3999999999999999
      0.095512496      0.22265625               0.9435850480328332             -1.9572121844619572              0.3690099414369893              0.9776806611293115              1.3999999999999999              1.3999999999999999
      0.095512496      0.23046875               0.9106081724794075             -1.9314860939449230              0.3513611101150667              0.9646330900983991              1.3999999999999999              1.3999999999999999
      0.095512496      0.23828125               0.8710188767995762             -1.8997905220988427              0.3306005787688203              0.9488903959910745              1.3999999999999999              1.3999999999999999
      0.095512496      0.24609375               0.8265743826627672             -1.8630512004551141              0.3078462919253472              0.9310907112002315              1.3999999999999999              1.3999999999999999
      0.095512496      0.25390625               0.7789566730755666             -1.8221980502152961              0.2841228774066832              0.9118699641049242              1.3999999999999999              1.3999999999999999
      0.095512496      0.26171875               0.7295688874193107             -1.7780297441100983              0.2602497428701718              0.8917929045423935              1.3999999999999999              1.3999999999999999
      0.095512496      0.26953125               0.6794982422967611             -1.7311776192375279              0.2368287182568765              0.8713367581951927              1.3999999999999999              1.3999999999999999
      0.095512496      0.27734375               0.6295574683761455             -1.6821178683509326              0.2142757175233197              0.8508981637371951              1.3999999999999999              1.3999999999999999
      0.095512496      0.28515625               0.5803489227484089             -1.6312000266277926              0.1928630260795927              0.8308063413223656              1.3999999999999999              1.3999999999999999
      0.095512496      0.29296875               0.5323249638891414             -1.5786766796368605              0.1727576327494167              0.8113353894172909              1.3999999999999999              1.3999999999999999
      0.095512496      0.30078125               0.4858352856440072             -1.5247289906746189              0.1540513631190706              0.7927139488997040              1.3999999999999999              1.3999999999999999
      0.095512496      0.30859375               0.4411599102812575             -1.4694870638270117              0.1367829802904029              0.7751326508974841              1.3999999999999999              1.3999999999999999
      0.095512496      0.31640625               0.3985297063336014             -1.4130458002974868              0.1209538181222203              0.7587503277671117              1.3999999999999999              1.3999999999999999
      0.095512496      0.32421875               0.3581372738075979             -1.3554773171830032              0.1065386572727862              0.7436998677916311              1.3999999999999999              1.3999999999999999
      0.095512496      0.33203125               0.3201411079688867             -1.2968409472470517              0.0934932807334377              0.7300943115880951              1.3999999999999999              1.3999999999999999
      0.095512496      0.33984375               0.2846656522457193             -1.2371916546035218              0.0817597928818186              0.7180335266725885              1.3999999999999999              1.3999999999999999
      0.095512496      0.34765625               0.2517993945014820             -1.1765875044717415              0.0712704711544008              0.7076116216989289              1.3999999999999999              1.3999999999999999
      0.095512496      0.35546875               0.2215926422660192             -1.1150966430355396              0.0619506705278676              0.6989251752038844              1.3999999999999999              1.3999999999999999
      0.095512496      0.36328125               0.1940560856413544             -1.0528040640955227              0.0537211158434330              0.6920823387976347              1.3999999999999999              1.3999999999999999
      0.095512496      0.37109375               0.1691607580580987             -0.9898182333297343              0.0464997851075519              0.6872129452680361              1.3999999999999999              1.3999999999999999
      0.095512496      0.37890625               0.1468395453348799             -0.9262773734077203              0.0402034969889167              0.6844800713804520              1.3999999999999999              1.3999999999999999
      0.095512496      0.38671875               0.1269899253492332             -0.8623548682495150              0.0347492586250632              0.6840947919588847              1.3999999999999999              1.3999999999999999
      0.095512496      0.39453125               0.1094768717195905             -0.7982628081706141              0.0300553918200075              0.6863411273065545              1.3999999999999999              1.3999999999999999
      0.095512496      0.40234375               0.0941328792646367             -0.7342523778265381              0.0260424302559366              0.6916401171243055              1.3999999999999999              1.3999999999999999
      0.095512496      0.41015625               0.0807451931534198             -0.6706077505405416              0.0226338316432425              0.7007795374344185              1.3999999999999999              1.3999999999999999
      0.095512496      0.41796875               0.0690793956430471             -0.6075748329475953              0.0197614989230341              0.7151734152809980              1.3999999999999999              1.3999999999999999
      0.095512496      0.42578125               0.0592228590158011             -0.5455948958114363              0.0173656948384666              0.7330655395171519              1.3999999999999999              1.3999999999999999
      0.095512496      0.43359375               0.0510798350485565             -0.4849442880765930              0.0153759170034645              0.7525433954929640              1.3999999999999999              1.3999999999999999
      0.095512496      0.44140625               0.0444538378523370             -0.4257159277801269              0.0137256565235750              0.7719050360267944              1.3999999999999999              1.3999999999999999
      0.095512496      0.44921875               0.0391354707030264             -0.3679303283937946              0.0123557539383795              0.7892938117532361              1.3999999999999999              1.3999999999999999
      0.095512496      0.45703125               0.0349176667181211             -0.3115129690891655              0.0112173687969632              0.8031298946402522              1.3999999999999999              1.3999999999999999
      0.095512496      0.46484375               0.0316128605237094             -0.2562931287354631              0.0102738987123207              0.8124777813617465              1.3999999999999999              1.3999999999999999
      0.095512496      0.47265625               0.0290804250482014             -0.2016830474600126              0.0095080783029467              0.8173950593214252              1.3999999999999999              1.3999999999999999
      0.095512496      0.48046875               0.0272427362194714             -0.1463592013805652              0.0089252301320876              0.8190467782113264              1.3999999999999999              1.3999999999999999
      0.095512496      0.48828125               0.0260522267862187             -0.0891446539699900              0.0085352944715636              0.8190561349710244              1.3999999999999999              1.3999999999999999
      0.095512496      0.49609375               0.0254696630924071             -0.0299844508294611              0.0083411297370607              0.8187318484345484              1.3999999999999999              1.3999999999999999
      0.095512496      0.50390625               0.0254696630924071              0.0299844508294611              0.0083411297370607              0.8187318484345484              1.3999999999999999              1.3999999999999999
      0.095512496      0.51171875               0.0260522267862187              0.0891446539699900              0.0085352944715636              0.8190561349710244              1.3999999999999999              1.3999999999999999
      0.095512496      0.51953125               0.0272427362194714              0.1463592013805652              0.0089252301320876              0.8190467782113264              1.3999999999999999              1.3999999999999999
      0.095512496      0.52734375               0.0290804250482014              0.2016830474600126              0.0095080783029467              0.8173950593214252              1.3999999999999999              1.3999999999999999
      0.095512496      0.53515625               0.0316128605237094              0.2562931287354631              0.0102738987123207              0.8124777813617465              1.3999999999999999              1.3999999999999999
      0.095512496      0.54296875               0.0349176667181211              0.3115129690891655              0.0112173687969632              0.8031298946402522              1.3999999999999999              1.3999999999999999
      0.095512496      0.55078125               0.0391354707030264              0.3679303283937946              0.0123557539383795              0.7892938117532361              1.3999999999999999              1.3999999999999999
      0.095512496      0.55859375               0.0444538378523370              0.4257159277801269              0.0137256565235750              0.7719050360267944              1.3999999999999999              1.3999999999999999
      0.095512496      0.56640625               0.0510798350485565              0.4849442880765930              0.0153759170034645              0.7525433954929640              1.3999999999999999              1.3999999999999999
      0.095512496      0.57421875               0.0592228590158011              0.5455948958114363              0.0173656948384666              0.7330655395171519              1.3999999999999999              1.3999999999999999
      0.095512496      0.58203125               0.0690793956430471              0.6075748329475953              0.0197614989230341              0.7151734152809980              1.3999999999999999              1.3999999999999999
      0.095512496      0.58984375               0.0807451931534198              0.6706077505405416              0.0226338316432425              0.7007795374344185              1.3999999999999999              1.3999999999999999
      0.095512496      0.59765625               0.0941328792646367              0.7342523778265381              0.0260424302559366              0.6916401171243055              1.3999999999999999              1.3999999999999999
      0.095512496      0.60546875               0.1094768717195905              0.7982628081706141              0.0300553918200075              0.6863411273065545              1.3999999999999999              1.3999999999999999
      0.095512496      0.61328125               0.1269899253492332              0.8623548682495150              0.0347492586250632              0.6840947919588847              1.3999999999999999              1.3999999999999999
      0.095512496      0.62109375               0.1468395453348799              0.9262773734077203              0.0402034969889167              0.6844800713804520              1.3999999999999999              1.3999999999999999
      0.095512496      0.62890625               0.1691607580580987              0.9898182333297343              0.0464997851075519              0.6872129452680361              1.3999999999999999              1.3999999999999999
      0.095512496      0.63671875               0.1940560856413544              1.0528040640955227              0.0537211158434330              0.6920823387976347              1.3999999999999999              1.3999999999999999
      0.095512496      0.64453125               0.2215926422660192              1.1150966430355396              0.0619506705278676              0.6989251752038844              1.3999999999999999              1.3999999999999999
      0.095512496      0.65234375               0.2517993945014820              1.1765875044717415              0.0712704711544008              0.7076116216989289              1.3999999999999999              1.3999999999999999
      0.095512496      0.66015625               0.2846656522457193              1.2371916546035218              0.0817597928818186              0.7180335266725885              1.3999999999999999              1.3999999999999999
      0.095512496      0.66796875               0.3201411079688867              1.2968409472470517              0.0934932807334377              0.7300943115880951              1.3999999999999999              1.3999999999999999
      0.095512496      0.67578125               0.3581372738075979              1.3554773171830032              0.1065386572727862              0.7436998677916311              1.3999999999999999              1.3999999999999999
      0.095512496      0.68359375               0.3985297063336014              1.4130458002974868              0.1209538181222203              0.7587503277671117              1.3999999999999999              1.3999999999999999
      0.095512496      0.69140625               0.4411599102812575              1.4694870638270117              0.1367829802904029              0.7751326508974841              1.3999999999999999              1.3999999999999999
      0.095512496      0.69921875               0.4858352856440072              1.5247289906746189              0.1540513631190706              0.7927139488997040              1.3999999999999999              1.3999999999999999
      0.095512496      0.70703125               0.5323249638891414              1.5786766796368605              0.1727576327494167              0.8113353894172909              1.3999999999999999              1.3999999999999999
      0.095512496      0.71484375               0.5803489227484089              1.6312000266277926              0.1928630260795927              0.8308063413223656              1.3999999999999999              1.3999999999999999
      0.095512496      0.72265625               0.6295574683761455              1.6821178683509326              0.2142757175233197              0.8508981637371951              1.3999999999999999              1.3999999999999999
      0.095512496      0.73046875               0.6794982422967611              1.7311776192375279              0.2368287182568765              0.8713367581951927              1.3999999999999999              1.3999999999999999
      0.095512496      0.73828125               0.7295688874193107              1.7780297441100983              0.2602497428701718              0.8917929045423935              1.3999999999999999              1.3999999999999999
      0.095512496      0.74609375               0.7789566730755666              1.8221980502152961              0.2841228774066832              0.9118699641049242              1.3999999999999999              1.3999999999999999
      0.095512496      0.75390625               0.8265743826627672              1.8630512004551141              0.3078462919253472              0.9310907112002315              1.3999999999999999              1.3999999999999999
      0.095512496      0.76171875               0.8710188767995762              1.8997905220988427              0.3306005787688203              0.9488903959910745              1.3999999999999999              1.3999999999999999
      0.095512496      0.76953125               0.9106081724794075              1.9314860939449230              0.3513611101150667              0.9646330900983991              1.3999999999999999              1.3999999999999999
      0.095512496      0.77734375               0.9435850480328332              1.9572121844619572              0.3690099414369893              0.9776806611293115              1.3999999999999999              1.3999999999999999
      0.095512496      0.78515625               0.9685631659952915              1.9763275668006257              0.3825993867347551              0.9875437146672765              1.3999999999999999              1.3999999999999999
      0.095512496      0.79296875               0.9851462398614241              1.9888608628476789              0.3917331618490558              0.9940990129144663              1.3999999999999999              1.3999999999999999
      0.095512496      0.80078125               0.9943599772823631              1.9957779603597903              0.3968502515786763              0.9977529784115217              1.3999999999999999              1.3999999999999999
      0.095512496      0.80859375               0.9984044372343128              1.9988061241788859              0.3991073437649982              0.9993629056541665              1.3999999999999999              1.3999999999999999
      0.095512496      0.81640625               0.9997033586930808              1.9997780338797639              0.3998339210102703              0.9998814086535032              1.3999999999999999              1.3999999999999999
      0.095512496      0.82421875               0.9999729279101818              1.9999797415767997              0.3999848401828237              0.9999891722537481              1.3999999999999999              1.3999999999999999
      0.095512496      0.83203125               1.0000000000000000              2.0000000000000000              0.3999999999999999              1.0000000000000000              1.3999999999999999              1.3999999999999999
      0.095512496      0.83984375               1.0000000000000000              2.0000000000000000              0.3999999999999999              1.0000000000000000              1.3999999999999999              1.3999999999999999
      0.095512496      0.84765625               1.0000000000000000              2.0000000000000000              0.3999999999999999              1.0000000000000000              1.3999999999999999              1.3999999999999999
      0.095512496      0.85546875               1.0000000000000000              2.0000000000000000              0.3999999999999999              1.0000000000000000              1.3999999999999999              1.3999999999999999
      0.095512496      0.86328125               1.0000000000000000              2.0000000000000000              0.3999999999999999              1.0000000000000000              1.3999999999999999              1.3999999999999999
      0.095512496      0.87109375               1.0000000000000000              2.0000000000000000              0.3999999999999999              1.0000000000000000              1.3999999999999999              1.3999999999999999
      0.095512496      0.87890625               1.0000000000000000              2.0000000000000000              0.3999999999999999              1.0000000000000000              1.3999999999999999              1.3999999999999999
      0.095512496      0.88671875               1.0000000000000000              2.0000000000000000              0.3999999999999999              1.0000000000000000              1.3999999999999999              1.3999999999999999
      0.095512496      0.89453125               1.0000000000000000              2.0000000000000000              0.3999999999999999              1.0000000000000000              1.3999999999999999              1.3999999999999999
      0.095512496      0.90234375               1.0000000000000000              2.0000000000000000              0.3999999999999999              1.0000000000000000              1.3999999999999999              1.3999999999999999
      0.095512496      0.91015625               1.0000000000000000              2.0000000000000000              0.3999999999999999              1.0000000000000000              1.3999999999999999              1.3999999999999999
      0.095512496      0.91796875               1.0000000000000000              2.0000000000000000              0.3999999999999999              1.0000000000000000              1.3999999999999999              1.3999999999999999
      0.095512496      0.92578125               1.0000000000000000              2.0000000000000000              0.3999999999999999              1.0000000000000000              1.3999999999999999              1.3999999999999999
      0.095512496      0.93359375               1.0000000000000000              2.0000000000000000              0.3999999999999999              1.0000000000000000              1.3999999999999999              1.3999999999999999
      0.095512496      0.94140625               1.0000000000000000              2.0000000000000000              0.3999999999999999              1.0000000000000000              1.3999999999999999              1.3999999999999999
      0.095512496      0.94921875               1.0000000000000000              2.0000000000000000              0.3999999999999999              1.0000000000000000              1.3999999999999999              1.3999999999999999
      0.095512496      0.95703125               1.0000000000000000              2.0000000000000000              0.3999999999999999              1.0000000000000000              1.3999999999999999              1.3999999999999999
      0.095512496      0.96484375               1.0000000000000000              2.0000000000000000              0.3999999999999999              1.0000000000000000              1.3999999999999999              1.3999999999999999
      0.095512496      0.97265625               1.0000000000000000              2.0000000000000000              0.3999999999999999              1.0000000000000000              1.3999999999999999              1.3999999999999999
      0.095512496      0.98046875               1.0000000000000000              2.0000000000000000              0.3999999999999999              1.0000000000000000              1.3999999999999999              1.3999999999999999
      0.095512496      0.98828125               1.0000000000000000              2.0000000000000000              0.3999999999999999              1.0000000000000000              1.3999999999999999              1.3999999999999999
      0.095512496      0.99609375               1.0000000000000000              2.0000000000000000              0.3999999999999999              1.0000000000000000              1.3999999999999999              1.3999999999999999
