      0.056852676      0.00390625               1.0000000000000000             -2.0000000000000000              0.3999999999999999              1.0000000000000000              1.3999999999999999              1.3999999999999999
      0.056852676      0.01171875               1.0000000000000000             -2.0000000000000000              0.3999999999999999              1.0000000000000000              1.3999999999999999              1.3999999999999999
      0.056852676      0.01953125               1.0000000000000000             -2.0000000000000000              0.3999999999999999              1.0000000000000000              1.3999999999999999              1.3999999999999999
      0.056852676      0.02734375               1.0000000000000000             -2.0000000000000000              0.3999999999999999              1.0000000000000000              1.3999999999999999              1.3999999999999999
      0.056852676      0.03515625               1.0000000000000000             -2.0000000000000000              0.3999999999999999              1.0000000000000000              1.3999999999999999              1.3999999999999999
      0.056852676      0.04296875               1.0000000000000000             -2.0000000000000000              0.3999999999999999              1.0000000000000000              1.3999999999999999              1.3999999999999999
      0.056852676      0.05078125               1.0000000000000000             -2.0000000000000000              0.3999999999999999              1.0000000000000000              1.3999999999999999              1.3999999999999999
      0.056852676      0.05859375               1.0000000000000000             -2.0000000000000000              0.3999999999999999              1.0000000000000000              1.3999999999999999              1.3999999999999999
      0.056852676      0.06640625               1.0000000000000000             -2.0000000000000000              0.3999999999999999              1.0000000000000000              1.3999999999999999              1.3999999999999999
      0.056852676      0.07421875               1.0000000000000000             -2.0000000000000000              0.3999999999999999              1.0000000000000000              1.3999999999999999              1.3999999999999999
      0.056852676      0.08203125               1.0000000000000000             -2.0000000000000000              0.3999999999999999              1.0000000000000000              1.3999999999999999              1.3999999999999999
      0.056852676      0.08984375               1.0000000000000000             -2.0000000000000000              0.3999999999999999              1.0000000000000000              1.3999999999999999              1.3999999999999999
      0.056852676      0.09765625               1.0000000000000000             -2.0000000000000000              0.3999999999999999              1.0000000000000000              1.3999999999999999              1.3999999999999999
      0.056852676      0.10546875               1.0000000000000000             -2.0000000000000000              0.3999999999999999              1.0000000000000000              1.3999999999999999              1.3999999999999999
      0.056852676      0.11328125               1.0000000000000000             -2.0000000000000000              0.3999999999999999              1.0000000000000000              1.3999999999999999              1.3999999999999999
      0.056852676      0.12109375               1.0000000000000000             -2.0000000000000000              0.3999999999999999              1.0000000000000000              1.3999999999999999              1.3999999999999999
      0.056852676      0.12890625               1.0000000000000000             -2.0000000000000000              0.3999999999999999              1.0000000000000000              1.3999999999999999              1.3999999999999999
      0.056852676      0.13671875               1.0000000000000000             -2.0000000000000000              0.3999999999999999              1.0000000000000000              1.3999999999999999              1.3999999999999999
      0.056852676      0.14453125               1.0000000000000000             -2.0000000000000000              0.3999999999999999              1.0000000000000000              1.3999999999999999              1.3999999999999999
      0.056852676      0.15234375               1.0000000000000000             -2.0000000000000000              0.3999999999999999              1.0000000000000000              1.3999999999999999              1.3999999999999999
      0.056852676      0.16015625               1.0000000000000000             -2.0000000000000000              0.3999999999999999              1.0000000000000000              1.3999999999999999              1.3999999999999999
      0.056852676      0.16796875               1.0000000000000000             -2.0000000000000000              0.3999999999999999              1.0000000000000000              1.3999999999999999              1.3999999999999999
      0.056852676      0.17578125               1.0000000000000000             -2.0000000000000000              0.3999999999999999              1.0000000000000000              1.3999999999999999              1.3999999999999999
      0.056852676      0.18359375               1.0000000000000000             -2.0000000000000000              0.3999999999999999              1.0000000000000000              1.3999999999999999              1.3999999999999999
      0.056852676      0.19140625               1.0000000000000000             -2.0000000000000000              0.3999999999999999              1.0000000000000000              1.3999999999999999              1.3999999999999999
      0.056852676      0.19921875               1.0000000000000000             -2.0000000000000000              0.3999999999999999              1.0000000000000000              1.3999999999999999              1.3999999999999999
      0.056852676      0.20703125               1.0000000000000000             -2.0000000000000000              0.3999999999999999              1.0000000000000000              1.3999999999999999              1.3999999999999999
      0.056852676      0.21484375               1.0000000000000000             -2.0000000000000000              0.3999999999999999              1.0000000000000000              1.3999999999999999              1.3999999999999999
      0.056852676      0.22265625               1.0000000000000000             -2.0000000000000000              0.3999999999999999              1.0000000000000000              1.3999999999999999              1.3999999999999999
      0.056852676      0.23046875               1.0000000000000000             -2.0000000000000000              0.3999999999999999              1.0000000000000000              1.3999999999999999              1.3999999999999999
      0.056852676      0.23828125               1.0000000000000000             -2.0000000000000000              0.3999999999999999              1.0000000000000000              1.3999999999999999              1.3999999999999999
      0.056852676      0.24609375               1.0000000000000000             -2.0000000000000000              0.3999999999999999              1.0000000000000000              1.3999999999999999              1.3999999999999999
      0.056852676      0.25390625               1.0000000000000000             -2.0000000000000000              0.3999999999999999              1.0000000000000000              1.3999999999999999              1.3999999999999999
      0.056852676      0.26171875               1.0000000000000000             -2.0000000000000000              0.3999999999999999              1.0000000000000000              1.3999999999999999              1.3999999999999999
      0.056852676      0.26953125               1.0000000000000000             -2.0000000000000000              0.3999999999999999              1.0000000000000000              1.3999999999999999              1.3999999999999999
      0.056852676      0.27734375               1.0000000000000000             -2.0000000000000000              0.3999999999999999              1.0000000000000000              1.3999999999999999              1.3999999999999999
      0.056852676      0.28515625               1.0000000000000000             -2.0000000000000000              0.3999999999999999              1.0000000000000000              1.3999999999999999              1.3999999999999999
      0.056852676      0.29296875               1.0000000000000000             -2.0000000000000000              0.3999999999999999              1.0000000000000000              1.3999999999999999              1.3999999999999999
      0.056852676      0.30078125               1.0000000000000000             -2.0000000000000000              0.3999999999999999              1.0000000000000000              1.3999999999999999              1.3999999999999999
      0.056852676      0.30859375               0.9987939492234637             -1.9990985878367107              0.3993258366797766              0.9995200636483685              1.3999999999999999              1.3999999999999999
      0.056852676      0.31640625               0.9917996225582796             -1.9938762872423872              0.3954369765209340              0.9967663011933078              1.3999999999999999              1.3999999999999999
      0.056852676      0.32421875               0.9721559584837249             -1.9791722343250622              0.3846482038739945              0.9891627997475110              1.3999999999999999              1.3999999999999999
      0.056852676      0.33203125               0.9354598784165926             -1.9513956732757189              0.3649209226285936              0.9752447193306610              1.3999999999999999              1.3999999999999999
      0.056852676      0.33984375               0.8822962110475157             -1.9102179859229724              0.3372210162038930              0.9555209803165872              1.3999999999999999              1.3999999999999999
      0.056852676      0.34765625               0.8165896566904970             -1.8574998645200371              0.3043463376306802              0.9317603252046619              1.3999999999999999              1.3999999999999999
      0.056852676      0.35546875               0.7430021992809591             -1.7956438578070835              0.2692672045611245              0.9060107925040736              1.3999999999999999              1.3999999999999999
      0.056852676      0.36328125               0.6655604232049561             -1.7267043557309245              0.2342975314074610              0.8800761104424559              1.3999999999999999              1.3999999999999999
      0.056852676      0.37109375               0.5873931817382343             -1.6521734369719998              0.2009763932044544              0.8553742171883835              1.3999999999999999              1.3999999999999999
      0.056852676      0.37890625               0.5108997303297982             -1.5730573451625596              0.1702243052179960              0.8329633737921142              1.3999999999999999              1.3999999999999999
      0.056852676      0.38671875               0.4379524312454535             -1.4900190411850687              0.1425307355259913              0.8136199582261765              1.3999999999999999              1.3999999999999999
      0.056852676      0.39453125               0.3700156499981078             -1.4035086476934602              0.1180983182438607              0.7979278595679982              1.3999999999999999              1.3999999999999999
      0.056852676      0.40234375               0.3081868623916097             -1.3138684972106069              0.0969394363927078              0.7863689876365327              1.3999999999999999              1.3999999999999999
      0.056852676      0.41015625               0.2531988307954975             -1.2214194646957439              0.0789385329583387              0.7794124948200835              1.3999999999999999              1.3999999999999999
      0.056852676      0.41796875               0.2054178685431140             -1.1265377265398653              0.0638932350541583              0.7776007450971587              1.3999999999999999              1.3999999999999999
      0.056852676      0.42578125               0.1648589403264605             -1.0297262389303468              0.0515432082464218              0.7816259182600871              1.3999999999999999              1.3999999999999999
      0.056852676      0.43359375               0.1312236662657428             -0.9316743433078871              0.0415918384856101              0.7923844773811966              1.3999999999999999              1.3999999999999999
      0.056852676      0.44140625               0.1039558082706846             -0.8332815138312997              0.0337233440966738              0.8110019213371782              1.3999999999999999              1.3999999999999999
      0.056852676      0.44921875               0.0822734327470560             -0.7355701500068754              0.0276168358178179              0.8391784229644337              1.3999999999999999              1.3999999999999999
      0.056852676      0.45703125               0.0655625499552053             -0.6391032988970878              0.0229942947877925              0.8768075221106796              1.3999999999999999              1.3999999999999999
      0.056852676      0.46484375               0.0537833331382823             -0.5441525082077813              0.0195930762473091              0.9107410746063921              1.3999999999999999              1.3999999999999999
      0.056852676      0.47265625               0.0460061578102966             -0.4466940053715220              0.0171944137551763              0.9343539307322917              1.3999999999999999              1.3999999999999999
      0.056852676      0.48046875               0.0415572618935647             -0.3348211818017575              0.0158095976908325              0.9510731079518429              1.3999999999999999              1.3999999999999999
      0.056852676      0.48828125               0.0393373977503002             -0.2069701492820266              0.0151609041084594              0.9635172237812637              1.3999999999999999              1.3999999999999999
      0.056852676      0.49609375               0.0384338508572539             -0.0699126471708109              0.0149167905300735              0.9702898745090340              1.3999999999999999              1.3999999999999999
      0.056852676      0.50390625               0.0384338508572539              0.0699126471708109              0.0149167905300735              0.9702898745090340              1.3999999999999999              1.3999999999999999
      0.056852676      0.51171875               0.0393373977503002              0.2069701492820266              0.0151609041084594              0.9635172237812637              1.3999999999999999              1.3999999999999999
      0.056852676      0.51953125               0.0415572618935647              0.3348211818017575              0.0158095976908325              0.9510731079518429              1.3999999999999999              1.3999999999999999
      0.056852676      0.52734375               0.0460061578102966              0.4466940053715220              0.0171944137551763              0.9343539307322917              1.3999999999999999              1.3999999999999999
      0.056852676      0.53515625               0.0537833331382823              0.5441525082077813              0.0195930762473091              0.9107410746063921              1.3999999999999999              1.3999999999999999
      0.056852676      0.54296875               0.0655625499552053              0.6391032988970878              0.0229942947877925              0.8768075221106796              1.3999999999999999              1.3999999999999999
      0.056852676      0.55078125               0.0822734327470560              0.7355701500068754              0.0276168358178179              0.8391784229644337              1.3999999999999999              1.3999999999999999
      0.056852676      0.55859375               0.1039558082706846              0.8332815138312997              0.0337233440966738              0.8110019213371782              1.3999999999999999              1.3999999999999999
      0.056852676      0.56640625               0.1312236662657428              0.9316743433078871              0.0415918384856101              0.7923844773811966              1.3999999999999999              1.3999999999999999
      0.056852676      0.57421875               0.1648589403264605              1.0297262389303468              0.0515432082464218              0.7816259182600871              1.3999999999999999              1.3999999999999999
      0.056852676      0.58203125               0.2054178685431140              1.1265377265398653              0.0638932350541583              0.7776007450971587              1.3999999999999999              1.3999999999999999
      0.056852676      0.58984375               0.2531988307954975              1.2214194646957439              0.0789385329583387              0.7794124948200835              1.3999999999999999              1.3999999999999999
      0.056852676      0.59765625               0.3081868623916097              1.3138684972106069              0.0969394363927078              0.7863689876365327              1.3999999999999999              1.3999999999999999
      0.056852676      0.60546875               0.3700156499981078              1.4035086476934602              0.1180983182438607              0.7979278595679982              1.3999999999999999              1.3999999999999999
      0.056852676      0.61328125               0.4379524312454535              1.4900190411850687              0.1425307355259913              0.8136199582261765              1.3999999999999999              1.3999999999999999
      0.056852676      0.62109375               0.5108997303297982              1.5730573451625596              0.1702243052179960              0.8329633737921142              1.3999999999999999              1.3999999999999999
      0.056852676      0.62890625               0.5873931817382343              1.6521734369719998              0.2009763932044544              0.8553742171883835              1.3999999999999999              1.3999999999999999
      0.056852676      0.63671875               0.6655604232049561              1.7267043557309245              0.2342975314074610              0.8800761104424559              1.3999999999999999              1.3999999999999999
      0.056852676      0.64453125               0.7430021992809591              1.7956438578070835              0.2692672045611245              0.9060107925040736              1.3999999999999999              1.3999999999999999
      0.056852676      0.65234375               0.8165896566904970              1.8574998645200371              0.3043463376306802              0.9317603252046619              1.3999999999999999              1.3999999999999999
      0.056852676      0.66015625               0.8822962110475157              1.9102179859229724              0.3372210162038930              0.9555209803165872              1.3999999999999999              1.3999999999999999
      0.056852676      0.66796875               0.9354598784165926              1.9513956732757189              0.3649209226285936              0.9752447193306610              1.3999999999999999              1.3999999999999999
      0.056852676      0.67578125               0.9721559584837249              1.9791722343250622              0.3846482038739945              0.9891627997475110              1.3999999999999999              1.3999999999999999
      0.056852676      0.68359375               0.9917996225582796              1.9938762872423872              0.3954369765209340              0.9967663011933078              1.3999999999999999              1.3999999999999999
      0.056852676      0.69140625               0.9987939492234637              1.9990985878367107              0.3993258366797766              0.9995200636483685              1.3999999999999999              1.3999999999999999
      0.056852676      0.69921875               1.0000000000000000              2.0000000000000000              0.3999999999999999              1.0000000000000000              1.3999999999999999              1.3999999999999999
      0.056852676      0.70703125               1.0000000000000000              2.0000000000000000              0.3999999999999999              1.0000000000000000              1.3999999999999999              1.3999999999999999
      0.056852676      0.71484375               1.0000000000000000              2.0000000000000000              0.3999999999999999              1.0000000000000000              1.3999999999999999              1.3999999999999999
      0.056852676      0.72265625               1.0000000000000000              2.0000000000000000              0.3999999999999999              1.0000000000000000              1.3999999999999999              1.3999999999999999
      0.056852676      0.73046875               1.0000000000000000              2.0000000000000000              0.3999999999999999              1.0000000000000000              1.3999999999999999              1.3999999999999999
      0.056852676      0.73828125               1.0000000000000000              2.0000000000000000              0.3999999999999999              1.0000000000000000              1.3999999999999999              1.3999999999999999
      0.056852676      0.74609375               1.0000000000000000              2.0000000000000000              0.3999999999999999              1.0000000000000000              1.3999999999999999              1.3999999999999999
      0.056852676      0.75390625               1.0000000000000000              2.0000000000000000              0.3999999999999999              1.0000000000000000              1.3999999999999999              1.3999999999999999
      0.056852676      0.76171875               1.0000000000000000              2.0000000000000000              0.3999999999999999              1.0000000000000000              1.3999999999999999              1.3999999999999999
      0.056852676      0.76953125               1.0000000000000000              2.0000000000000000              0.3999999999999999              1.0000000000000000              1.3999999999999999              1.3999999999999999
      0.056852676      0.77734375               1.0000000000000000              2.0000000000000000              0.3999999999999999              1.0000000000000000              1.3999999999999999              1.3999999999999999
      0.056852676      0.78515625               1.0000000000000000              2.0000000000000000              0.3999999999999999              1.0000000000000000              1.3999999999999999              1.3999999999999999
      0.056852676      0.79296875               1.0000000000000000              2.0000000000000000              0.3999999999999999              1.0000000000000000              1.3999999999999999              1.3999999999999999
      0.056852676      0.80078125               1.0000000000000000              2.0000000000000000              0.3999999999999999              1.0000000000000000              1.3999999999999999              1.3999999999999999
      0.056852676      0.80859375               1.0000000000000000              2.0000000000000000              0.3999999999999999              1.0000000000000000              1.3999999999999999              1.3999999999999999
      0.056852676      0.81640625               1.0000000000000000              2.0000000000000000              0.3999999999999999              1.0000000000000000              1.3999999999999999              1.3999999999999999
      0.056852676      0.82421875               1.0000000000000000              2.0000000000000000              0.3999999999999999              1.0000000000000000              1.3999999999999999              1.3999999999999999
      0.056852676      0.83203125               1.0000000000000000              2.0000000000000000              0.3999999999999999              1.0000000000000000              1.3999999999999999              1.3999999999999999
      0.056852676      0.83984375               1.0000000000000000              2.0000000000000000              0.3999999999999999              1.0000000000000000              1.3999999999999999              1.3999999999999999
      0.056852676      0.84765625               1.0000000000000000              2.0000000000000000              0.3999999999999999              1.0000000000000000              1.3999999999999999              1.3999999999999999
      0.056852676      0.85546875               1.0000000000000000              2.0000000000000000              0.3999999999999999              1.0000000000000000              1.3999999999999999              1.3999999999999999
      0.056852676      0.86328125               1.0000000000000000              2.0000000000000000              0.3999999999999999              1.0000000000000000              1.3999999999999999              1.3999999999999999
      0.056852676      0.87109375               1.0000000000000000              2.0000000000000000              0.3999999999999999              1.0000000000000000              1.3999999999999999              1.3999999999999999
      0.056852676      0.87890625               1.0000000000000000              2.0000000000000000              0.3999999999999999              1.0000000000000000              1.3999999999999999              1.3999999999999999
      0.056852676      0.88671875               1.0000000000000000              2.0000000000000000              0.3999999999999999              1.0000000000000000              1.3999999999999999              1.3999999999999999
      0.056852676      0.89453125               1.0000000000000000              2.0000000000000000              0.3999999999999999              1.0000000000000000              1.3999999999999999              1.3999999999999999
      0.056852676      0.90234375               1.0000000000000000              2.0000000000000000              0.3999999999999999              1.0000000000000000              1.3999999999999999              1.3999999999999999
      0.056852676      0.91015625               1.0000000000000000              2.0000000000000000              0.3999999999999999              1.0000000000000000              1.3999999999999999              1.3999999999999999
      0.056852676      0.91796875               1.0000000000000000              2.0000000000000000              0.3999999999999999              1.0000000000000000              1.3999999999999999              1.3999999999999999
      0.056852676      0.92578125               1.0000000000000000              2.0000000000000000              0.3999999999999999              1.0000000000000000              1.3999999999999999              1.3999999999999999
      0.056852676      0.93359375               1.0000000000000000              2.0000000000000000              0.3999999999999999              1.0000000000000000              1.3999999999999999              1.3999999999999999
      0.056852676      0.94140625               1.0000000000000000              2.0000000000000000              0.3999999999999999              1.0000000000000000              1.3999999999999999              1.3999999999999999
      0.056852676      0.94921875               1.0000000000000000              2.0000000000000000              0.3999999999999999              1.0000000000000000              1.3999999999999999              1.3999999999999999
      0.056852676      0.95703125               1.0000000000000000              2.0000000000000000              0.3999999999999999              1.0000000000000000              1.3999999999999999              1.3999999999999999
      0.056852676      0.96484375               1.0000000000000000              2.0000000000000000              0.3999999999999999              1.0000000000000000              1.3999999999999999              1.3999999999999999
      0.056852676      0.97265625               1.0000000000000000              2.0000000000000000              0.3999999999999999              1.0000000000000000              1.3999999999999999              1.3999999999999999
      0.056852676      0.98046875               1.0000000000000000              2.0000000000000000              0.3999999999999999              1.0000000000000000              1.3999999999999999              1.3999999999999999
      0.056852676      0.98828125               1.0000000000000000              2.0000000000000000              0.3999999999999999              1.0000000000000000              1.3999999999999999              1.3999999999999999
      0.056852676      0.99609375               1.0000000000000000              2.0000000000000000              0.3999999999999999              1.0000000000000000              1.3999999999999999              1.3999999999999999
