      0.115979460      0.00390625               1.0000000000000000             -2.0000000000000000              0.3999999999999999              1.0000000000000000              1.3999999999999999              1.3999999999999999
      0.115979460      0.01171875               1.0000000000000000             -2.0000000000000000              0.3999999999999999              1.0000000000000000              1.3999999999999999              1.3999999999999999
      0.115979460      0.01953125               1.0000000000000000             -2.0000000000000000              0.3999999999999999              1.0000000000000000              1.3999999999999999              1.3999999999999999
      0.115979460      0.02734375               1.0000000000000000             -2.0000000000000000              0.3999999999999999              1.0000000000000000              1.3999999999999999              1.3999999999999999
      0.115979460      0.03515625               1.0000000000000000             -2.0000000000000000              0.3999999999999999              1.0000000000000000              1.3999999999999999              1.3999999999999999
      0.115979460      0.04296875               1.0000000000000000             -2.0000000000000000              0.3999999999999999              1.0000000000000000              1.3999999999999999              1.3999999999999999
      0.115979460      0.05078125               1.0000000000000000             -2.0000000000000000              0.3999999999999999              1.0000000000000000              1.3999999999999999              1.3999999999999999
      0.115979460      0.05859375               1.0000000000000000             -2.0000000000000000              0.3999999999999999              1.0000000000000000              1.3999999999999999              1.3999999999999999
      0.115979460      0.06640625               1.0000000000000000             -2.0000000000000000              0.3999999999999999              1.0000000000000000              1.3999999999999999              1.3999999999999999
      0.115979460      0.07421875               1.0000000000000000             -2.0000000000000000              0.3999999999999999              1.0000000000000000              1.3999999999999999              1.3999999999999999
      0.115979460      0.08203125               1.0000000000000000             -2.0000000000000000              0.3999999999999999              1.0000000000000000              1.3999999999999999              1.3999999999999999
      0.115979460      0.08984375               1.0000000000000000             -2.0000000000000000              0.3999999999999999              1.0000000000000000              1.3999999999999999              1.3999999999999999
      0.115979460      0.09765625               1.0000000000000000             -2.0000000000000000              0.3999999999999999              1.0000000000000000              1.3999999999999999              1.3999999999999999
      0.115979460      0.10546875               0.9999963666607540             -1.9999972810661759              0.3999979653398119              0.9999985466834954              1.3999999999999999              1.3999999999999999
      0.115979460      0.11328125               0.9999520306834256             -1.9999641036531948              0.3999731382887943              0.9999808141182266              1.3999999999999999              1.3999999999999999
      0.115979460      0.12109375               0.9996886557411635             -1.9997670202705748              0.3998256825196118              0.9998755117991797              1.3999999999999999              1.3999999999999999
      0.115979460      0.12890625               0.9986740047011572             -1.9990077001641136              0.3992579631259547              0.9994702006022190              1.3999999999999999              1.3999999999999999
      0.115979460      0.13671875               0.9958197330311889             -1.9968704333409633              0.3976634459350247              0.9983319087395761              1.3999999999999999              1.3999999999999999
      0.115979460      0.14453125               0.9895411294565775             -1.9921596812753364              0.3941672011502885              0.9958332943845191              1.3999999999999999              1.3999999999999999
      0.115979460      0.15234375               0.9782005783742344             -1.9836110655731825              0.3878870855147586              0.9913280928524536              1.3999999999999999              1.3999999999999999
      0.115979460      0.16015625               0.9606967813760509             -1.9703010252974906              0.3782745944779431              0.9843756162483516              1.3999999999999999              1.3999999999999999
      0.115979460      0.16796875               0.9368032770058679             -1.9518815846411861              0.3653016347380413              0.9748621821264010              1.3999999999999999              1.3999999999999999
      0.115979460      0.17578125               0.9070999917105931             -1.9285433760377617              0.3494042513230637              0.9629706055452703              1.3999999999999999              1.3999999999999999
      0.115979460      0.18359375               0.8726545919513135             -1.9008167723394627              0.3312820884301902              0.9490641872674435              1.3999999999999999              1.3999999999999999
      0.115979460      0.19140625               0.8346872515421344             -1.8693618622510833              0.3116956329686392              0.9335701257949102              1.3999999999999999              1.3999999999999999
      0.115979460      0.19921875               0.7943449684029883             -1.8348250469959868              0.2913350214689330              0.9169033387806786              1.3999999999999999              1.3999999999999999
      0.115979460      0.20703125               0.7525966095177449             -1.7977685462615047              0.2707636426462599              0.8994315122538292              1.3999999999999999              1.3999999999999999
      0.115979460      0.21484375               0.7102102009784467             -1.7586496966677925              0.2504107176150153              0.8814669138447603              1.3999999999999999              1.3999999999999999
      0.115979460      0.22265625               0.6677719656019936             -1.7178260844135524              0.2305872921216970              0.8632710865370922              1.3999999999999999              1.3999999999999999
      0.115979460      0.23046875               0.6257203315847439             -1.6755707186515216              0.2115094090017854              0.8450636743179722              1.3999999999999999              1.3999999999999999
      0.115979460      0.23828125               0.5843810421440384             -1.6320890242825155              0.1933205165853959              0.8270310920599055              1.3999999999999999              1.3999999999999999
      0.115979460      0.24609375               0.5439975867085640             -1.5875341850652778              0.1761101823369797              0.8093334724264470              1.3999999999999999              1.3999999999999999
      0.115979460      0.25390625               0.5047553070690960             -1.5420198142308195              0.1599286271462571              0.7921096861511773              1.3999999999999999              1.3999999999999999
      0.115979460      0.26171875               0.4667993355365608             -1.4956300020733233              0.1447975680023414              0.7754807953823689              1.3999999999999999              1.3999999999999999
      0.115979460      0.26953125               0.4302471776611174             -1.4484271671955546              0.1307181198796815              0.7595524541862375              1.3999999999999999              1.3999999999999999
      0.115979460      0.27734375               0.3951969144161250             -1.4004582059241801              0.1176764792786815              0.7444167387575634              1.3999999999999999              1.3999999999999999
      0.115979460      0.28515625               0.3617319773191522             -1.3517593845930913              0.1056479894384282              0.7301537883200202              1.3999999999999999              1.3999999999999999
      0.115979460      0.29296875               0.3299233706182413             -1.3023603377763422              0.0946000529048459              0.7168335235510561              1.3999999999999999              1.3999999999999999
      0.115979460      0.30078125               0.2998301190462763             -1.2522874560413446              0.0844942394944268              0.7045176095316312              1.3999999999999999              1.3999999999999999
      0.115979460      0.30859375               0.2714986167571503             -1.2015668796741541              0.0752878430547459              0.6932617553820660              1.3999999999999999              1.3999999999999999
      0.115979460      0.31640625               0.2449614430784144             -1.1502272603582080              0.0669350671130698              0.6831183947961487              1.3999999999999999              1.3999999999999999
      0.115979460      0.32421875               0.2202360942105096             -1.0983024072183238              0.0593879638031757              0.6741397682344771              1.3999999999999999              1.3999999999999999
      0.115979460      0.33203125               0.1973239600863239             -1.0458338916633960              0.0525972087512902              0.6663814258577661              1.3999999999999999              1.3999999999999999
      0.115979460      0.33984375               0.1762097567878733             -0.9928736411587108              0.0465127639399213              0.6599061934452753              1.3999999999999999              1.3999999999999999
      0.115979460      0.34765625               0.1568615099877872             -0.9394864995154267              0.0410844586616523              0.6547887156137131              1.3999999999999999              1.3999999999999999
      0.115979460      0.35546875               0.1392310690021001             -0.8857526664558241              0.0362625037640575              0.6511209032574212              1.3999999999999999              1.3999999999999999
      0.115979460      0.36328125               0.1232549851689850             -0.8317698511379042              0.0319979447809961              0.6490192817987503              1.3999999999999999              1.3999999999999999
      0.115979460      0.37109375               0.1088553056891537             -0.7776548926603594              0.0282430533014738              0.6486374991707912              1.3999999999999999              1.3999999999999999
      0.115979460      0.37890625               0.0959390834927410             -0.7235445904137791              0.0249516526690529              0.6501952009720010              1.3999999999999999              1.3999999999999999
      0.115979460      0.38671875               0.0843922608366771             -0.6695952822478322              0.0220793340839945              0.6540686866632328              1.3999999999999999              1.3999999999999999
      0.115979460      0.39453125               0.0740591176179315             -0.6159621154938475              0.0195845061404423              0.6611105685014407              1.3999999999999999              1.3999999999999999
      0.115979460      0.40234375               0.0648881625089147             -0.5628293642878338              0.0174330429851727              0.6716572912192456              1.3999999999999999              1.3999999999999999
      0.115979460      0.41015625               0.0569287400548959             -0.5104964254751679              0.0155877150976814              0.6845274936108838              1.3999999999999999              1.3999999999999999
      0.115979460      0.41796875               0.0500942840404137             -0.4591066604400870              0.0140094965327772              0.6991564407565425              1.3999999999999999              1.3999999999999999
      0.115979460      0.42578125               0.0442889363298389             -0.4087843038654703              0.0126623726271781              0.7147593550721083              1.3999999999999999              1.3999999999999999
      0.115979460      0.43359375               0.0394103129949828             -0.3596398100827595              0.0115136059263455              0.7303675771245002              1.3999999999999999              1.3999999999999999
      0.115979460      0.44140625               0.0353533700659086             -0.3117714077926788              0.0105345520082759              0.7449468034190582              1.3999999999999999              1.3999999999999999
      0.115979460      0.44921875               0.0320144845127256             -0.2652913779874488              0.0097010337467580              0.7575503630943906              1.3999999999999999              1.3999999999999999
      0.115979460      0.45703125               0.0292972152316106             -0.2203380429013203              0.0089940117065551              0.7674800860297166              1.3999999999999999              1.3999999999999999
      0.115979460      0.46484375               0.0271177165788153             -0.1770745541184827              0.0084000334722653              0.7744045712561521              1.3999999999999999              1.3999999999999999
      0.115979460      0.47265625               0.0254119945142902             -0.1355904801096594              0.0079126811243735              0.7784395986631283              1.3999999999999999              1.3999999999999999
      0.115979460      0.48046875               0.0241424899669827             -0.0957189007843093              0.0075341222528398              0.7801724535397397              1.3999999999999999              1.3999999999999999
      0.115979460      0.48828125               0.0232954669334653             -0.0570141785874280              0.0072730250901820              0.7805193507125930              1.3999999999999999              1.3999999999999999
      0.115979460      0.49609375               0.0228706247557673             -0.0189420700599145              0.0071393415251804              0.7804051705430605              1.3999999999999999              1.3999999999999999
      0.115979460      0.50390625               0.0228706247557673              0.0189420700599145              0.0071393415251804              0.7804051705430605              1.3999999999999999              1.3999999999999999
      0.115979460      0.51171875               0.0232954669334653              0.0570141785874280              0.0072730250901820              0.7805193507125930              1.3999999999999999              1.3999999999999999
      0.115979460      0.51953125               0.0241424899669827              0.0957189007843093              0.0075341222528398              0.7801724535397397              1.3999999999999999              1.3999999999999999
      0.115979460      0.52734375               0.0254119945142902              0.1355904801096594              0.0079126811243735              0.7784395986631283              1.3999999999999999              1.3999999999999999
      0.115979460      0.53515625               0.0271177165788153              0.1770745541184827              0.0084000334722653              0.7744045712561521              1.3999999999999999              1.3999999999999999
      0.115979460      0.54296875               0.0292972152316106              0.2203380429013203              0.0089940117065551              0.7674800860297166              1.3999999999999999              1.3999999999999999
      0.115979460      0.55078125               0.0320144845127256              0.2652913779874488              0.0097010337467580              0.7575503630943906              1.3999999999999999              1.3999999999999999
      0.115979460      0.55859375               0.0353533700659086              0.3117714077926788              0.0105345520082759              0.7449468034190582              1.3999999999999999              1.3999999999999999
      0.115979460      0.56640625               0.0394103129949828              0.3596398100827595              0.0115136059263455              0.7303675771245002              1.3999999999999999              1.3999999999999999
      0.115979460      0.57421875               0.0442889363298389              0.4087843038654703              0.0126623726271781              0.7147593550721083              1.3999999999999999              1.3999999999999999
      0.115979460      0.58203125               0.0500942840404137              0.4591066604400870              0.0140094965327772              0.6991564407565425              1.3999999999999999              1.3999999999999999
      0.115979460      0.58984375               0.0569287400548959              0.5104964254751679              0.0155877150976814              0.6845274936108838              1.3999999999999999              1.3999999999999999
      0.115979460      0.59765625               0.0648881625089147              0.5628293642878338              0.0174330429851727              0.6716572912192456              1.3999999999999999              1.3999999999999999
      0.115979460      0.60546875               0.0740591176179315              0.6159621154938475              0.0195845061404423              0.6611105685014407              1.3999999999999999              1.3999999999999999
      0.115979460      0.61328125               0.0843922608366771              0.6695952822478322              0.0220793340839945              0.6540686866632328              1.3999999999999999              1.3999999999999999
      0.115979460      0.62109375               0.0959390834927410              0.7235445904137791              0.0249516526690529              0.6501952009720010              1.3999999999999999              1.3999999999999999
      0.115979460      0.62890625               0.1088553056891537              0.7776548926603594              0.0282430533014738              0.6486374991707912              1.3999999999999999              1.3999999999999999
      0.115979460      0.63671875               0.1232549851689850              0.8317698511379042              0.0319979447809961              0.6490192817987503              1.3999999999999999              1.3999999999999999
      0.115979460      0.64453125               0.1392310690021001              0.8857526664558241              0.0362625037640575              0.6511209032574212              1.3999999999999999              1.3999999999999999
      0.115979460      0.65234375               0.1568615099877872              0.9394864995154267              0.0410844586616523              0.6547887156137131              1.3999999999999999              1.3999999999999999
      0.115979460      0.66015625               0.1762097567878733              0.9928736411587108              0.0465127639399213              0.6599061934452753              1.3999999999999999              1.3999999999999999
      0.115979460      0.66796875               0.1973239600863239              1.0458338916633960              0.0525972087512902              0.6663814258577661              1.3999999999999999              1.3999999999999999
      0.115979460      0.67578125               0.2202360942105096              1.0983024072183238              0.0593879638031757              0.6741397682344771              1.3999999999999999              1.3999999999999999
      0.115979460      0.68359375               0.2449614430784144              1.1502272603582080              0.0669350671130698              0.6831183947961487              1.3999999999999999              1.3999999999999999
      0.115979460      0.69140625               0.2714986167571503              1.2015668796741541              0.0752878430547459              0.6932617553820660              1.3999999999999999              1.3999999999999999
      0.115979460      0.69921875               0.2998301190462763              1.2522874560413446              0.0844942394944268              0.7045176095316312              1.3999999999999999              1.3999999999999999
      0.115979460      0.70703125               0.3299233706182413              1.3023603377763422              0.0946000529048459              0.7168335235510561              1.3999999999999999              1.3999999999999999
      0.115979460      0.71484375               0.3617319773191522              1.3517593845930913              0.1056479894384282              0.7301537883200202              1.3999999999999999              1.3999999999999999
      0.115979460      0.72265625               0.3951969144161250              1.4004582059241801              0.1176764792786815              0.7444167387575634              1.3999999999999999              1.3999999999999999
      0.115979460      0.73046875               0.4302471776611174              1.4484271671955546              0.1307181198796815              0.7595524541862375              1.3999999999999999              1.3999999999999999
      0.115979460      0.73828125               0.4667993355365608              1.4956300020733233              0.1447975680023414              0.7754807953823689              1.3999999999999999              1.3999999999999999
      0.115979460      0.74609375               0.5047553070690960              1.5420198142308195              0.1599286271462571              0.7921096861511773              1.3999999999999999              1.3999999999999999
      0.115979460      0.75390625               0.5439975867085640              1.5875341850652778              0.1761101823369797              0.8093334724264470              1.3999999999999999              1.3999999999999999
      0.115979460      0.76171875               0.5843810421440384              1.6320890242825155              0.1933205165853959              0.8270310920599055              1.3999999999999999              1.3999999999999999
      0.115979460      0.76953125               0.6257203315847439              1.6755707186515216              0.2115094090017854              0.8450636743179722              1.3999999999999999              1.3999999999999999
      0.115979460      0.77734375               0.6677719656019936              1.7178260844135524              0.2305872921216970              0.8632710865370922              1.3999999999999999              1.3999999999999999
      0.115979460      0.78515625               0.7102102009784467              1.7586496966677925              0.2504107176150153              0.8814669138447603              1.3999999999999999              1.3999999999999999
      0.115979460      0.79296875               0.7525966095177449              1.7977685462615047              0.2707636426462599              0.8994315122538292              1.3999999999999999              1.3999999999999999
      0.115979460      0.80078125               0.7943449684029883              1.8348250469959868              0.2913350214689330              0.9169033387806786              1.3999999999999999              1.3999999999999999
      0.115979460      0.80859375               0.8346872515421344              1.8693618622510833              0.3116956329686392              0.9335701257949102              1.3999999999999999              1.3999999999999999
      0.115979460      0.81640625               0.8726545919513135              1.9008167723394627              0.3312820884301902              0.9490641872674435              1.3999999999999999              1.3999999999999999
      0.115979460      0.82421875               0.9070999917105931              1.9285433760377617              0.3494042513230637              0.9629706055452703              1.3999999999999999              1.3999999999999999
      0.115979460      0.83203125               0.9368032770058679              1.9518815846411861              0.3653016347380413              0.9748621821264010              1.3999999999999999              1.3999999999999999
      0.115979460      0.83984375               0.9606967813760509              1.9703010252974906              0.3782745944779431              0.9843756162483516              1.3999999999999999              1.3999999999999999
      0.115979460      0.84765625               0.9782005783742344              1.9836110655731825              0.3878870855147586              0.9913280928524536              1.3999999999999999              1.3999999999999999
      0.115979460      0.85546875               0.9895411294565775              1.9921596812753364              0.3941672011502885              0.9958332943845191              1.3999999999999999              1.3999999999999999
      0.115979460      0.86328125               0.9958197330311889              1.9968704333409633              0.3976634459350247              0.9983319087395761              1.3999999999999999              1.3999999999999999
      0.115979460      0.87109375               0.9986740047011572              1.9990077001641136              0.3992579631259547              0.9994702006022190              1.3999999999999999              1.3999999999999999
      0.115979460      0.87890625               0.9996886557411635              1.9997670202705748              0.3998256825196118              0.9998755117991797              1.3999999999999999              1.3999999999999999
      0.115979460      0.88671875               0.9999520306834256              1.9999641036531948              0.3999731382887943              0.9999808141182266              1.3999999999999999              1.3999999999999999
      0.115979460      0.89453125               0.9999963666607540              1.9999972810661759              0.3999979653398119              0.9999985466834954              1.3999999999999999              1.3999999999999999
      0.115979460      0.90234375               1.0000000000000000              2.0000000000000000              0.3999999999999999              1.0000000000000000              1.3999999999999999              1.3999999999999999
      0.115979460      0.91015625               1.0000000000000000              2.0000000000000000              0.3999999999999999              1.0000000000000000              1.3999999999999999              1.3999999999999999
      0.115979460      0.91796875               1.0000000000000000              2.0000000000000000              0.3999999999999999              1.0000000000000000              1.3999999999999999              1.3999999999999999
      0.115979460      0.92578125               1.0000000000000000              2.0000000000000000              0.3999999999999999              1.0000000000000000              1.3999999999999999              1.3999999999999999
      0.115979460      0.93359375               1.0000000000000000              2.0000000000000000              0.3999999999999999              1.0000000000000000              1.3999999999999999              1.3999999999999999
      0.115979460      0.94140625               1.0000000000000000              2.0000000000000000              0.3999999999999999              1.0000000000000000              1.3999999999999999              1.3999999999999999
      0.115979460      0.94921875               1.0000000000000000              2.0000000000000000              0.3999999999999999              1.0000000000000000              1.3999999999999999              1.3999999999999999
      0.115979460      0.95703125               1.0000000000000000              2.0000000000000000              0.3999999999999999              1.0000000000000000              1.3999999999999999              1.3999999999999999
      0.115979460      0.96484375               1.0000000000000000              2.0000000000000000              0.3999999999999999              1.0000000000000000              1.3999999999999999              1.3999999999999999
      0.115979460      0.97265625               1.0000000000000000              2.0000000000000000              0.3999999999999999              1.0000000000000000              1.3999999999999999              1.3999999999999999
      0.115979460      0.98046875               1.0000000000000000              2.0000000000000000              0.3999999999999999              1.0000000000000000              1.3999999999999999              1.3999999999999999
      0.115979460      0.98828125               1.0000000000000000              2.0000000000000000              0.3999999999999999              1.0000000000000000              1.3999999999999999              1.3999999999999999
      0.115979460      0.99609375               1.0000000000000000              2.0000000000000000              0.3999999999999999              1.0000000000000000              1.3999999999999999              1.3999999999999999
