      0.111431246      0.00390625               1.0000000000000000             -2.0000000000000000              0.3999999999999999              1.0000000000000000              1.3999999999999999              1.3999999999999999
      0.111431246      0.01171875               1.0000000000000000             -2.0000000000000000              0.3999999999999999              1.0000000000000000              1.3999999999999999              1.3999999999999999
      0.111431246      0.01953125               1.0000000000000000             -2.0000000000000000              0.3999999999999999              1.0000000000000000              1.3999999999999999              1.3999999999999999
      0.111431246      0.02734375               1.0000000000000000             -2.0000000000000000              0.3999999999999999              1.0000000000000000              1.3999999999999999              1.3999999999999999
      0.111431246      0.03515625               1.0000000000000000             -2.0000000000000000              0.3999999999999999              1.0000000000000000              1.3999999999999999              1.3999999999999999
      0.111431246      0.04296875               1.0000000000000000             -2.0000000000000000              0.3999999999999999              1.0000000000000000              1.3999999999999999              1.3999999999999999
      0.111431246      0.05078125               1.0000000000000000             -2.0000000000000000              0.3999999999999999              1.0000000000000000              1.3999999999999999              1.3999999999999999
      0.111431246      0.05859375               1.0000000000000000             -2.0000000000000000              0.3999999999999999              1.0000000000000000              1.3999999999999999              1.3999999999999999
      0.111431246      0.06640625               1.0000000000000000             -2.0000000000000000              0.3999999999999999              1.0000000000000000              1.3999999999999999              1.3999999999999999
      0.111431246      0.07421875               1.0000000000000000             -2.0000000000000000              0.3999999999999999              1.0000000000000000              1.3999999999999999              1.3999999999999999
      0.111431246      0.08203125               1.0000000000000000             -2.0000000000000000              0.3999999999999999              1.0000000000000000              1.3999999999999999              1.3999999999999999
      0.111431246      0.08984375               1.0000000000000000             -2.0000000000000000              0.3999999999999999              1.0000000000000000              1.3999999999999999              1.3999999999999999
      0.111431246      0.09765625               1.0000000000000000             -2.0000000000000000              0.3999999999999999              1.0000000000000000              1.3999999999999999              1.3999999999999999
      0.111431246      0.10546875               1.0000000000000000             -2.0000000000000000              0.3999999999999999              1.0000000000000000              1.3999999999999999              1.3999999999999999
      0.111431246      0.11328125               1.0000000000000000             -2.0000000000000000              0.3999999999999999              1.0000000000000000              1.3999999999999999              1.3999999999999999
      0.111431246      0.12109375               0.9999943228783138             -1.9999957516514968              0.3999968208358223              0.9999977291983506              1.3999999999999999              1.3999999999999999
      0.111431246      0.12890625               0.9999278830479275             -1.9999460339360937              0.3999596169785105              0.9999711573183027              1.3999999999999999              1.3999999999999999
      0.111431246      0.13671875               0.9995498261861526             -1.9996631377359158              0.3997479752568537              0.9998200309386233              1.3999999999999999              1.3999999999999999
      0.111431246      0.14453125               0.9981561034647658             -1.9986200955826074              0.3989684059060547              0.9992635533689799              1.3999999999999999              1.3999999999999999
      0.111431246      0.15234375               0.9944052372462950             -1.9958106371878603              0.3968746623153878              0.9977689362699165              1.3999999999999999              1.3999999999999999
      0.111431246      0.16015625               0.9865025708959408             -1.9898756861691365              0.3924810224201226              0.9946274698090034              1.3999999999999999              1.3999999999999999
      0.111431246      0.16796875               0.9727914828773817             -1.9795173682698097              0.3849087996606726              0.9891862912958646              1.3999999999999999              1.3999999999999999
      0.111431246      0.17578125               0.9523722851337878             -1.9639275907807472              0.3737416692882805              0.9810808103151013              1.3999999999999999              1.3999999999999999
      0.111431246      0.18359375               0.9253318468510046             -1.9429495411536866              0.3591446279313275              0.9703130535102948              1.3999999999999999              1.3999999999999999
      0.111431246      0.19140625               0.8925374263090166             -1.9169518731089339              0.3417246058506057              0.9571716428289391              1.3999999999999999              1.3999999999999999
      0.111431246      0.19921875               0.8552448315926019             -1.8865840138225207              0.3222877325238380              0.9420920203741163              1.3999999999999999              1.3999999999999999
      0.111431246      0.20703125               0.8147608202633815             -1.8525643643396115              0.3016377433608082              0.9255407717791958              1.3999999999999999              1.3999999999999999
      0.111431246      0.21484375               0.7722483030584453             -1.8155548807812394              0.2804652953001848              0.9079505069464644              1.3999999999999999              1.3999999999999999
      0.111431246      0.22265625               0.7286546043680362             -1.7761097041897222              0.2593123352721494              0.8896956586757990              1.3999999999999999              1.3999999999999999
      0.111431246      0.23046875               0.6847123531118936             -1.7346678846823753              0.2385787671866673              0.8710912184597303              1.3999999999999999              1.3999999999999999
      0.111431246      0.23828125               0.6409720306607121             -1.6915661279117551              0.2185460212565440              0.8524007710261065              1.3999999999999999              1.3999999999999999
      0.111431246      0.24609375               0.5978424269107916             -1.6470576304489277              0.1994034901613836              0.8338463497470134              1.3999999999999999              1.3999999999999999
      0.111431246      0.25390625               0.5556280168071208             -1.6013305223264809              0.1812718549787247              0.8156169662771476              1.3999999999999999              1.3999999999999999
      0.111431246      0.26171875               0.5145593716775652             -1.5545235885802999              0.1642216251282166              0.7978750080521404              1.3999999999999999              1.3999999999999999
      0.111431246      0.26953125               0.4748160361195256             -1.5067388828843400              0.1482870870850623              0.7807607357627978              1.3999999999999999              1.3999999999999999
      0.111431246      0.27734375               0.4365426218143015             -1.4580516016495477              0.1334764783522156              0.7643954546607503              1.3999999999999999              1.3999999999999999
      0.111431246      0.28515625               0.3998592848953810             -1.4085177911321431              0.1197792801822876              0.7488839493474972              1.3999999999999999              1.3999999999999999
      0.111431246      0.29296875               0.3648678064148239             -1.3581804418060841              0.1071714034716720              0.7343166592630753              1.3999999999999999              1.3999999999999999
      0.111431246      0.30078125               0.3316544190054005             -1.3070744349154353              0.0956188782023551              0.7207719294763720              1.3999999999999999              1.3999999999999999
      0.111431246      0.30859375               0.3002904021454121             -1.2552307078450233              0.0850805041494531              0.7083185438295654              1.3999999999999999              1.3999999999999999
      0.111431246      0.31640625               0.2708313286109160             -1.2026799185998962              0.0755097950965077              0.6970186525668457              1.3999999999999999              1.3999999999999999
      0.111431246      0.32421875               0.2433156920944118             -1.1494558183221135              0.0668564510148971              0.6869311473441191              1.3999999999999999              1.3999999999999999
      0.111431246      0.33203125               0.2177634845925959             -1.0955984801434886              0.0590675185078168              0.6781155093371554              1.3999999999999999              1.3999999999999999
      0.111431246      0.33984375               0.1941751280427162             -1.0411574755415851              0.0520883446831971              0.6706361572700785              1.3999999999999999              1.3999999999999999
      0.111431246      0.34765625               0.1725310045612312             -0.9861950272382307              0.0458633895406355              0.6645673578681125              1.3999999999999999              1.3999999999999999
      0.111431246      0.35546875               0.1527916764043024             -0.9307890921161576              0.0403369337742130              0.6599988743411224              1.3999999999999999              1.3999999999999999
      0.111431246      0.36328125               0.1348987290583837             -0.8750362321712465              0.0354537000003823              0.6570428840926678              1.3999999999999999              1.3999999999999999
      0.111431246      0.37109375               0.1187759575258707             -0.8190540223560248              0.0311593938913464              0.6558438791065857              1.3999999999999999              1.3999999999999999
      0.111431246      0.37890625               0.1043301408291011             -0.7629826254785015              0.0274011627145476              0.6565974726189705              1.3999999999999999              1.3999999999999999
      0.111431246      0.38671875               0.0914491714995493             -0.7069851312543172              0.0241279577066402              0.6596002268527698              1.3999999999999999              1.3999999999999999
      0.111431246      0.39453125               0.0799911694923569             -0.6512459532341369              0.0212908302658754              0.6654118948688990              1.3999999999999999              1.3999999999999999
      0.111431246      0.40234375               0.0697844137472008             -0.5959170285916575              0.0188463460741562              0.6751631582959364              1.3999999999999999              1.3999999999999999
      0.111431246      0.41015625               0.0608911071089991             -0.5413121156347269              0.0167566062753421              0.6879742819155288              1.3999999999999999              1.3999999999999999
      0.111431246      0.41796875               0.0532715382584298             -0.4876597098311953              0.0149772483806855              0.7028729069183353              1.3999999999999999              1.3999999999999999
      0.111431246      0.42578125               0.0468182992420154             -0.4350944847725502              0.0134657639654591              0.7190438452201791              1.3999999999999999              1.3999999999999999
      0.111431246      0.43359375               0.0414152970485346             -0.3837294788409857              0.0121832427765033              0.7354313288050150              1.3999999999999999              1.3999999999999999
      0.111431246      0.44140625               0.0369416701730912             -0.3336502975107439              0.0110953466210788              0.7508693143197970              1.3999999999999999              1.3999999999999999
      0.111431246      0.44921875               0.0332765607661618             -0.2849427614976658              0.0101727700599307              0.7642594235786478              1.3999999999999999              1.3999999999999999
      0.111431246      0.45703125               0.0303064431100730             -0.2377030687002946              0.0093922089036327              0.7747699779152737              1.3999999999999999              1.3999999999999999
      0.111431246      0.46484375               0.0279320043382150             -0.1920382324631917              0.0087369892936055              0.7819873206925638              1.3999999999999999              1.3999999999999999
      0.111431246      0.47265625               0.0260778375271990             -0.1479426806153030              0.0081991674446351              0.7860283119798058              1.3999999999999999              1.3999999999999999
      0.111431246      0.48046875               0.0247006564069648             -0.1050948667479808              0.0077814935683817              0.7875796335302588              1.3999999999999999              1.3999999999999999
      0.111431246      0.48828125               0.0237840730820648             -0.0629309703840488              0.0074939352244351              0.7877052007217171              1.3999999999999999              1.3999999999999999
      0.111431246      0.49609375               0.0233254145504329             -0.0209715774928290              0.0073470475243511              0.7874509055847414              1.3999999999999999              1.3999999999999999
      0.111431246      0.50390625               0.0233254145504329              0.0209715774928290              0.0073470475243511              0.7874509055847414              1.3999999999999999              1.3999999999999999
      0.111431246      0.51171875               0.0237840730820648              0.0629309703840488              0.0074939352244351              0.7877052007217171              1.3999999999999999              1.3999999999999999
      0.111431246      0.51953125               0.0247006564069648              0.1050948667479808              0.0077814935683817              0.7875796335302588              1.3999999999999999              1.3999999999999999
      0.111431246      0.52734375               0.0260778375271990              0.1479426806153030              0.0081991674446351              0.7860283119798058              1.3999999999999999              1.3999999999999999
      0.111431246      0.53515625               0.0279320043382150              0.1920382324631917              0.0087369892936055              0.7819873206925638              1.3999999999999999              1.3999999999999999
      0.111431246      0.54296875               0.0303064431100730              0.2377030687002946              0.0093922089036327              0.7747699779152737              1.3999999999999999              1.3999999999999999
      0.111431246      0.55078125               0.0332765607661618              0.2849427614976658              0.0101727700599307              0.7642594235786478              1.3999999999999999              1.3999999999999999
      0.111431246      0.55859375               0.0369416701730912              0.3336502975107439              0.0110953466210788              0.7508693143197970              1.3999999999999999              1.3999999999999999
      0.111431246      0.56640625               0.0414152970485346              0.3837294788409857              0.0121832427765033              0.7354313288050150              1.3999999999999999              1.3999999999999999
      0.111431246      0.57421875               0.0468182992420154              0.4350944847725502              0.0134657639654591              0.7190438452201791              1.3999999999999999              1.3999999999999999
      0.111431246      0.58203125               0.0532715382584298              0.4876597098311953              0.0149772483806855              0.7028729069183353              1.3999999999999999              1.3999999999999999
      0.111431246      0.58984375               0.0608911071089991              0.5413121156347269              0.0167566062753421              0.6879742819155288              1.3999999999999999              1.3999999999999999
      0.111431246      0.59765625               0.0697844137472008              0.5959170285916575              0.0188463460741562              0.6751631582959364              1.3999999999999999              1.3999999999999999
      0.111431246      0.60546875               0.0799911694923569              0.6512459532341369              0.0212908302658754              0.6654118948688990              1.3999999999999999              1.3999999999999999
      0.111431246      0.61328125               0.0914491714995493              0.7069851312543172              0.0241279577066402              0.6596002268527698              1.3999999999999999              1.3999999999999999
      0.111431246      0.62109375               0.1043301408291011              0.7629826254785015              0.0274011627145476              0.6565974726189705              1.3999999999999999              1.3999999999999999
      0.111431246      0.62890625               0.1187759575258707              0.8190540223560248              0.0311593938913464              0.6558438791065857              1.3999999999999999              1.3999999999999999
      0.111431246      0.63671875               0.1348987290583837              0.8750362321712465              0.0354537000003823              0.6570428840926678              1.3999999999999999              1.3999999999999999
      0.111431246      0.64453125               0.1527916764043024              0.9307890921161576              0.0403369337742130              0.6599988743411224              1.3999999999999999              1.3999999999999999
      0.111431246      0.65234375               0.1725310045612312              0.9861950272382307              0.0458633895406355              0.6645673578681125              1.3999999999999999              1.3999999999999999
      0.111431246      0.66015625               0.1941751280427162              1.0411574755415851              0.0520883446831971              0.6706361572700785              1.3999999999999999              1.3999999999999999
      0.111431246      0.66796875               0.2177634845925959              1.0955984801434886              0.0590675185078168              0.6781155093371554              1.3999999999999999              1.3999999999999999
      0.111431246      0.67578125               0.2433156920944118              1.1494558183221135              0.0668564510148971              0.6869311473441191              1.3999999999999999              1.3999999999999999
      0.111431246      0.68359375               0.2708313286109160              1.2026799185998962              0.0755097950965077              0.6970186525668457              1.3999999999999999              1.3999999999999999
      0.111431246      0.69140625               0.3002904021454121              1.2552307078450233              0.0850805041494531              0.7083185438295654              1.3999999999999999              1.3999999999999999
      0.111431246      0.69921875               0.3316544190054005              1.3070744349154353              0.0956188782023551              0.7207719294763720              1.3999999999999999              1.3999999999999999
      0.111431246      0.70703125               0.3648678064148239              1.3581804418060841              0.1071714034716720              0.7343166592630753              1.3999999999999999              1.3999999999999999
      0.111431246      0.71484375               0.3998592848953810              1.4085177911321431              0.1197792801822876              0.7488839493474972              1.3999999999999999              1.3999999999999999
      0.111431246      0.72265625               0.4365426218143015              1.4580516016495477              0.1334764783522156              0.7643954546607503              1.3999999999999999              1.3999999999999999
      0.111431246      0.73046875               0.4748160361195256              1.5067388828843400              0.1482870870850623              0.7807607357627978              1.3999999999999999              1.3999999999999999
      0.111431246      0.73828125               0.5145593716775652              1.5545235885802999              0.1642216251282166              0.7978750080521404              1.3999999999999999              1.3999999999999999
      0.111431246      0.74609375               0.5556280168071208              1.6013305223264809              0.1812718549787247              0.8156169662771476              1.3999999999999999              1.3999999999999999
      0.111431246      0.75390625               0.5978424269107916              1.6470576304489277              0.1994034901613836              0.8338463497470134              1.3999999999999999              1.3999999999999999
      0.111431246      0.76171875               0.6409720306607121              1.6915661279117551              0.2185460212565440              0.8524007710261065              1.3999999999999999              1.3999999999999999
      0.111431246      0.76953125               0.6847123531118936              1.7346678846823753              0.2385787671866673              0.8710912184597303              1.3999999999999999              1.3999999999999999
      0.111431246      0.77734375               0.7286546043680362              1.7761097041897222              0.2593123352721494              0.8896956586757990              1.3999999999999999              1.3999999999999999
      0.111431246      0.78515625               0.7722483030584453              1.8155548807812394              0.2804652953001848              0.9079505069464644              1.3999999999999999              1.3999999999999999
      0.111431246      0.79296875               0.8147608202633815              1.8525643643396115              0.3016377433608082              0.9255407717791958              1.3999999999999999              1.3999999999999999
      0.111431246      0.80078125               0.8552448315926019              1.8865840138225207              0.3222877325238380              0.9420920203741163              1.3999999999999999              1.3999999999999999
      0.111431246      0.80859375               0.8925374263090166              1.9169518731089339              0.3417246058506057              0.9571716428289391              1.3999999999999999              1.3999999999999999
      0.111431246      0.81640625               0.9253318468510046              1.9429495411536866              0.3591446279313275              0.9703130535102948              1.3999999999999999              1.3999999999999999
      0.111431246      0.82421875               0.9523722851337878              1.9639275907807472              0.3737416692882805              0.9810808103151013              1.3999999999999999              1.3999999999999999
      0.111431246      0.83203125               0.9727914828773817              1.9795173682698097              0.3849087996606726              0.9891862912958646              1.3999999999999999              1.3999999999999999
      0.111431246      0.83984375               0.9865025708959408              1.9898756861691365              0.3924810224201226              0.9946274698090034              1.3999999999999999              1.3999999999999999
      0.111431246      0.84765625               0.9944052372462950              1.9958106371878603              0.3968746623153878              0.9977689362699165              1.3999999999999999              1.3999999999999999
      0.111431246      0.85546875               0.9981561034647658              1.9986200955826074              0.3989684059060547              0.9992635533689799              1.3999999999999999              1.3999999999999999
      0.111431246      0.86328125               0.9995498261861526              1.9996631377359158              0.3997479752568537              0.9998200309386233              1.3999999999999999              1.3999999999999999
      0.111431246      0.87109375               0.9999278830479275              1.9999460339360937              0.3999596169785105              0.9999711573183027              1.3999999999999999              1.3999999999999999
      0.111431246      0.87890625               0.9999943228783138              1.9999957516514968              0.3999968208358223              0.9999977291983506              1.3999999999999999              1.3999999999999999
      0.111431246      0.88671875               1.0000000000000000              2.0000000000000000              0.3999999999999999              1.0000000000000000              1.3999999999999999              1.3999999999999999
      0.111431246      0.89453125               1.0000000000000000              2.0000000000000000              0.3999999999999999              1.0000000000000000              1.3999999999999999              1.3999999999999999
      0.111431246      0.90234375               1.0000000000000000              2.0000000000000000              0.3999999999999999              1.0000000000000000              1.3999999999999999              1.3999999999999999
      0.111431246      0.91015625               1.0000000000000000              2.0000000000000000              0.3999999999999999              1.0000000000000000              1.3999999999999999              1.3999999999999999
      0.111431246      0.91796875               1.0000000000000000              2.0000000000000000              0.3999999999999999              1.0000000000000000              1.3999999999999999              1.3999999999999999
      0.111431246      0.92578125               1.0000000000000000              2.0000000000000000              0.3999999999999999              1.0000000000000000              1.3999999999999999              1.3999999999999999
      0.111431246      0.93359375               1.0000000000000000              2.0000000000000000              0.3999999999999999              1.0000000000000000              1.3999999999999999              1.3999999999999999
      0.111431246      0.94140625               1.0000000000000000              2.0000000000000000              0.3999999999999999              1.0000000000000000              1.3999999999999999              1.3999999999999999
      0.111431246      0.94921875               1.0000000000000000              2.0000000000000000              0.3999999999999999              1.0000000000000000              1.3999999999999999              1.3999999999999999
      0.111431246      0.95703125               1.0000000000000000              2.0000000000000000              0.3999999999999999              1.0000000000000000              1.3999999999999999              1.3999999999999999
      0.111431246      0.96484375               1.0000000000000000              2.0000000000000000              0.3999999999999999              1.0000000000000000              1.3999999999999999              1.3999999999999999
      0.111431246      0.97265625               1.0000000000000000              2.0000000000000000              0.3999999999999999              1.0000000000000000              1.3999999999999999              1.3999999999999999
      0.111431246      0.98046875               1.0000000000000000              2.0000000000000000              0.3999999999999999              1.0000000000000000              1.3999999999999999              1.3999999999999999
      0.111431246      0.98828125               1.0000000000000000              2.0000000000000000              0.3999999999999999              1.0000000000000000              1.3999999999999999              1.3999999999999999
      0.111431246      0.99609375               1.0000000000000000              2.0000000000000000              0.3999999999999999              1.0000000000000000              1.3999999999999999              1.3999999999999999
