      0.138720530      0.00390625               1.0000000000000000             -2.0000000000000000              0.3999999999999999              1.0000000000000000              1.3999999999999999              1.3999999999999999
      0.138720530      0.01171875               1.0000000000000000             -2.0000000000000000              0.3999999999999999              1.0000000000000000              1.3999999999999999              1.3999999999999999
      0.138720530      0.01953125               1.0000000000000000             -2.0000000000000000              0.3999999999999999              1.0000000000000000              1.3999999999999999              1.3999999999999999
      0.138720530      0.02734375               0.9999996098763326             -1.9999997080582741              0.3999997815308586              0.9999998439507534              1.3999999999999999              1.3999999999999999
      0.138720530      0.03515625               0.9999938744739966             -1.9999954160872859              0.3999965697244366              0.9999975498220864              1.3999999999999999              1.3999999999999999
      0.138720530      0.04296875               0.9999526140111163             -1.9999645398761472              0.3999734647287783              0.9999810469127187              1.3999999999999999              1.3999999999999999
      0.138720530      0.05078125               0.9997591628679711             -1.9998197758278782              0.3998651499462935              0.9999036888024503              1.3999999999999999              1.3999999999999999
      0.138720530      0.05859375               0.9990946874740371             -1.9993224932184532              0.3994932507303681              0.9996381117298996              1.3999999999999999              1.3999999999999999
      0.138720530      0.06640625               0.9973108253406514             -1.9979869358903706              0.3984958064069671              0.9989258019706467              1.3999999999999999              1.3999999999999999
      0.138720530      0.07421875               0.9934037722343926             -1.9950580824526365              0.3963155053671635              0.9973676274546435              1.3999999999999999              1.3999999999999999
      0.138720530      0.08203125               0.9861884551432704             -1.9896333530885462              0.3923031012589754              0.9944932411573988              1.3999999999999999              1.3999999999999999
      0.138720530      0.08984375               0.9746306764372894             -1.9808951899097449              0.3859107703355183              0.9898897594373767              1.3999999999999999              1.3999999999999999
      0.138720530      0.09765625               0.9581542811240280             -1.9683246108774897              0.3768676758730260              0.9833167875399874              1.3999999999999999              1.3999999999999999
      0.138720530      0.10546875               0.9367578481878629             -1.9517843617807156              0.3652407631210785              0.9747470059301576              1.3999999999999999              1.3999999999999999
      0.138720530      0.11328125               0.9109235974447341             -1.9314640435346042              0.3513726262627291              0.9643306728697604              1.3999999999999999              1.3999999999999999
      0.138720530      0.12109375               0.8814198216639785             -1.9077559432825311              0.3357589645819086              0.9523241828963236              1.3999999999999999              1.3999999999999999
      0.138720530      0.12890625               0.8491074599091701             -1.8811327695419318              0.3189323606950898              0.9390223727665943              1.3999999999999999              1.3999999999999999
      0.138720530      0.13671875               0.8148069692226128             -1.8520622802827313              0.3013850281779824              0.9247129674943945              1.3999999999999999              1.3999999999999999
      0.138720530      0.14453125               0.7792305042902508             -1.8209618262418037              0.2835319652864501              0.9096537023556994              1.3999999999999999              1.3999999999999999
      0.138720530      0.15234375               0.7429611776021741             -1.7881818082578063              0.2657023190256744              0.8940652857636509              1.3999999999999999              1.3999999999999999
      0.138720530      0.16015625               0.7064587767410188             -1.7540056804177238              0.2481459130626998              0.8781330249990931              1.3999999999999999              1.3999999999999999
      0.138720530      0.16796875               0.6700770249762115             -1.7186575332223768              0.2310457940412232              0.8620120726024956              1.3999999999999999              1.3999999999999999
      0.138720530      0.17578125               0.6340837840821905             -1.6823120259856343              0.2145317052436029              0.8458334317527475              1.3999999999999999              1.3999999999999999
      0.138720530      0.18359375               0.5986800613461098             -1.6451040914554840              0.1986921819493896              0.8297093672312960              1.3999999999999999              1.3999999999999999
      0.138720530      0.19140625               0.5640162460666158             -1.6071373832941487              0.1835845214375836              0.8137377368022680              1.3999999999999999              1.3999999999999999
      0.138720530      0.19921875               0.5302052672180826             -1.5684912234494555              0.1692426236210949              0.7980051976335919              1.3999999999999999              1.3999999999999999
      0.138720530      0.20703125               0.4973328964439830             -1.5292261533487466              0.1556829886339215              0.7825894373119194              1.3999999999999999              1.3999999999999999
      0.138720530      0.21484375               0.4654655898342830             -1.4893883137161008              0.1429092276179798              0.7675606464747426              1.3999999999999999              1.3999999999999999
      0.138720530      0.22265625               0.4346562750867785             -1.4490128941801041              0.1309154197185260              0.7529824554608637              1.3999999999999999              1.3999999999999999
      0.138720530      0.23046875               0.4049484504117753             -1.4081268684483355              0.1196885943268885              0.7389125344545837              1.3999999999999999              1.3999999999999999
      0.138720530      0.23828125               0.3763789127551094             -1.3667511934606564              0.1092105603435021              0.7254030223430712              1.3999999999999999              1.3999999999999999
      0.138720530      0.24609375               0.3489793912245376             -1.3249026143580318              0.0994592538896609              0.7125009125944891              1.3999999999999999              1.3999999999999999
      0.138720530      0.25390625               0.3227773293713828             -1.2825951858523397              0.0904097349437969              0.7002484895692040              1.3999999999999999              1.3999999999999999
      0.138720530      0.26171875               0.2977960345261333             -1.2398415954876121              0.0820349312138566              0.6886838784169366              1.3999999999999999              1.3999999999999999
      0.138720530      0.26953125               0.2740543899863642             -1.1966543546677344              0.0743062026445052              0.6778417474739444              1.3999999999999999              1.3999999999999999
      0.138720530      0.27734375               0.2515663034708361             -1.1530469080031966              0.0671937807163746              0.6677541843771251              1.3999999999999999              1.3999999999999999
      0.138720530      0.28515625               0.2303400411140072             -1.1090346992158318              0.0606671218079491              0.6584517558751519              1.3999999999999999              1.3999999999999999
      0.138720530      0.29296875               0.2103775698576595             -1.0646362212947236              0.0546952023599084              0.6499647561871130              1.3999999999999999              1.3999999999999999
      0.138720530      0.30078125               0.1916740028081687             -1.0198740686537968              0.0492467746825056              0.6423246496786633              1.3999999999999999              1.3999999999999999
      0.138720530      0.30859375               0.1742172128151888             -0.9747759986288970              0.0442905954608965              0.6355657220259915              1.3999999999999999              1.3999999999999999
      0.138720530      0.31640625               0.1579876497846296             -0.9293759978543794              0.0397956339644831              0.6297269757910334              1.3999999999999999              1.3999999999999999
      0.138720530      0.32421875               0.1429583662014552             -0.8837153352821673              0.0357312633626057              0.6248543599094735              1.3999999999999999              1.3999999999999999
      0.138720530      0.33203125               0.1290952177959545             -0.8378435678608852              0.0320674361267994              0.6210035637703589              1.3999999999999999              1.3999999999999999
      0.138720530      0.33984375               0.1163571449545568             -0.7918194502896694              0.0287748430888646              0.6182440085673855              1.3999999999999999              1.3999999999999999
      0.138720530      0.34765625               0.1046962964313794             -0.7457116888542622              0.0258250545226080              0.6166659042121525              1.3999999999999999              1.3999999999999999
      0.138720530      0.35546875               0.0940573272585971             -0.6995994842355786              0.0231906392531519              0.6163964023077281              1.3999999999999999              1.3999999999999999
      0.138720530      0.36328125               0.0843737495461144             -0.6535728828333308              0.0208452512944445              0.6176462290280086              1.3999999999999999              1.3999999999999999
      0.138720530      0.37109375               0.0755531235876323             -0.6077260164439431              0.0187638931792810              0.6208840974495643              1.3999999999999999              1.3999999999999999
      0.138720530      0.37890625               0.0675242122879495             -0.5621446244038614              0.0169258672596637              0.6266591895765198              1.3999999999999999              1.3999999999999999
      0.138720530      0.38671875               0.0603342986919698             -0.5170302139493744              0.0153102210145146              0.6343912727269467              1.3999999999999999              1.3999999999999999
      0.138720530      0.39453125               0.0539463563108732             -0.4725037373381731              0.0138938107865884              0.6438716039746687              1.3999999999999999              1.3999999999999999
      0.138720530      0.40234375               0.0483108984296333             -0.4286677617081673              0.0126552396954961              0.6548853419652791              1.3999999999999999              1.3999999999999999
      0.138720530      0.41015625               0.0433772641652359             -0.3856350272349832              0.0115745306986149              0.6670851032999874              1.3999999999999999              1.3999999999999999
      0.138720530      0.41796875               0.0390930853996365             -0.3435211279289067              0.0106334775746650              0.6800101262130001              1.3999999999999999              1.3999999999999999
      0.138720530      0.42578125               0.0354046466687607             -0.3024536990451307              0.0098157343678956              0.6931106006882256              1.3999999999999999              1.3999999999999999
      0.138720530      0.43359375               0.0322578123251425             -0.2625837224364259              0.0091070091928271              0.7057987303225234              1.3999999999999999              1.3999999999999999
      0.138720530      0.44140625               0.0295997408336968             -0.2240956283056074              0.0084953019881142              0.7175148961475863              1.3999999999999999              1.3999999999999999
      0.138720530      0.44921875               0.0273805993306486             -0.1872181644631628              0.0079709868796340              0.7277951427739293              1.3999999999999999              1.3999999999999999
      0.138720530      0.45703125               0.0255552828877177             -0.1522250851863075              0.0075268134432161              0.7363265627195984              1.3999999999999999              1.3999999999999999
      0.138720530      0.46484375               0.0240848530601537             -0.1194147002555074              0.0071577953447681              0.7429768542588771              1.3999999999999999              1.3999999999999999
      0.138720530      0.47265625               0.0229378579864265             -0.0890439375122049              0.0068611219903285              0.7477945406223878              1.3999999999999999              1.3999999999999999
      0.138720530      0.48046875               0.0220915838148280             -0.0611980250519862              0.0066361616655950              0.7509830124923860              1.3999999999999999              1.3999999999999999
      0.138720530      0.48828125               0.0215323087398246             -0.0356327853831780              0.0064841787280417              0.7528429494475253              1.3999999999999999              1.3999999999999999
      0.138720530      0.49609375               0.0212536672957472             -0.0116822263198517              0.0064073611940436              0.7536771307375427              1.3999999999999999              1.3999999999999999
      0.138720530      0.50390625               0.0212536672957472              0.0116822263198517              0.0064073611940436              0.7536771307375427              1.3999999999999999              1.3999999999999999
      0.138720530      0.51171875               0.0215323087398246              0.0356327853831780              0.0064841787280417              0.7528429494475253              1.3999999999999999              1.3999999999999999
      0.138720530      0.51953125               0.0220915838148280              0.0611980250519862              0.0066361616655950              0.7509830124923860              1.3999999999999999              1.3999999999999999
      0.138720530      0.52734375               0.0229378579864265              0.0890439375122049              0.0068611219903285              0.7477945406223878              1.3999999999999999              1.3999999999999999
      0.138720530      0.53515625               0.0240848530601537              0.1194147002555074              0.0071577953447681              0.7429768542588771              1.3999999999999999              1.3999999999999999
      0.138720530      0.54296875               0.0255552828877177              0.1522250851863075              0.0075268134432161              0.7363265627195984              1.3999999999999999              1.3999999999999999
      0.138720530      0.55078125               0.0273805993306486              0.1872181644631628              0.0079709868796340              0.7277951427739293              1.3999999999999999              1.3999999999999999
      0.138720530      0.55859375               0.0295997408336968              0.2240956283056074              0.0084953019881142              0.7175148961475863              1.3999999999999999              1.3999999999999999
      0.138720530      0.56640625               0.0322578123251425              0.2625837224364259              0.0091070091928271              0.7057987303225234              1.3999999999999999              1.3999999999999999
      0.138720530      0.57421875               0.0354046466687607              0.3024536990451307              0.0098157343678956              0.6931106006882256              1.3999999999999999              1.3999999999999999
      0.138720530      0.58203125               0.0390930853996365              0.3435211279289067              0.0106334775746650              0.6800101262130001              1.3999999999999999              1.3999999999999999
      0.138720530      0.58984375               0.0433772641652359              0.3856350272349832              0.0115745306986149              0.6670851032999874              1.3999999999999999              1.3999999999999999
      0.138720530      0.59765625               0.0483108984296333              0.4286677617081673              0.0126552396954961              0.6548853419652791              1.3999999999999999              1.3999999999999999
      0.138720530      0.60546875               0.0539463563108732              0.4725037373381731              0.0138938107865884              0.6438716039746687              1.3999999999999999              1.3999999999999999
      0.138720530      0.61328125               0.0603342986919698              0.5170302139493744              0.0153102210145146              0.6343912727269467              1.3999999999999999              1.3999999999999999
      0.138720530      0.62109375               0.0675242122879495              0.5621446244038614              0.0169258672596637              0.6266591895765198              1.3999999999999999              1.3999999999999999
      0.138720530      0.62890625               0.0755531235876323              0.6077260164439431              0.0187638931792810              0.6208840974495643              1.3999999999999999              1.3999999999999999
      0.138720530      0.63671875               0.0843737495461144              0.6535728828333308              0.0208452512944445              0.6176462290280086              1.3999999999999999              1.3999999999999999
      0.138720530      0.64453125               0.0940573272585971              0.6995994842355786              0.0231906392531519              0.6163964023077281              1.3999999999999999              1.3999999999999999
      0.138720530      0.65234375               0.1046962964313794              0.7457116888542622              0.0258250545226080              0.6166659042121525              1.3999999999999999              1.3999999999999999
      0.138720530      0.66015625               0.1163571449545568              0.7918194502896694              0.0287748430888646              0.6182440085673855              1.3999999999999999              1.3999999999999999
      0.138720530      0.66796875               0.1290952177959545              0.8378435678608852              0.0320674361267994              0.6210035637703589              1.3999999999999999              1.3999999999999999
      0.138720530      0.67578125               0.1429583662014552              0.8837153352821673              0.0357312633626057              0.6248543599094735              1.3999999999999999              1.3999999999999999
      0.138720530      0.68359375               0.1579876497846296              0.9293759978543794              0.0397956339644831              0.6297269757910334              1.3999999999999999              1.3999999999999999
      0.138720530      0.69140625               0.1742172128151888              0.9747759986288970              0.0442905954608965              0.6355657220259915              1.3999999999999999              1.3999999999999999
      0.138720530      0.69921875               0.1916740028081687              1.0198740686537968              0.0492467746825056              0.6423246496786633              1.3999999999999999              1.3999999999999999
      0.138720530      0.70703125               0.2103775698576595              1.0646362212947236              0.0546952023599084              0.6499647561871130              1.3999999999999999              1.3999999999999999
      0.138720530      0.71484375               0.2303400411140072              1.1090346992158318              0.0606671218079491              0.6584517558751519              1.3999999999999999              1.3999999999999999
      0.138720530      0.72265625               0.2515663034708361              1.1530469080031966              0.0671937807163746              0.6677541843771251              1.3999999999999999              1.3999999999999999
      0.138720530      0.73046875               0.2740543899863642              1.1966543546677344              0.0743062026445052              0.6778417474739444              1.3999999999999999              1.3999999999999999
      0.138720530      0.73828125               0.2977960345261333              1.2398415954876121              0.0820349312138566              0.6886838784169366              1.3999999999999999              1.3999999999999999
      0.138720530      0.74609375               0.3227773293713828              1.2825951858523397              0.0904097349437969              0.7002484895692040              1.3999999999999999              1.3999999999999999
      0.138720530      0.75390625               0.3489793912245376              1.3249026143580318              0.0994592538896609              0.7125009125944891              1.3999999999999999              1.3999999999999999
      0.138720530      0.76171875               0.3763789127551094              1.3667511934606564              0.1092105603435021              0.7254030223430712              1.3999999999999999              1.3999999999999999
      0.138720530      0.76953125               0.4049484504117753              1.4081268684483355              0.1196885943268885              0.7389125344545837              1.3999999999999999              1.3999999999999999
      0.138720530      0.77734375               0.4346562750867785              1.4490128941801041              0.1309154197185260              0.7529824554608637              1.3999999999999999              1.3999999999999999
      0.138720530      0.78515625               0.4654655898342830              1.4893883137161008              0.1429092276179798              0.7675606464747426              1.3999999999999999              1.3999999999999999
      0.138720530      0.79296875               0.4973328964439830              1.5292261533487466              0.1556829886339215              0.7825894373119194              1.3999999999999999              1.3999999999999999
      0.138720530      0.80078125               0.5302052672180826              1.5684912234494555              0.1692426236210949              0.7980051976335919              1.3999999999999999              1.3999999999999999
      0.138720530      0.80859375               0.5640162460666158              1.6071373832941487              0.1835845214375836              0.8137377368022680              1.3999999999999999              1.3999999999999999
      0.138720530      0.81640625               0.5986800613461098              1.6451040914554840              0.1986921819493896              0.8297093672312960              1.3999999999999999              1.3999999999999999
      0.138720530      0.82421875               0.6340837840821905              1.6823120259856343              0.2145317052436029              0.8458334317527475              1.3999999999999999              1.3999999999999999
      0.138720530      0.83203125               0.6700770249762115              1.7186575332223768              0.2310457940412232              0.8620120726024956              1.3999999999999999              1.3999999999999999
      0.138720530      0.83984375               0.7064587767410188              1.7540056804177238              0.2481459130626998              0.8781330249990931              1.3999999999999999              1.3999999999999999
      0.138720530      0.84765625               0.7429611776021741              1.7881818082578063              0.2657023190256744              0.8940652857636509              1.3999999999999999              1.3999999999999999
      0.138720530      0.85546875               0.7792305042902508              1.8209618262418037              0.2835319652864501              0.9096537023556994              1.3999999999999999              1.3999999999999999
      0.138720530      0.86328125               0.8148069692226128              1.8520622802827313              0.3013850281779824              0.9247129674943945              1.3999999999999999              1.3999999999999999
      0.138720530      0.87109375               0.8491074599091701              1.8811327695419318              0.3189323606950898              0.9390223727665943              1.3999999999999999              1.3999999999999999
      0.138720530      0.87890625               0.8814198216639785              1.9077559432825311              0.3357589645819086              0.9523241828963236              1.3999999999999999              1.3999999999999999
      0.138720530      0.88671875               0.9109235974447341              1.9314640435346042              0.3513726262627291              0.9643306728697604              1.3999999999999999              1.3999999999999999
      0.138720530      0.89453125               0.9367578481878629              1.9517843617807156              0.3652407631210785              0.9747470059301576              1.3999999999999999              1.3999999999999999
      0.138720530      0.90234375               0.9581542811240280              1.9683246108774897              0.3768676758730260              0.9833167875399874              1.3999999999999999              1.3999999999999999
      0.138720530      0.91015625               0.9746306764372894              1.9808951899097449              0.3859107703355183              0.9898897594373767              1.3999999999999999              1.3999999999999999
      0.138720530      0.91796875               0.9861884551432704              1.9896333530885462              0.3923031012589754              0.9944932411573988              1.3999999999999999              1.3999999999999999
      0.138720530      0.92578125               0.9934037722343926              1.9950580824526365              0.3963155053671635              0.9973676274546435              1.3999999999999999              1.3999999999999999
      0.138720530      0.93359375               0.9973108253406514              1.9979869358903706              0.3984958064069671              0.9989258019706467              1.3999999999999999              1.3999999999999999
      0.138720530      0.94140625               0.9990946874740371              1.9993224932184532              0.3994932507303681              0.9996381117298996              1.3999999999999999              1.3999999999999999
      0.138720530      0.94921875               0.9997591628679711              1.9998197758278782              0.3998651499462935              0.9999036888024503              1.3999999999999999              1.3999999999999999
      0.138720530      0.95703125               0.9999526140111163              1.9999645398761472              0.3999734647287783              0.9999810469127187              1.3999999999999999              1.3999999999999999
      0.138720530      0.96484375               0.9999938744739966              1.9999954160872859              0.3999965697244366              0.9999975498220864              1.3999999999999999              1.3999999999999999
      0.138720530      0.97265625               0.9999996098763326              1.9999997080582741              0.3999997815308586              0.9999998439507534              1.3999999999999999              1.3999999999999999
      0.138720530      0.98046875               1.0000000000000000              2.0000000000000000              0.3999999999999999              1.0000000000000000              1.3999999999999999              1.3999999999999999
      0.138720530      0.98828125               1.0000000000000000              2.0000000000000000              0.3999999999999999              1.0000000000000000              1.3999999999999999              1.3999999999999999
      0.138720530      0.99609375               1.0000000000000000              2.0000000000000000              0.3999999999999999              1.0000000000000000              1.3999999999999999              1.3999999999999999
