      0.129624102      0.00390625               1.0000000000000000             -2.0000000000000000              0.3999999999999999              1.0000000000000000              1.3999999999999999              1.3999999999999999
      0.129624102      0.01171875               1.0000000000000000             -2.0000000000000000              0.3999999999999999              1.0000000000000000              1.3999999999999999              1.3999999999999999
      0.129624102      0.01953125               1.0000000000000000             -2.0000000000000000              0.3999999999999999              1.0000000000000000              1.3999999999999999              1.3999999999999999
      0.129624102      0.02734375               1.0000000000000000             -2.0000000000000000              0.3999999999999999              1.0000000000000000              1.3999999999999999              1.3999999999999999
      0.129624102      0.03515625               1.0000000000000000             -2.0000000000000000              0.3999999999999999              1.0000000000000000              1.3999999999999999              1.3999999999999999
      0.129624102      0.04296875               1.0000000000000000             -2.0000000000000000              0.3999999999999999              1.0000000000000000              1.3999999999999999              1.3999999999999999
      0.129624102      0.05078125               1.0000000000000000             -2.0000000000000000              0.3999999999999999              1.0000000000000000              1.3999999999999999              1.3999999999999999
      0.129624102      0.05859375               0.9999990475483048             -1.9999992872509811              0.3999994666277197              0.9999996190206318              1.3999999999999999              1.3999999999999999
      0.129624102      0.06640625               0.9999859973272007             -1.9999895214149830              0.3999921586005724              0.9999943990958028              1.3999999999999999              1.3999999999999999
      0.129624102      0.07421875               0.9998986610463887             -1.9999241660889471              0.3999432541070694              0.9999594701140287              1.3999999999999999              1.3999999999999999
      0.129624102      0.08203125               0.9995184560548040             -1.9996396491320649              0.3997304078295957              0.9998074708079187              1.3999999999999999              1.3999999999999999
      0.129624102      0.08984375               0.9983077564620426             -1.9987334838529254              0.3990531047971572              0.9993238613395719              1.3999999999999999              1.3999999999999999
      0.129624102      0.09765625               0.9952961924300406             -1.9964776551223493              0.3973710194910592              0.9981225250165682              1.3999999999999999              1.3999999999999999
      0.129624102      0.10546875               0.9891767476546411             -1.9918838128603522              0.3939634483686933              0.9956851728035182              1.3999999999999999              1.3999999999999999
      0.129624102      0.11328125               0.9786529742048795             -1.9839468024414193              0.3881328397741766              0.9914976248080193              1.3999999999999999              1.3999999999999999
      0.129624102      0.12109375               0.9628571219829988             -1.9719356559174948              0.3794460477417960              0.9852086022906730              1.3999999999999999              1.3999999999999999
      0.129624102      0.12890625               0.9415861348452581             -1.9555580470976219              0.3678643938775701              0.9767146633324886              1.3999999999999999              1.3999999999999999
      0.129624102      0.13671875               0.9152599710348657             -1.9349389129485426              0.3537082260882016              0.9661414168705288              1.3999999999999999              1.3999999999999999
      0.129624102      0.14453125               0.8847004626807855             -1.9104821611987375              0.3375176767100391              0.9537625754351535              1.3999999999999999              1.3999999999999999
      0.129624102      0.15234375               0.8508842189877786             -1.8827152202589341              0.3199029142158212              0.9399131723126249              1.3999999999999999              1.3999999999999999
      0.129624102      0.16015625               0.8147625131369227             -1.8521744821645831              0.3014386709412119              0.9249280191495337              1.3999999999999999              1.3999999999999999
      0.129624102      0.16796875               0.7771660070645808             -1.8193423861664380              0.2826116734828295              0.9091097362527369              1.3999999999999999              1.3999999999999999
      0.129624102      0.17578125               0.7387733931762386             -1.7846234811899881              0.2638065804104209              0.8927181962936788              1.3999999999999999              1.3999999999999999
      0.129624102      0.18359375               0.7001164423965266             -1.7483430260510588              0.2453128887815824              0.8759717452923497              1.3999999999999999              1.3999999999999999
      0.129624102      0.19140625               0.6616009737252795             -1.7107558975831925              0.2273401991767636              0.8590532972490887              1.3999999999999999              1.3999999999999999
      0.129624102      0.19921875               0.6235319211880258             -1.6720586910722595              0.2100348369961949              0.8421174195701645              1.3999999999999999              1.3999999999999999
      0.129624102      0.20703125               0.5861368698144328             -1.6324015641874448              0.1934947129760797              0.8252966284024198              1.3999999999999999              1.3999999999999999
      0.129624102      0.21484375               0.5495859545336772             -1.5918984867363022              0.1777814507099830              0.8087063053714240              1.3999999999999999              1.3999999999999999
      0.129624102      0.22265625               0.5140077239532125             -1.5506356059986337              0.1629298051265502              0.7924482334305395              1.3999999999999999              1.3999999999999999
      0.129624102      0.23046875               0.4795012750274789             -1.5086778834207162              0.1489547683760264              0.7766129942380769              1.3999999999999999              1.3999999999999999
      0.129624102      0.23828125               0.4461451867144647             -1.4660743039924800              0.1358568378843297              0.7612815397876230              1.3999999999999999              1.3999999999999999
      0.129624102      0.24609375               0.4140038029082960             -1.4228619714294062              0.1236258807529564              0.7465262389168210              1.3999999999999999              1.3999999999999999
      0.129624102      0.25390625               0.3831313709715912             -1.3790693636963192              0.1122439521882817              0.7324116523246311              1.3999999999999999              1.3999999999999999
      0.129624102      0.26171875               0.3535744866715566             -1.3347189724772353              0.1016873480225716              0.7189952319511628              1.3999999999999999              1.3999999999999999
      0.129624102      0.26953125               0.3253732460795183             -1.2898295023133761              0.0919281046442582              0.7063280843763032              1.3999999999999999              1.3999999999999999
      0.129624102      0.27734375               0.2985614611757281             -1.2444177651564310              0.0829351060448788              0.6944558895702941              1.3999999999999999              1.3999999999999999
      0.129624102      0.28515625               0.2731662548318091             -1.1985003743187272              0.0746749158924556              0.6834200287516632              1.3999999999999999              1.3999999999999999
      0.129624102      0.29296875               0.2492073088313905             -1.1520953167774439              0.0671124203328638              0.6732589490209427              1.3999999999999999              1.3999999999999999
      0.129624102      0.30078125               0.2266959936494386             -1.1052234624586856              0.0602113425051240              0.6640097773213685              1.3999999999999999              1.3999999999999999
      0.129624102      0.30859375               0.2056345607415895             -1.0579100513130315              0.0539346708596866              0.6557101912390055              1.3999999999999999              1.3999999999999999
      0.129624102      0.31640625               0.1860155283110080             -1.0101861815410065              0.0482450290431325              0.6484005593671380              1.3999999999999999              1.3999999999999999
      0.129624102      0.32421875               0.1678213414478544             -0.9620903031766962              0.0431050044444393              0.6421263838162232              1.3999999999999999              1.3999999999999999
      0.129624102      0.33203125               0.1510243374694984             -0.9136696986989729              0.0384774448085469              0.6369411290467996              1.3999999999999999              1.3999999999999999
      0.129624102      0.33984375               0.1355869930989425             -0.8649819055375668              0.0343257270610469              0.6329096596308145              1.3999999999999999              1.3999999999999999
      0.129624102      0.34765625               0.1214623548832812             -0.8160960056934815              0.0306139991542300              0.6301129099556900              1.3999999999999999              1.3999999999999999
      0.129624102      0.35546875               0.1085943992705327             -0.7670936793950764              0.0273073934870566              0.6286556597414352              1.3999999999999999              1.3999999999999999
      0.129624102      0.36328125               0.0969176235099191             -0.7180699053766054              0.0243722072643085              0.6286835763625099              1.3999999999999999              1.3999999999999999
      0.129624102      0.37109375               0.0863539255766535             -0.6691333674890769              0.0217760477094431              0.6304301618029307              1.3999999999999999              1.3999999999999999
      0.129624102      0.37890625               0.0767975727698820             -0.6204014636813713              0.0194880067738149              0.6343952702844287              1.3999999999999999              1.3999999999999999
      0.129624102      0.38671875               0.0681505945813290             -0.5719724593411530              0.0174820766388340              0.6413031590638354              1.3999999999999999              1.3999999999999999
      0.129624102      0.39453125               0.0604694006876677             -0.5240855964965894              0.0157330320178234              0.6504542726943250              1.3999999999999999              1.3999999999999999
      0.129624102      0.40234375               0.0537137537850242             -0.4768817127016130              0.0142126641168846              0.6615002264488522              1.3999999999999999              1.3999999999999999
      0.129624102      0.41015625               0.0478214247721922             -0.4304816476248549              0.0128942978733986              0.6740858273683534              1.3999999999999999              1.3999999999999999
      0.129624102      0.41796875               0.0427271515304047             -0.3850009532240288              0.0117534404954434              0.6877032562701733              1.3999999999999999              1.3999999999999999
      0.129624102      0.42578125               0.0383629911484624             -0.3405567708655279              0.0107678108171699              0.7017056344420057              1.3999999999999999              1.3999999999999999
      0.129624102      0.43359375               0.0346591115306215             -0.2972773316195512              0.0099176143401519              0.7153684775927986              1.3999999999999999              1.3999999999999999
      0.129624102      0.44140625               0.0315462303390930             -0.2553120806655672              0.0091859582899224              0.7279759095763396              1.3999999999999999              1.3999999999999999
      0.129624102      0.44921875               0.0289580804719969             -0.2148494828641049              0.0085590286137898              0.7389153972124123              1.3999999999999999              1.3999999999999999
      0.129624102      0.45703125               0.0268342269135753             -0.1761252396551483              0.0080262606759059              0.7477633603677121              1.3999999999999999              1.3999999999999999
      0.129624102      0.46484375               0.0251226567244140             -0.1394116685312717              0.0075804115456558              0.7543401588464568              1.3999999999999999              1.3999999999999999
      0.129624102      0.47265625               0.0237826701567529             -0.1049504918024050              0.0072178708103387              0.7587321737598500              1.3999999999999999              1.3999999999999999
      0.129624102      0.48046875               0.0227877238423075             -0.0728078454166684              0.0069391415657924              0.7612806805334840              1.3999999999999999              1.3999999999999999
      0.129624102      0.48828125               0.0221255115728332             -0.0427253175889573              0.0067483394008866              0.7625065954602072              1.3999999999999999              1.3999999999999999
      0.129624102      0.49609375               0.0217937715088513             -0.0140713654419119              0.0066510004017901              0.7629473860328514              1.3999999999999999              1.3999999999999999
      0.129624102      0.50390625               0.0217937715088513              0.0140713654419119              0.0066510004017901              0.7629473860328514              1.3999999999999999              1.3999999999999999
      0.129624102      0.51171875               0.0221255115728332              0.0427253175889573              0.0067483394008866              0.7625065954602072              1.3999999999999999              1.3999999999999999
      0.129624102      0.51953125               0.0227877238423075              0.0728078454166684              0.0069391415657924              0.7612806805334840              1.3999999999999999              1.3999999999999999
      0.129624102      0.52734375               0.0237826701567529              0.1049504918024050              0.0072178708103387              0.7587321737598500              1.3999999999999999              1.3999999999999999
      0.129624102      0.53515625               0.0251226567244140              0.1394116685312717              0.0075804115456558              0.7543401588464568              1.3999999999999999              1.3999999999999999
      0.129624102      0.54296875               0.0268342269135753              0.1761252396551483              0.0080262606759059              0.7477633603677121              1.3999999999999999              1.3999999999999999
      0.129624102      0.55078125               0.0289580804719969              0.2148494828641049              0.0085590286137898              0.7389153972124123              1.3999999999999999              1.3999999999999999
      0.129624102      0.55859375               0.0315462303390930              0.2553120806655672              0.0091859582899224              0.7279759095763396              1.3999999999999999              1.3999999999999999
      0.129624102      0.56640625               0.0346591115306215              0.2972773316195512              0.0099176143401519              0.7153684775927986              1.3999999999999999              1.3999999999999999
      0.129624102      0.57421875               0.0383629911484624              0.3405567708655279              0.0107678108171699              0.7017056344420057              1.3999999999999999              1.3999999999999999
      0.129624102      0.58203125               0.0427271515304047              0.3850009532240288              0.0117534404954434              0.6877032562701733              1.3999999999999999              1.3999999999999999
      0.129624102      0.58984375               0.0478214247721922              0.4304816476248549              0.0128942978733986              0.6740858273683534              1.3999999999999999              1.3999999999999999
      0.129624102      0.59765625               0.0537137537850242              0.4768817127016130              0.0142126641168846              0.6615002264488522              1.3999999999999999              1.3999999999999999
      0.129624102      0.60546875               0.0604694006876677              0.5240855964965894              0.0157330320178234              0.6504542726943250              1.3999999999999999              1.3999999999999999
      0.129624102      0.61328125               0.0681505945813290              0.5719724593411530              0.0174820766388340              0.6413031590638354              1.3999999999999999              1.3999999999999999
      0.129624102      0.62109375               0.0767975727698820              0.6204014636813713              0.0194880067738149              0.6343952702844287              1.3999999999999999              1.3999999999999999
      0.129624102      0.62890625               0.0863539255766535              0.6691333674890769              0.0217760477094431              0.6304301618029307              1.3999999999999999              1.3999999999999999
      0.129624102      0.63671875               0.0969176235099191              0.7180699053766054              0.0243722072643085              0.6286835763625099              1.3999999999999999              1.3999999999999999
      0.129624102      0.64453125               0.1085943992705327              0.7670936793950764              0.0273073934870566              0.6286556597414352              1.3999999999999999              1.3999999999999999
      0.129624102      0.65234375               0.1214623548832812              0.8160960056934815              0.0306139991542300              0.6301129099556900              1.3999999999999999              1.3999999999999999
      0.129624102      0.66015625               0.1355869930989425              0.8649819055375668              0.0343257270610469              0.6329096596308145              1.3999999999999999              1.3999999999999999
      0.129624102      0.66796875               0.1510243374694984              0.9136696986989729              0.0384774448085469              0.6369411290467996              1.3999999999999999              1.3999999999999999
      0.129624102      0.67578125               0.1678213414478544              0.9620903031766962              0.0431050044444393              0.6421263838162232              1.3999999999999999              1.3999999999999999
      0.129624102      0.68359375               0.1860155283110080              1.0101861815410065              0.0482450290431325              0.6484005593671380              1.3999999999999999              1.3999999999999999
      0.129624102      0.69140625               0.2056345607415895              1.0579100513130315              0.0539346708596866              0.6557101912390055              1.3999999999999999              1.3999999999999999
      0.129624102      0.69921875               0.2266959936494386              1.1052234624586856              0.0602113425051240              0.6640097773213685              1.3999999999999999              1.3999999999999999
      0.129624102      0.70703125               0.2492073088313905              1.1520953167774439              0.0671124203328638              0.6732589490209427              1.3999999999999999              1.3999999999999999
      0.129624102      0.71484375               0.2731662548318091              1.1985003743187272              0.0746749158924556              0.6834200287516632              1.3999999999999999              1.3999999999999999
      0.129624102      0.72265625               0.2985614611757281              1.2444177651564310              0.0829351060448788              0.6944558895702941              1.3999999999999999              1.3999999999999999
      0.129624102      0.73046875               0.3253732460795183              1.2898295023133761              0.0919281046442582              0.7063280843763032              1.3999999999999999              1.3999999999999999
      0.129624102      0.73828125               0.3535744866715566              1.3347189724772353              0.1016873480225716              0.7189952319511628              1.3999999999999999              1.3999999999999999
      0.129624102      0.74609375               0.3831313709715912              1.3790693636963192              0.1122439521882817              0.7324116523246311              1.3999999999999999              1.3999999999999999
      0.129624102      0.75390625               0.4140038029082960              1.4228619714294062              0.1236258807529564              0.7465262389168210              1.3999999999999999              1.3999999999999999
      0.129624102      0.76171875               0.4461451867144647              1.4660743039924800              0.1358568378843297              0.7612815397876230              1.3999999999999999              1.3999999999999999
      0.129624102      0.76953125               0.4795012750274789              1.5086778834207162              0.1489547683760264              0.7766129942380769              1.3999999999999999              1.3999999999999999
      0.129624102      0.77734375               0.5140077239532125              1.5506356059986337              0.1629298051265502              0.7924482334305395              1.3999999999999999              1.3999999999999999
      0.129624102      0.78515625               0.5495859545336772              1.5918984867363022              0.1777814507099830              0.8087063053714240              1.3999999999999999              1.3999999999999999
      0.129624102      0.79296875               0.5861368698144328              1.6324015641874448              0.1934947129760797              0.8252966284024198              1.3999999999999999              1.3999999999999999
      0.129624102      0.80078125               0.6235319211880258              1.6720586910722595              0.2100348369961949              0.8421174195701645              1.3999999999999999              1.3999999999999999
      0.129624102      0.80859375               0.6616009737252795              1.7107558975831925              0.2273401991767636              0.8590532972490887              1.3999999999999999              1.3999999999999999
      0.129624102      0.81640625               0.7001164423965266              1.7483430260510588              0.2453128887815824              0.8759717452923497              1.3999999999999999              1.3999999999999999
      0.129624102      0.82421875               0.7387733931762386              1.7846234811899881              0.2638065804104209              0.8927181962936788              1.3999999999999999              1.3999999999999999
      0.129624102      0.83203125               0.7771660070645808              1.8193423861664380              0.2826116734828295              0.9091097362527369              1.3999999999999999              1.3999999999999999
      0.129624102      0.83984375               0.8147625131369227              1.8521744821645831              0.3014386709412119              0.9249280191495337              1.3999999999999999              1.3999999999999999
      0.129624102      0.84765625               0.8508842189877786              1.8827152202589341              0.3199029142158212              0.9399131723126249              1.3999999999999999              1.3999999999999999
      0.129624102      0.85546875               0.8847004626807855              1.9104821611987375              0.3375176767100391              0.9537625754351535              1.3999999999999999              1.3999999999999999
      0.129624102      0.86328125               0.9152599710348657              1.9349389129485426              0.3537082260882016              0.9661414168705288              1.3999999999999999              1.3999999999999999
      0.129624102      0.87109375               0.9415861348452581              1.9555580470976219              0.3678643938775701              0.9767146633324886              1.3999999999999999              1.3999999999999999
      0.129624102      0.87890625               0.9628571219829988              1.9719356559174948              0.3794460477417960              0.9852086022906730              1.3999999999999999              1.3999999999999999
      0.129624102      0.88671875               0.9786529742048795              1.9839468024414193              0.3881328397741766              0.9914976248080193              1.3999999999999999              1.3999999999999999
      0.129624102      0.89453125               0.9891767476546411              1.9918838128603522              0.3939634483686933              0.9956851728035182              1.3999999999999999              1.3999999999999999
      0.129624102      0.90234375               0.9952961924300406              1.9964776551223493              0.3973710194910592              0.9981225250165682              1.3999999999999999              1.3999999999999999
      0.129624102      0.91015625               0.9983077564620426              1.9987334838529254              0.3990531047971572              0.9993238613395719              1.3999999999999999              1.3999999999999999
      0.129624102      0.91796875               0.9995184560548040              1.9996396491320649              0.3997304078295957              0.9998074708079187              1.3999999999999999              1.3999999999999999
      0.129624102      0.92578125               0.9998986610463887              1.9999241660889471              0.3999432541070694              0.9999594701140287              1.3999999999999999              1.3999999999999999
      0.129624102      0.93359375               0.9999859973272007              1.9999895214149830              0.3999921586005724              0.9999943990958028              1.3999999999999999              1.3999999999999999
      0.129624102      0.94140625               0.9999990475483048              1.9999992872509811              0.3999994666277197              0.9999996190206318              1.3999999999999999              1.3999999999999999
      0.129624102      0.94921875               1.0000000000000000              2.0000000000000000              0.3999999999999999              1.0000000000000000              1.3999999999999999              1.3999999999999999
      0.129624102      0.95703125               1.0000000000000000              2.0000000000000000              0.3999999999999999              1.0000000000000000              1.3999999999999999              1.3999999999999999
      0.129624102      0.96484375               1.0000000000000000              2.0000000000000000              0.3999999999999999              1.0000000000000000              1.3999999999999999              1.3999999999999999
      0.129624102      0.97265625               1.0000000000000000              2.0000000000000000              0.3999999999999999              1.0000000000000000              1.3999999999999999              1.3999999999999999
      0.129624102      0.98046875               1.0000000000000000              2.0000000000000000              0.3999999999999999              1.0000000000000000              1.3999999999999999              1.3999999999999999
      0.129624102      0.98828125               1.0000000000000000              2.0000000000000000              0.3999999999999999              1.0000000000000000              1.3999999999999999              1.3999999999999999
      0.129624102      0.99609375               1.0000000000000000              2.0000000000000000              0.3999999999999999              1.0000000000000000              1.3999999999999999              1.3999999999999999
