      0.013597169      0.00390625              27.0661781853525980             -2.5101750341386517             10.7005066626183840              0.9883651276271781              1.3999999999999999              1.3999999999999999
      0.013597169      0.01171875              27.0661781853525980             -2.5101750341386517             10.7005066626183840              0.9883651276271781              1.3999999999999999              1.3999999999999999
      0.013597169      0.01953125              27.0661781853525980             -2.5101750341386517             10.7005066626183840              0.9883651276271781              1.3999999999999999              1.3999999999999999
      0.013597169      0.02734375              27.0661781853525980             -2.5101750341386517             10.7005066626183840              0.9883651276271781              1.3999999999999999              1.3999999999999999
      0.013597169      0.03515625              27.0661781853525980             -2.5101750341386517             10.7005066626183840              0.9883651276271781              1.3999999999999999              1.3999999999999999
      0.013597169      0.04296875              27.0661781853525980             -2.5101750341386517             10.7005066626183840              0.9883651276271781              1.3999999999999999              1.3999999999999999
      0.013597169      0.05078125              27.0661781853525980             -2.5101750341386517             10.7005066626183840              0.9883651276271781              1.3999999999999999              1.3999999999999999
      0.013597169      0.05859375              27.0661781853525980             -2.5101750341386517             10.7005066626183840              0.9883651276271781              1.3999999999999999              1.3999999999999999
      0.013597169      0.06640625              27.0661781853525980             -2.5101750341386517             10.7005066626183840              0.9883651276271781              1.3999999999999999              1.3999999999999999
      0.013597169      0.07421875              27.0661781853525980             -2.5101750341386517             10.7005066626183840              0.9883651276271781              1.3999999999999999              1.3999999999999999
      0.013597169      0.08203125              27.0661781853525980             -2.5101750341386517             10.7005066626183840              0.9883651276271781              1.3999999999999999              1.3999999999999999
      0.013597169      0.08984375              27.0661781853525980             -2.5101750341386517             10.7005066626183840              0.9883651276271781              1.3999999999999999              1.3999999999999999
      0.013597169      0.09765625              27.0661781853525980             -2.5101750341386517             10.7005066626183840              0.9883651276271781              1.3999999999999999              1.3999999999999999
      0.013597169      0.10546875              27.0661781853525980             -2.5101750341386517             10.7005066626183840              0.9883651276271781              1.3999999999999999              1.3999999999999999
      0.013597169      0.11328125              27.0661781853525980             -2.5101750341386517             10.7005066626183840              0.9883651276271781              1.3999999999999999              1.3999999999999999
      0.013597169      0.12109375              27.0661781853525980             -2.5101750341386517             10.7005066626183840              0.9883651276271781              1.3999999999999999              1.3999999999999999
      0.013597169      0.12890625              27.0661781853525980             -2.5101750341386517             10.7005066626183840              0.9883651276271781              1.3999999999999999              1.3999999999999999
      0.013597169      0.13671875              27.0661781853525980             -2.5101750341386517             10.7005066626183840              0.9883651276271781              1.3999999999999999              1.3999999999999999
      0.013597169      0.14453125              27.0661781853525980             -2.5101750341386517             10.7005066626183840              0.9883651276271781              1.3999999999999999              1.3999999999999999
      0.013597169      0.15234375              27.0661781853525980             -2.5101750341386517             10.7005066626183840              0.9883651276271781              1.3999999999999999              1.3999999999999999
      0.013597169      0.16015625              27.0661781853525980             -2.5101750341386517             10.7005066626183840              0.9883651276271781              1.3999999999999999              1.3999999999999999
      0.013597169      0.16796875              27.0661781853525980             -2.5101750341386517             10.7005066626183840              0.9883651276271781              1.3999999999999999              1.3999999999999999
      0.013597169      0.17578125              27.0661781853525980             -2.5101750341386517             10.7005066626183840              0.9883651276271781              1.3999999999999999              1.3999999999999999
      0.013597169      0.18359375              27.0661781853525980             -2.5101750341386517             10.7005066626183840              0.9883651276271781              1.3999999999999999              1.3999999999999999
      0.013597169      0.19140625              27.0661781853525980             -2.5101750341386517             10.7005066626183840              0.9883651276271781              1.3999999999999999              1.3999999999999999
      0.013597169      0.19921875              27.0661781853525980             -2.5101750341386517             10.7005066626183840              0.9883651276271781              1.3999999999999999              1.3999999999999999
      0.013597169      0.20703125              27.0661781853525980             -2.5101750341386517             10.7005066626183840              0.9883651276271781              1.3999999999999999              1.3999999999999999
      0.013597169      0.21484375              27.0661781853525980             -2.5101750341386517             10.7005066626183840              0.9883651276271781              1.3999999999999999              1.3999999999999999
      0.013597169      0.22265625              27.0661781853525980             -2.5101750341386517             10.7005066626183840              0.9883651276271781              1.3999999999999999              1.3999999999999999
      0.013597169      0.23046875              27.0661781853525980             -2.5101750341386517             10.7005066626183840              0.9883651276271781              1.3999999999999999              1.3999999999999999
      0.013597169      0.23828125              27.0661781853525980             -2.5101750341386517             10.7005066626183840              0.9883651276271781              1.3999999999999999              1.3999999999999999
      0.013597169      0.24609375              27.0661781853525980             -2.5101750341386517             10.7005066626183840              0.9883651276271781              1.3999999999999999              1.3999999999999999
      0.013597169      0.25390625              27.0661781853525980             -2.5101750341386517             10.7005066626183840              0.9883651276271781              1.3999999999999999              1.3999999999999999
      0.013597169      0.26171875              27.0661781853525980             -2.5101750341386517             10.7005066626183840              0.9883651276271781              1.3999999999999999              1.3999999999999999
      0.013597169      0.26953125              27.0661781853525980             -2.5101750341386517             10.7005066626183840              0.9883651276271781              1.3999999999999999              1.3999999999999999
      0.013597169      0.27734375              27.0661781853525980             -2.5101750341386517             10.7005066626183840              0.9883651276271781              1.3999999999999999              1.3999999999999999
      0.013597169      0.28515625              27.0661781853525980             -2.5101750341386517             10.7005066626183840              0.9883651276271781              1.3999999999999999              1.3999999999999999
      0.013597169      0.29296875              27.0661781853525980             -2.5101750341386517             10.7005066626183840              0.9883651276271781              1.3999999999999999              1.3999999999999999
      0.013597169      0.30078125              27.0661781853525980             -2.5101750341386517             10.7005066626183840              0.9883651276271781              1.3999999999999999              1.3999999999999999
      0.013597169      0.30859375              27.0661781853525980             -2.5101750341386517             10.7005066626183840              0.9883651276271781              1.3999999999999999              1.3999999999999999
      0.013597169      0.31640625              27.0661781853525980             -2.5101750341386517             10.7005066626183840              0.9883651276271781              1.3999999999999999              1.3999999999999999
      0.013597169      0.32421875              27.0661781853525980             -2.5101750341386517             10.7005066626183840              0.9883651276271781              1.3999999999999999              1.3999999999999999
      0.013597169      0.33203125              27.0661781853525980             -2.5101750341386517             10.7005066626183840              0.9883651276271781              1.3999999999999999              1.3999999999999999
      0.013597169      0.33984375              27.0661781853525980             -2.5101750341386517             10.7005066626183840              0.9883651276271781              1.3999999999999999              1.3999999999999999
      0.013597169      0.34765625              27.0661781853525980             -2.5101750341386517             10.7005066626183840              0.9883651276271781              1.3999999999999999              1.3999999999999999
      0.013597169      0.35546875              27.0661781853525980             -2.5101750341386517             10.7005066626183840              0.9883651276271781              1.3999999999999999              1.3999999999999999
      0.013597169      0.36328125              27.0661781853525980             -2.5101750341386517             10.7005066626183840              0.9883651276271781              1.3999999999999999              1.3999999999999999
      0.013597169      0.37109375              27.0661781853525980             -2.5101750341386517             10.7005066626183840              0.9883651276271781              1.3999999999999999              1.3999999999999999
      0.013597169      0.37890625              27.0661781853525980             -2.5101750341386517             10.7005066626183840              0.9883651276271781              1.3999999999999999              1.3999999999999999
      0.013597169      0.38671875              27.0661781853525980             -2.5101750341386517             10.7005066626183840              0.9883651276271781              1.3999999999999999              1.3999999999999999
      0.013597169      0.39453125              27.0661781853525980             -2.5101750341386517             10.7005066626183840              0.9883651276271781              1.3999999999999999              1.3999999999999999
      0.013597169      0.40234375              27.0661781853525980             -2.5101750341386517             10.7005066626183840              0.9883651276271781              1.3999999999999999              1.3999999999999999
      0.013597169      0.41015625              27.0661781853525980             -2.5101750341386517             10.7005066626183840              0.9883651276271781              1.3999999999999999              1.3999999999999999
      0.013597169      0.41796875              27.0661781853525980             -2.5101750341386517             10.7005066626183840              0.9883651276271781              1.3999999999999999              1.3999999999999999
      0.013597169      0.42578125              27.0661781853525980             -2.5101750341386517             10.7005066626183840              0.9883651276271781              1.3999999999999999              1.3999999999999999
      0.013597169      0.43359375              27.0661781853525980             -2.5101750341386517             10.7005066626183840              0.9883651276271781              1.3999999999999999              1.3999999999999999
      0.013597169      0.44140625              27.0661781853525980             -2.5101750341386517             10.7005066626183840              0.9883651276271781              1.3999999999999999              1.3999999999999999
      0.013597169      0.44921875              27.0661781853525980             -2.5101750341386517             10.7005066626183840              0.9883651276271781              1.3999999999999999              1.3999999999999999
      0.013597169      0.45703125              27.0661781853525980             -2.5101750341386517             10.7005066626183840              0.9883651276271781              1.3999999999999999              1.3999999999999999
      0.013597169      0.46484375              27.0661781853525980             -2.5101750341386517             10.7005066626183840              0.9883651276271781              1.3999999999999999              1.3999999999999999
      0.013597169      0.47265625              27.0661781853525980             -2.5101750341386517             10.7005066626183840              0.9883651276271781              1.3999999999999999              1.3999999999999999
      0.013597169      0.48046875              27.0661781853525980             -2.5101750341386517             10.7005066626183840              0.9883651276271781              1.3999999999999999              1.3999999999999999
      0.013597169      0.48828125              27.0661781853525980             -2.5101750341386517             10.7005066626183840              0.9883651276271781              1.3999999999999999              1.3999999999999999
      0.013597169      0.49609375              27.0661781853525980             -2.5101750341386517             10.7005066626183840              0.9883651276271781              1.3999999999999999              1.3999999999999999
      0.013597169      0.50390625               0.0421039119625730              0.9740122304376884              0.0154806503294026              0.9191931110322734              1.3999999999999999              1.3999999999999999
      0.013597169      0.51171875               0.0421039119625730              0.9740122304376884              0.0154806503294026              0.9191931110322734              1.3999999999999999              1.3999999999999999
      0.013597169      0.51953125               0.0421039119625730              0.9740122304376884              0.0154806503294026              0.9191931110322734              1.3999999999999999              1.3999999999999999
      0.013597169      0.52734375               0.0421039119625730              0.9740122304376884              0.0154806503294026              0.9191931110322734              1.3999999999999999              1.3999999999999999
      0.013597169      0.53515625               0.0421039119625730              0.9740122304376884              0.0154806503294026              0.9191931110322734              1.3999999999999999              1.3999999999999999
      0.013597169      0.54296875               0.0421039119625730              0.9740122304376884              0.0154806503294026              0.9191931110322734              1.3999999999999999              1.3999999999999999
      0.013597169      0.55078125               0.0421039119625730              0.9740122304376884              0.0154806503294026              0.9191931110322734              1.3999999999999999              1.3999999999999999
      0.013597169      0.55859375               0.0421039119625730              0.9740122304376884              0.0154806503294026              0.9191931110322734              1.3999999999999999              1.3999999999999999
      0.013597169      0.56640625               0.0421039119625730              0.9740122304376884              0.0154806503294026              0.9191931110322734              1.3999999999999999              1.3999999999999999
      0.013597169      0.57421875               0.0421039119625730              0.9740122304376884              0.0154806503294026              0.9191931110322734              1.3999999999999999              1.3999999999999999
      0.013597169      0.58203125               0.0421039119625730              0.9740122304376884              0.0154806503294026              0.9191931110322734              1.3999999999999999              1.3999999999999999
      0.013597169      0.58984375               0.0421039119625730              0.9740122304376884              0.0154806503294026              0.9191931110322734              1.3999999999999999              1.3999999999999999
      0.013597169      0.59765625               0.0421039119625730              0.9740122304376884              0.0154806503294026              0.9191931110322734              1.3999999999999999              1.3999999999999999
      0.013597169      0.60546875               0.0421039119625730              0.9740122304376884              0.0154806503294026              0.9191931110322734              1.3999999999999999              1.3999999999999999
      0.013597169      0.61328125               0.0421039119625730              0.9740122304376884              0.0154806503294026              0.9191931110322734              1.3999999999999999              1.3999999999999999
      0.013597169      0.62109375               0.0421039119625730              0.9740122304376884              0.0154806503294026              0.9191931110322734              1.3999999999999999              1.3999999999999999
      0.013597169      0.62890625               0.0421039119625730              0.9740122304376884              0.0154806503294026              0.9191931110322734              1.3999999999999999              1.3999999999999999
      0.013597169      0.63671875               0.0421039119625730              0.9740122304376884              0.0154806503294026              0.9191931110322734              1.3999999999999999              1.3999999999999999
      0.013597169      0.64453125               0.0421039119625730              0.9740122304376884              0.0154806503294026              0.9191931110322734              1.3999999999999999              1.3999999999999999
      0.013597169      0.65234375               0.0421039119625730              0.9740122304376884              0.0154806503294026              0.9191931110322734              1.3999999999999999              1.3999999999999999
      0.013597169      0.66015625               0.0421039119625730              0.9740122304376884              0.0154806503294026              0.9191931110322734              1.3999999999999999              1.3999999999999999
      0.013597169      0.66796875               0.0421039119625730              0.9740122304376884              0.0154806503294026              0.9191931110322734              1.3999999999999999              1.3999999999999999
      0.013597169      0.67578125               0.0421039119625730              0.9740122304376884              0.0154806503294026              0.9191931110322734              1.3999999999999999              1.3999999999999999
      0.013597169      0.68359375               0.0421039119625730              0.9740122304376884              0.0154806503294026              0.9191931110322734              1.3999999999999999              1.3999999999999999
      0.013597169      0.69140625               0.0421039119625730              0.9740122304376884              0.0154806503294026              0.9191931110322734              1.3999999999999999              1.3999999999999999
      0.013597169      0.69921875               0.0421039119625730              0.9740122304376884              0.0154806503294026              0.9191931110322734              1.3999999999999999              1.3999999999999999
      0.013597169      0.70703125               0.0421039119625730              0.9740122304376884              0.0154806503294026              0.9191931110322734              1.3999999999999999              1.3999999999999999
      0.013597169      0.71484375               0.0421039119625730              0.9740122304376884              0.0154806503294026              0.9191931110322734              1.3999999999999999              1.3999999999999999
      0.013597169      0.72265625               0.0421039119625730              0.9740122304376884              0.0154806503294026              0.9191931110322734              1.3999999999999999              1.3999999999999999
      0.013597169      0.73046875               0.0421039119625730              0.9740122304376884              0.0154806503294026              0.9191931110322734              1.3999999999999999              1.3999999999999999
      0.013597169      0.73828125               0.0421039119625730              0.9740122304376884              0.0154806503294026              0.9191931110322734              1.3999999999999999              1.3999999999999999
      0.013597169      0.74609375               0.0421039119625730              0.9740122304376884              0.0154806503294026              0.9191931110322734              1.3999999999999999              1.3999999999999999
      0.013597169      0.75390625               0.0421039119625730              0.9740122304376884              0.0154806503294026              0.9191931110322734              1.3999999999999999              1.3999999999999999
      0.013597169      0.76171875               0.0421039119625730              0.9740122304376884              0.0154806503294026              0.9191931110322734              1.3999999999999999              1.3999999999999999
      0.013597169      0.76953125               0.0421039119625730              0.9740122304376884              0.0154806503294026              0.9191931110322734              1.3999999999999999              1.3999999999999999
      0.013597169      0.77734375               0.0421039119625730              0.9740122304376884              0.0154806503294026              0.9191931110322734              1.3999999999999999              1.3999999999999999
      0.013597169      0.78515625               0.0421039119625730              0.9740122304376884              0.0154806503294026              0.9191931110322734              1.3999999999999999              1.3999999999999999
      0.013597169      0.79296875               0.0421039119625730              0.9740122304376884              0.0154806503294026              0.9191931110322734              1.3999999999999999              1.3999999999999999
      0.013597169      0.80078125               0.0421039119625730              0.9740122304376884              0.0154806503294026              0.9191931110322734              1.3999999999999999              1.3999999999999999
      0.013597169      0.80859375               0.0421039119625730              0.9740122304376884              0.0154806503294026              0.9191931110322734              1.3999999999999999              1.3999999999999999
      0.013597169      0.81640625               0.0421039119625730              0.9740122304376884              0.0154806503294026              0.9191931110322734              1.3999999999999999              1.3999999999999999
      0.013597169      0.82421875               0.0421039119625730              0.9740122304376884              0.0154806503294026              0.9191931110322734              1.3999999999999999              1.3999999999999999
      0.013597169      0.83203125               0.0421039119625730              0.9740122304376884              0.0154806503294026              0.9191931110322734              1.3999999999999999              1.3999999999999999
      0.013597169      0.83984375               0.0421039119625730              0.9740122304376884              0.0154806503294026              0.9191931110322734              1.3999999999999999              1.3999999999999999
      0.013597169      0.84765625               0.0421039119625730              0.9740122304376884              0.0154806503294026              0.9191931110322734              1.3999999999999999              1.3999999999999999
      0.013597169      0.85546875               0.0421039119625730              0.9740122304376884              0.0154806503294026              0.9191931110322734              1.3999999999999999              1.3999999999999999
      0.013597169      0.86328125               0.0421039119625730              0.9740122304376884              0.0154806503294026              0.9191931110322734              1.3999999999999999              1.3999999999999999
      0.013597169      0.87109375               0.0421039119625730              0.9740122304376884              0.0154806503294026              0.9191931110322734              1.3999999999999999              1.3999999999999999
      0.013597169      0.87890625               0.0421039119625730              0.9740122304376884              0.0154806503294026              0.9191931110322734              1.3999999999999999              1.3999999999999999
      0.013597169      0.88671875               0.0421039119625730              0.9740122304376884              0.0154806503294026              0.9191931110322734              1.3999999999999999              1.3999999999999999
      0.013597169      0.89453125               0.0421039119625730              0.9740122304376884              0.0154806503294026              0.9191931110322734              1.3999999999999999              1.3999999999999999
      0.013597169      0.90234375               0.0421039119625730              0.9740122304376884              0.0154806503294026              0.9191931110322734              1.3999999999999999              1.3999999999999999
      0.013597169      0.91015625               0.0421039119625730              0.9740122304376884              0.0154806503294026              0.9191931110322734              1.3999999999999999              1.3999999999999999
      0.013597169      0.91796875               0.0421039119625730              0.9740122304376884              0.0154806503294026              0.9191931110322734              1.3999999999999999              1.3999999999999999
      0.013597169      0.92578125               0.0421039119625730              0.9740122304376884              0.0154806503294026              0.9191931110322734              1.3999999999999999              1.3999999999999999
      0.013597169      0.93359375               0.0421039119625730              0.9740122304376884              0.0154806503294026              0.9191931110322734              1.3999999999999999              1.3999999999999999
      0.013597169      0.94140625               0.0421039119625730              0.9740122304376884              0.0154806503294026              0.9191931110322734              1.3999999999999999              1.3999999999999999
      0.013597169      0.94921875               0.0421039119625730              0.9740122304376884              0.0154806503294026              0.9191931110322734              1.3999999999999999              1.3999999999999999
      0.013597169      0.95703125               0.0421039119625730              0.9740122304376884              0.0154806503294026              0.9191931110322734              1.3999999999999999              1.3999999999999999
      0.013597169      0.96484375               0.0421039119625730              0.9740122304376884              0.0154806503294026              0.9191931110322734              1.3999999999999999              1.3999999999999999
      0.013597169      0.97265625               0.0421039119625730              0.9740122304376884              0.0154806503294026              0.9191931110322734              1.3999999999999999              1.3999999999999999
      0.013597169      0.98046875               0.0421039119625730              0.9740122304376884              0.0154806503294026              0.9191931110322734              1.3999999999999999              1.3999999999999999
      0.013597169      0.98828125               0.0421039119625730              0.9740122304376884              0.0154806503294026              0.9191931110322734              1.3999999999999999              1.3999999999999999
      0.013597169      0.99609375               0.0421039119625730              0.9740122304376884              0.0154806503294026              0.9191931110322734              1.3999999999999999              1.3999999999999999
