      0.043208034      0.00390625               1.0000000000000000             -2.0000000000000000              0.3999999999999999              1.0000000000000000              1.3999999999999999              1.3999999999999999
      0.043208034      0.01171875               1.0000000000000000             -2.0000000000000000              0.3999999999999999              1.0000000000000000              1.3999999999999999              1.3999999999999999
      0.043208034      0.01953125               1.0000000000000000             -2.0000000000000000              0.3999999999999999              1.0000000000000000              1.3999999999999999              1.3999999999999999
      0.043208034      0.02734375               1.0000000000000000             -2.0000000000000000              0.3999999999999999              1.0000000000000000              1.3999999999999999              1.3999999999999999
      0.043208034      0.03515625               1.0000000000000000             -2.0000000000000000              0.3999999999999999              1.0000000000000000              1.3999999999999999              1.3999999999999999
      0.043208034      0.04296875               1.0000000000000000             -2.0000000000000000              0.3999999999999999              1.0000000000000000              1.3999999999999999              1.3999999999999999
      0.043208034      0.05078125               1.0000000000000000             -2.0000000000000000              0.3999999999999999              1.0000000000000000              1.3999999999999999              1.3999999999999999
      0.043208034      0.05859375               1.0000000000000000             -2.0000000000000000              0.3999999999999999              1.0000000000000000              1.3999999999999999              1.3999999999999999
      0.043208034      0.06640625               1.0000000000000000             -2.0000000000000000              0.3999999999999999              1.0000000000000000              1.3999999999999999              1.3999999999999999
      0.043208034      0.07421875               1.0000000000000000             -2.0000000000000000              0.3999999999999999              1.0000000000000000              1.3999999999999999              1.3999999999999999
      0.043208034      0.08203125               1.0000000000000000             -2.0000000000000000              0.3999999999999999              1.0000000000000000              1.3999999999999999              1.3999999999999999
      0.043208034      0.08984375               1.0000000000000000             -2.0000000000000000              0.3999999999999999              1.0000000000000000              1.3999999999999999              1.3999999999999999
      0.043208034      0.09765625               1.0000000000000000             -2.0000000000000000              0.3999999999999999              1.0000000000000000              1.3999999999999999              1.3999999999999999
      0.043208034      0.10546875               1.0000000000000000             -2.0000000000000000              0.3999999999999999              1.0000000000000000              1.3999999999999999              1.3999999999999999
      0.043208034      0.11328125               1.0000000000000000             -2.0000000000000000              0.3999999999999999              1.0000000000000000              1.3999999999999999              1.3999999999999999
      0.043208034      0.12109375               1.0000000000000000             -2.0000000000000000              0.3999999999999999              1.0000000000000000              1.3999999999999999              1.3999999999999999
      0.043208034      0.12890625               1.0000000000000000             -2.0000000000000000              0.3999999999999999              1.0000000000000000              1.3999999999999999              1.3999999999999999
      0.043208034      0.13671875               1.0000000000000000             -2.0000000000000000              0.3999999999999999              1.0000000000000000              1.3999999999999999              1.3999999999999999
      0.043208034      0.14453125               1.0000000000000000             -2.0000000000000000              0.3999999999999999              1.0000000000000000              1.3999999999999999              1.3999999999999999
      0.043208034      0.15234375               1.0000000000000000             -2.0000000000000000              0.3999999999999999              1.0000000000000000              1.3999999999999999              1.3999999999999999
      0.043208034      0.16015625               1.0000000000000000             -2.0000000000000000              0.3999999999999999              1.0000000000000000              1.3999999999999999              1.3999999999999999
      0.043208034      0.16796875               1.0000000000000000             -2.0000000000000000              0.3999999999999999              1.0000000000000000              1.3999999999999999              1.3999999999999999
      0.043208034      0.17578125               1.0000000000000000             -2.0000000000000000              0.3999999999999999              1.0000000000000000              1.3999999999999999              1.3999999999999999
      0.043208034      0.18359375               1.0000000000000000             -2.0000000000000000              0.3999999999999999              1.0000000000000000              1.3999999999999999              1.3999999999999999
      0.043208034      0.19140625               1.0000000000000000             -2.0000000000000000              0.3999999999999999              1.0000000000000000              1.3999999999999999              1.3999999999999999
      0.043208034      0.19921875               1.0000000000000000             -2.0000000000000000              0.3999999999999999              1.0000000000000000              1.3999999999999999              1.3999999999999999
      0.043208034      0.20703125               1.0000000000000000             -2.0000000000000000              0.3999999999999999              1.0000000000000000              1.3999999999999999              1.3999999999999999
      0.043208034      0.21484375               1.0000000000000000             -2.0000000000000000              0.3999999999999999              1.0000000000000000              1.3999999999999999              1.3999999999999999
      0.043208034      0.22265625               1.0000000000000000             -2.0000000000000000              0.3999999999999999              1.0000000000000000              1.3999999999999999              1.3999999999999999
      0.043208034      0.23046875               1.0000000000000000             -2.0000000000000000              0.3999999999999999              1.0000000000000000              1.3999999999999999              1.3999999999999999
      0.043208034      0.23828125               1.0000000000000000             -2.0000000000000000              0.3999999999999999              1.0000000000000000              1.3999999999999999              1.3999999999999999
      0.043208034      0.24609375               1.0000000000000000             -2.0000000000000000              0.3999999999999999              1.0000000000000000              1.3999999999999999              1.3999999999999999
      0.043208034      0.25390625               1.0000000000000000             -2.0000000000000000              0.3999999999999999              1.0000000000000000              1.3999999999999999              1.3999999999999999
      0.043208034      0.26171875               1.0000000000000000             -2.0000000000000000              0.3999999999999999              1.0000000000000000              1.3999999999999999              1.3999999999999999
      0.043208034      0.26953125               1.0000000000000000             -2.0000000000000000              0.3999999999999999              1.0000000000000000              1.3999999999999999              1.3999999999999999
      0.043208034      0.27734375               1.0000000000000000             -2.0000000000000000              0.3999999999999999              1.0000000000000000              1.3999999999999999              1.3999999999999999
      0.043208034      0.28515625               1.0000000000000000             -2.0000000000000000              0.3999999999999999              1.0000000000000000              1.3999999999999999              1.3999999999999999
      0.043208034      0.29296875               1.0000000000000000             -2.0000000000000000              0.3999999999999999              1.0000000000000000              1.3999999999999999              1.3999999999999999
      0.043208034      0.30078125               1.0000000000000000             -2.0000000000000000              0.3999999999999999              1.0000000000000000              1.3999999999999999              1.3999999999999999
      0.043208034      0.30859375               1.0000000000000000             -2.0000000000000000              0.3999999999999999              1.0000000000000000              1.3999999999999999              1.3999999999999999
      0.043208034      0.31640625               1.0000000000000000             -2.0000000000000000              0.3999999999999999              1.0000000000000000              1.3999999999999999              1.3999999999999999
      0.043208034      0.32421875               1.0000000000000000             -2.0000000000000000              0.3999999999999999              1.0000000000000000              1.3999999999999999              1.3999999999999999
      0.043208034      0.33203125               1.0000000000000000             -2.0000000000000000              0.3999999999999999              1.0000000000000000              1.3999999999999999              1.3999999999999999
      0.043208034      0.33984375               1.0000000000000000             -2.0000000000000000              0.3999999999999999              1.0000000000000000              1.3999999999999999              1.3999999999999999
      0.043208034      0.34765625               1.0000000000000000             -2.0000000000000000              0.3999999999999999              1.0000000000000000              1.3999999999999999              1.3999999999999999
      0.043208034      0.35546875               0.9953538740860894             -1.9965419271075866              0.3974179106816762              0.9981824580895314              1.3999999999999999              1.3999999999999999
      0.043208034      0.36328125               0.9747548104588654             -1.9812505136115666              0.3861517190337529              0.9903816705761428              1.3999999999999999              1.3999999999999999
      0.043208034      0.37109375               0.9294146483289621             -1.9473651757949499              0.3620915927968973              0.9739775283505556              1.3999999999999999              1.3999999999999999
      0.043208034      0.37890625               0.8599831180303921             -1.8942947125836997              0.3268788469834840              0.9502478599002339              1.3999999999999999              1.3999999999999999
      0.043208034      0.38671875               0.7733030645051818             -1.8253143374865171              0.2854034882028151              0.9226767010985467              1.3999999999999999              1.3999999999999999
      0.043208034      0.39453125               0.6772036644286226             -1.7441907668001690              0.2423916965853571              0.8948256976351067              1.3999999999999999              1.3999999999999999
      0.043208034      0.40234375               0.5783145712584672             -1.6537839185505876              0.2011310172768092              0.8694706448392313              1.3999999999999999              1.3999999999999999
      0.043208034      0.41015625               0.4818586660031347             -1.5559585591766814              0.1635550788077024              0.8485635433535944              1.3999999999999999              1.3999999999999999
      0.043208034      0.41796875               0.3918665598975871             -1.4518798402103974              0.1306449870714405              0.8334787938117511              1.3999999999999999              1.3999999999999999
      0.043208034      0.42578125               0.3112787408339855             -1.3423279962190007              0.1027612675089512              0.8253154972423652              1.3999999999999999              1.3999999999999999
      0.043208034      0.43359375               0.2419422624770915             -1.2279673163959355              0.0798588244711992              0.8251847326462931              1.3999999999999999              1.3999999999999999
      0.043208034      0.44140625               0.1846204343013957             -1.1095861705515313              0.0616221012965099              0.8344431309796252              1.3999999999999999              1.3999999999999999
      0.043208034      0.44921875               0.1390916849011932             -0.9883072875709735              0.0475573154739923              0.8547835822784029              1.3999999999999999              1.3999999999999999
      0.043208034      0.45703125               0.1043397812898881             -0.8656785184880492              0.0370625960223230              0.8880264929670433              1.3999999999999999              1.3999999999999999
      0.043208034      0.46484375               0.0788438795513801             -0.7430143412157973              0.0295107760366193              0.9357345238633291              1.3999999999999999              1.3999999999999999
      0.043208034      0.47265625               0.0621189038513023             -0.6167943724555820              0.0245166135081282              0.9866808647660263              1.3999999999999999              1.3999999999999999
      0.043208034      0.48046875               0.0539248621805158             -0.4665159409718566              0.0221248266292752              1.0257247647296459              1.3999999999999999              1.3999999999999999
      0.043208034      0.48828125               0.0508244508131170             -0.2866009038074949              0.0214843442553041              1.0567917563095084              1.3999999999999999              1.3999999999999999
      0.043208034      0.49609375               0.0497053110544435             -0.0963193089641160              0.0213358752212080              1.0731184841514374              1.3999999999999999              1.3999999999999999
      0.043208034      0.50390625               0.0497053110544435              0.0963193089641160              0.0213358752212080              1.0731184841514374              1.3999999999999999              1.3999999999999999
      0.043208034      0.51171875               0.0508244508131170              0.2866009038074949              0.0214843442553041              1.0567917563095084              1.3999999999999999              1.3999999999999999
      0.043208034      0.51953125               0.0539248621805158              0.4665159409718566              0.0221248266292752              1.0257247647296459              1.3999999999999999              1.3999999999999999
      0.043208034      0.52734375               0.0621189038513023              0.6167943724555820              0.0245166135081282              0.9866808647660263              1.3999999999999999              1.3999999999999999
      0.043208034      0.53515625               0.0788438795513801              0.7430143412157973              0.0295107760366193              0.9357345238633291              1.3999999999999999              1.3999999999999999
      0.043208034      0.54296875               0.1043397812898881              0.8656785184880492              0.0370625960223230              0.8880264929670433              1.3999999999999999              1.3999999999999999
      0.043208034      0.55078125               0.1390916849011932              0.9883072875709735              0.0475573154739923              0.8547835822784029              1.3999999999999999              1.3999999999999999
      0.043208034      0.55859375               0.1846204343013957              1.1095861705515313              0.0616221012965099              0.8344431309796252              1.3999999999999999              1.3999999999999999
      0.043208034      0.56640625               0.2419422624770915              1.2279673163959355              0.0798588244711992              0.8251847326462931              1.3999999999999999              1.3999999999999999
      0.043208034      0.57421875               0.3112787408339855              1.3423279962190007              0.1027612675089512              0.8253154972423652              1.3999999999999999              1.3999999999999999
      0.043208034      0.58203125               0.3918665598975871              1.4518798402103974              0.1306449870714405              0.8334787938117511              1.3999999999999999              1.3999999999999999
      0.043208034      0.58984375               0.4818586660031347              1.5559585591766814              0.1635550788077024              0.8485635433535944              1.3999999999999999              1.3999999999999999
      0.043208034      0.59765625               0.5783145712584672              1.6537839185505876              0.2011310172768092              0.8694706448392313              1.3999999999999999              1.3999999999999999
      0.043208034      0.60546875               0.6772036644286226              1.7441907668001690              0.2423916965853571              0.8948256976351067              1.3999999999999999              1.3999999999999999
      0.043208034      0.61328125               0.7733030645051818              1.8253143374865171              0.2854034882028151              0.9226767010985467              1.3999999999999999              1.3999999999999999
      0.043208034      0.62109375               0.8599831180303921              1.8942947125836997              0.3268788469834840              0.9502478599002339              1.3999999999999999              1.3999999999999999
      0.043208034      0.62890625               0.9294146483289621              1.9473651757949499              0.3620915927968973              0.9739775283505556              1.3999999999999999              1.3999999999999999
      0.043208034      0.63671875               0.9747548104588654              1.9812505136115666              0.3861517190337529              0.9903816705761428              1.3999999999999999              1.3999999999999999
      0.043208034      0.64453125               0.9953538740860894              1.9965419271075866              0.3974179106816762              0.9981824580895314              1.3999999999999999              1.3999999999999999
      0.043208034      0.65234375               1.0000000000000000              2.0000000000000000              0.3999999999999999              1.0000000000000000              1.3999999999999999              1.3999999999999999
      0.043208034      0.66015625               1.0000000000000000              2.0000000000000000              0.3999999999999999              1.0000000000000000              1.3999999999999999              1.3999999999999999
      0.043208034      0.66796875               1.0000000000000000              2.0000000000000000              0.3999999999999999              1.0000000000000000              1.3999999999999999              1.3999999999999999
      0.043208034      0.67578125               1.0000000000000000              2.0000000000000000              0.3999999999999999              1.0000000000000000              1.3999999999999999              1.3999999999999999
      0.043208034      0.68359375               1.0000000000000000              2.0000000000000000              0.3999999999999999              1.0000000000000000              1.3999999999999999              1.3999999999999999
      0.043208034      0.69140625               1.0000000000000000              2.0000000000000000              0.3999999999999999              1.0000000000000000              1.3999999999999999              1.3999999999999999
      0.043208034      0.69921875               1.0000000000000000              2.0000000000000000              0.3999999999999999              1.0000000000000000              1.3999999999999999              1.3999999999999999
      0.043208034      0.70703125               1.0000000000000000              2.0000000000000000              0.3999999999999999              1.0000000000000000              1.3999999999999999              1.3999999999999999
      0.043208034      0.71484375               1.0000000000000000              2.0000000000000000              0.3999999999999999              1.0000000000000000              1.3999999999999999              1.3999999999999999
      0.043208034      0.72265625               1.0000000000000000              2.0000000000000000              0.3999999999999999              1.0000000000000000              1.3999999999999999              1.3999999999999999
      0.043208034      0.73046875               1.0000000000000000              2.0000000000000000              0.3999999999999999              1.0000000000000000              1.3999999999999999              1.3999999999999999
      0.043208034      0.73828125               1.0000000000000000              2.0000000000000000              0.3999999999999999              1.0000000000000000              1.3999999999999999              1.3999999999999999
      0.043208034      0.74609375               1.0000000000000000              2.0000000000000000              0.3999999999999999              1.0000000000000000              1.3999999999999999              1.3999999999999999
      0.043208034      0.75390625               1.0000000000000000              2.0000000000000000              0.3999999999999999              1.0000000000000000              1.3999999999999999              1.3999999999999999
      0.043208034      0.76171875               1.0000000000000000              2.0000000000000000              0.3999999999999999              1.0000000000000000              1.3999999999999999              1.3999999999999999
      0.043208034      0.76953125               1.0000000000000000              2.0000000000000000              0.3999999999999999              1.0000000000000000              1.3999999999999999              1.3999999999999999
      0.043208034      0.77734375               1.0000000000000000              2.0000000000000000              0.3999999999999999              1.0000000000000000              1.3999999999999999              1.3999999999999999
      0.043208034      0.78515625               1.0000000000000000              2.0000000000000000              0.3999999999999999              1.0000000000000000              1.3999999999999999              1.3999999999999999
      0.043208034      0.79296875               1.0000000000000000              2.0000000000000000              0.3999999999999999              1.0000000000000000              1.3999999999999999              1.3999999999999999
      0.043208034      0.80078125               1.0000000000000000              2.0000000000000000              0.3999999999999999              1.0000000000000000              1.3999999999999999              1.3999999999999999
      0.043208034      0.80859375               1.0000000000000000              2.0000000000000000              0.3999999999999999              1.0000000000000000              1.3999999999999999              1.3999999999999999
      0.043208034      0.81640625               1.0000000000000000              2.0000000000000000              0.3999999999999999              1.0000000000000000              1.3999999999999999              1.3999999999999999
      0.043208034      0.82421875               1.0000000000000000              2.0000000000000000              0.3999999999999999              1.0000000000000000              1.3999999999999999              1.3999999999999999
      0.043208034      0.83203125               1.0000000000000000              2.0000000000000000              0.3999999999999999              1.0000000000000000              1.3999999999999999              1.3999999999999999
      0.043208034      0.83984375               1.0000000000000000              2.0000000000000000              0.3999999999999999              1.0000000000000000              1.3999999999999999              1.3999999999999999
      0.043208034      0.84765625               1.0000000000000000              2.0000000000000000              0.3999999999999999              1.0000000000000000              1.3999999999999999              1.3999999999999999
      0.043208034      0.85546875               1.0000000000000000              2.0000000000000000              0.3999999999999999              1.0000000000000000              1.3999999999999999              1.3999999999999999
      0.043208034      0.86328125               1.0000000000000000              2.0000000000000000              0.3999999999999999              1.0000000000000000              1.3999999999999999              1.3999999999999999
      0.043208034      0.87109375               1.0000000000000000              2.0000000000000000              0.3999999999999999              1.0000000000000000              1.3999999999999999              1.3999999999999999
      0.043208034      0.87890625               1.0000000000000000              2.0000000000000000              0.3999999999999999              1.0000000000000000              1.3999999999999999              1.3999999999999999
      0.043208034      0.88671875               1.0000000000000000              2.0000000000000000              0.3999999999999999              1.0000000000000000              1.3999999999999999              1.3999999999999999
      0.043208034      0.89453125               1.0000000000000000              2.0000000000000000              0.3999999999999999              1.0000000000000000              1.3999999999999999              1.3999999999999999
      0.043208034      0.90234375               1.0000000000000000              2.0000000000000000              0.3999999999999999              1.0000000000000000              1.3999999999999999              1.3999999999999999
      0.043208034      0.91015625               1.0000000000000000              2.0000000000000000              0.3999999999999999              1.0000000000000000              1.3999999999999999              1.3999999999999999
      0.043208034      0.91796875               1.0000000000000000              2.0000000000000000              0.3999999999999999              1.0000000000000000              1.3999999999999999              1.3999999999999999
      0.043208034      0.92578125               1.0000000000000000              2.0000000000000000              0.3999999999999999              1.0000000000000000              1.3999999999999999              1.3999999999999999
      0.043208034      0.93359375               1.0000000000000000              2.0000000000000000              0.3999999999999999              1.0000000000000000              1.3999999999999999              1.3999999999999999
      0.043208034      0.94140625               1.0000000000000000              2.0000000000000000              0.3999999999999999              1.0000000000000000              1.3999999999999999              1.3999999999999999
      0.043208034      0.94921875               1.0000000000000000              2.0000000000000000              0.3999999999999999              1.0000000000000000              1.3999999999999999              1.3999999999999999
      0.043208034      0.95703125               1.0000000000000000              2.0000000000000000              0.3999999999999999              1.0000000000000000              1.3999999999999999              1.3999999999999999
      0.043208034      0.96484375               1.0000000000000000              2.0000000000000000              0.3999999999999999              1.0000000000000000              1.3999999999999999              1.3999999999999999
      0.043208034      0.97265625               1.0000000000000000              2.0000000000000000              0.3999999999999999              1.0000000000000000              1.3999999999999999              1.3999999999999999
      0.043208034      0.98046875               1.0000000000000000              2.0000000000000000              0.3999999999999999              1.0000000000000000              1.3999999999999999              1.3999999999999999
      0.043208034      0.98828125               1.0000000000000000              2.0000000000000000              0.3999999999999999              1.0000000000000000              1.3999999999999999              1.3999999999999999
      0.043208034      0.99609375               1.0000000000000000              2.0000000000000000              0.3999999999999999              1.0000000000000000              1.3999999999999999              1.3999999999999999
