      0.050030355      0.00390625               1.0000000000000000             -2.0000000000000000              0.3999999999999999              1.0000000000000000              1.3999999999999999              1.3999999999999999
      0.050030355      0.01171875               1.0000000000000000             -2.0000000000000000              0.3999999999999999              1.0000000000000000              1.3999999999999999              1.3999999999999999
      0.050030355      0.01953125               1.0000000000000000             -2.0000000000000000              0.3999999999999999              1.0000000000000000              1.3999999999999999              1.3999999999999999
      0.050030355      0.02734375               1.0000000000000000             -2.0000000000000000              0.3999999999999999              1.0000000000000000              1.3999999999999999              1.3999999999999999
      0.050030355      0.03515625               1.0000000000000000             -2.0000000000000000              0.3999999999999999              1.0000000000000000              1.3999999999999999              1.3999999999999999
      0.050030355      0.04296875               1.0000000000000000             -2.0000000000000000              0.3999999999999999              1.0000000000000000              1.3999999999999999              1.3999999999999999
      0.050030355      0.05078125               1.0000000000000000             -2.0000000000000000              0.3999999999999999              1.0000000000000000              1.3999999999999999              1.3999999999999999
      0.050030355      0.05859375               1.0000000000000000             -2.0000000000000000              0.3999999999999999              1.0000000000000000              1.3999999999999999              1.3999999999999999
      0.050030355      0.06640625               1.0000000000000000             -2.0000000000000000              0.3999999999999999              1.0000000000000000              1.3999999999999999              1.3999999999999999
      0.050030355      0.07421875               1.0000000000000000             -2.0000000000000000              0.3999999999999999              1.0000000000000000              1.3999999999999999              1.3999999999999999
      0.050030355      0.08203125               1.0000000000000000             -2.0000000000000000              0.3999999999999999              1.0000000000000000              1.3999999999999999              1.3999999999999999
      0.050030355      0.08984375               1.0000000000000000             -2.0000000000000000              0.3999999999999999              1.0000000000000000              1.3999999999999999              1.3999999999999999
      0.050030355      0.09765625               1.0000000000000000             -2.0000000000000000              0.3999999999999999              1.0000000000000000              1.3999999999999999              1.3999999999999999
      0.050030355      0.10546875               1.0000000000000000             -2.0000000000000000              0.3999999999999999              1.0000000000000000              1.3999999999999999              1.3999999999999999
      0.050030355      0.11328125               1.0000000000000000             -2.0000000000000000              0.3999999999999999              1.0000000000000000              1.3999999999999999              1.3999999999999999
      0.050030355      0.12109375               1.0000000000000000             -2.0000000000000000              0.3999999999999999              1.0000000000000000              1.3999999999999999              1.3999999999999999
      0.050030355      0.12890625               1.0000000000000000             -2.0000000000000000              0.3999999999999999              1.0000000000000000              1.3999999999999999              1.3999999999999999
      0.050030355      0.13671875               1.0000000000000000             -2.0000000000000000              0.3999999999999999              1.0000000000000000              1.3999999999999999              1.3999999999999999
      0.050030355      0.14453125               1.0000000000000000             -2.0000000000000000              0.3999999999999999              1.0000000000000000              1.3999999999999999              1.3999999999999999
      0.050030355      0.15234375               1.0000000000000000             -2.0000000000000000              0.3999999999999999              1.0000000000000000              1.3999999999999999              1.3999999999999999
      0.050030355      0.16015625               1.0000000000000000             -2.0000000000000000              0.3999999999999999              1.0000000000000000              1.3999999999999999              1.3999999999999999
      0.050030355      0.16796875               1.0000000000000000             -2.0000000000000000              0.3999999999999999              1.0000000000000000              1.3999999999999999              1.3999999999999999
      0.050030355      0.17578125               1.0000000000000000             -2.0000000000000000              0.3999999999999999              1.0000000000000000              1.3999999999999999              1.3999999999999999
      0.050030355      0.18359375               1.0000000000000000             -2.0000000000000000              0.3999999999999999              1.0000000000000000              1.3999999999999999              1.3999999999999999
      0.050030355      0.19140625               1.0000000000000000             -2.0000000000000000              0.3999999999999999              1.0000000000000000              1.3999999999999999              1.3999999999999999
      0.050030355      0.19921875               1.0000000000000000             -2.0000000000000000              0.3999999999999999              1.0000000000000000              1.3999999999999999              1.3999999999999999
      0.050030355      0.20703125               1.0000000000000000             -2.0000000000000000              0.3999999999999999              1.0000000000000000              1.3999999999999999              1.3999999999999999
      0.050030355      0.21484375               1.0000000000000000             -2.0000000000000000              0.3999999999999999              1.0000000000000000              1.3999999999999999              1.3999999999999999
      0.050030355      0.22265625               1.0000000000000000             -2.0000000000000000              0.3999999999999999              1.0000000000000000              1.3999999999999999              1.3999999999999999
      0.050030355      0.23046875               1.0000000000000000             -2.0000000000000000              0.3999999999999999              1.0000000000000000              1.3999999999999999              1.3999999999999999
      0.050030355      0.23828125               1.0000000000000000             -2.0000000000000000              0.3999999999999999              1.0000000000000000              1.3999999999999999              1.3999999999999999
      0.050030355      0.24609375               1.0000000000000000             -2.0000000000000000              0.3999999999999999              1.0000000000000000              1.3999999999999999              1.3999999999999999
      0.050030355      0.25390625               1.0000000000000000             -2.0000000000000000              0.3999999999999999              1.0000000000000000              1.3999999999999999              1.3999999999999999
      0.050030355      0.26171875               1.0000000000000000             -2.0000000000000000              0.3999999999999999              1.0000000000000000              1.3999999999999999              1.3999999999999999
      0.050030355      0.26953125               1.0000000000000000             -2.0000000000000000              0.3999999999999999              1.0000000000000000              1.3999999999999999              1.3999999999999999
      0.050030355      0.27734375               1.0000000000000000             -2.0000000000000000              0.3999999999999999              1.0000000000000000              1.3999999999999999              1.3999999999999999
      0.050030355      0.28515625               1.0000000000000000             -2.0000000000000000              0.3999999999999999              1.0000000000000000              1.3999999999999999              1.3999999999999999
      0.050030355      0.29296875               1.0000000000000000             -2.0000000000000000              0.3999999999999999              1.0000000000000000              1.3999999999999999              1.3999999999999999
      0.050030355      0.30078125               1.0000000000000000             -2.0000000000000000              0.3999999999999999              1.0000000000000000              1.3999999999999999              1.3999999999999999
      0.050030355      0.30859375               1.0000000000000000             -2.0000000000000000              0.3999999999999999              1.0000000000000000              1.3999999999999999              1.3999999999999999
      0.050030355      0.31640625               1.0000000000000000             -2.0000000000000000              0.3999999999999999              1.0000000000000000              1.3999999999999999              1.3999999999999999
      0.050030355      0.32421875               1.0000000000000000             -2.0000000000000000              0.3999999999999999              1.0000000000000000              1.3999999999999999              1.3999999999999999
      0.050030355      0.33203125               0.9976367895541575             -1.9982360687104430              0.3986814890755979              0.9990647228781733              1.3999999999999999              1.3999999999999999
      0.050030355      0.33984375               0.9855758898153975             -1.9892480887451738              0.3920142655923590              0.9943786917965928              1.3999999999999999              1.3999999999999999
      0.050030355      0.34765625               0.9554976535628392             -1.9667370351704749              0.3757040672830763              0.9830062530299241              1.3999999999999999              1.3999999999999999
      0.050030355      0.35546875               0.9046489799024321             -1.9280646642212220              0.3489781736719360              0.9644021643333248              1.3999999999999999              1.3999999999999999
      0.050030355      0.36328125               0.8364045826433069             -1.8745622138366000              0.3146181399702312              0.9403886184361193              1.3999999999999999              1.3999999999999999
      0.050030355      0.37109375               0.7566154994091145             -1.8091582719691137              0.2765154318169245              0.9136590250691127              1.3999999999999999              1.3999999999999999
      0.050030355      0.37890625               0.6708502425558490             -1.7346134200750811              0.2379399282940530              0.8867103013465939              1.3999999999999999              1.3999999999999999
      0.050030355      0.38671875               0.5835767123705858             -1.6529594659111124              0.2010983393525826              0.8614905936517228              1.3999999999999999              1.3999999999999999
      0.050030355      0.39453125               0.4982596875772961             -1.5655450870550243              0.1672981440495284              0.8394123999022853              1.3999999999999999              1.3999999999999999
      0.050030355      0.40234375               0.4175954975125862             -1.4732392425181717              0.1372195291247039              0.8214859232322552              1.3999999999999999              1.3999999999999999
      0.050030355      0.41015625               0.3436395675638930             -1.3766285893754098              0.1111301918753545              0.8084793077174681              1.3999999999999999              1.3999999999999999
      0.050030355      0.41796875               0.2778346392062164             -1.2761799667930525              0.0890269240043888              0.8010783343893144              1.3999999999999999              1.3999999999999999
      0.050030355      0.42578125               0.2210069936816982             -1.1723789684994339              0.0707254408946573              0.8000362309407101              1.3999999999999999              1.3999999999999999
      0.050030355      0.43359375               0.1733841500236664             -1.0658568669739188              0.0559198496520582              0.8062999075236313              1.3999999999999999              1.3999999999999999
      0.050030355      0.44140625               0.1346571635395839             -0.9574992285662978              0.0442254893721659              0.8210756897304863              1.3999999999999999              1.3999999999999999
      0.050030355      0.44921875               0.1040796975364674             -0.8484900921160270              0.0352120362794675              0.8457950280632283              1.3999999999999999              1.3999999999999999
      0.050030355      0.45703125               0.0805704579461630             -0.7400923051780118              0.0284356872013992              0.8823236185525921              1.3999999999999999              1.3999999999999999
      0.050030355      0.46484375               0.0634914818336490             -0.6324360978562589              0.0235321931237437              0.9265885928367259              1.3999999999999999              1.3999999999999999
      0.050030355      0.47265625               0.0525872317529927             -0.5221918523137886              0.0202135727242941              0.9609544014048513              1.3999999999999999              1.3999999999999999
      0.050030355      0.48046875               0.0468185659976089             -0.3928900955494627              0.0184718400302907              0.9863522961827853              1.3999999999999999              1.3999999999999999
      0.050030355      0.48828125               0.0442419990024407             -0.2423454062039717              0.0178038724649326              1.0060504083433486              1.3999999999999999              1.3999999999999999
      0.050030355      0.49609375               0.0432555876191886             -0.0816804364741875              0.0175903049040634              1.0166492858058085              1.3999999999999999              1.3999999999999999
      0.050030355      0.50390625               0.0432555876191886              0.0816804364741875              0.0175903049040634              1.0166492858058085              1.3999999999999999              1.3999999999999999
      0.050030355      0.51171875               0.0442419990024407              0.2423454062039717              0.0178038724649326              1.0060504083433486              1.3999999999999999              1.3999999999999999
      0.050030355      0.51953125               0.0468185659976089              0.3928900955494627              0.0184718400302907              0.9863522961827853              1.3999999999999999              1.3999999999999999
      0.050030355      0.52734375               0.0525872317529927              0.5221918523137886              0.0202135727242941              0.9609544014048513              1.3999999999999999              1.3999999999999999
      0.050030355      0.53515625               0.0634914818336490              0.6324360978562589              0.0235321931237437              0.9265885928367259              1.3999999999999999              1.3999999999999999
      0.050030355      0.54296875               0.0805704579461630              0.7400923051780118              0.0284356872013992              0.8823236185525921              1.3999999999999999              1.3999999999999999
      0.050030355      0.55078125               0.1040796975364674              0.8484900921160270              0.0352120362794675              0.8457950280632283              1.3999999999999999              1.3999999999999999
      0.050030355      0.55859375               0.1346571635395839              0.9574992285662978              0.0442254893721659              0.8210756897304863              1.3999999999999999              1.3999999999999999
      0.050030355      0.56640625               0.1733841500236664              1.0658568669739188              0.0559198496520582              0.8062999075236313              1.3999999999999999              1.3999999999999999
      0.050030355      0.57421875               0.2210069936816982              1.1723789684994339              0.0707254408946573              0.8000362309407101              1.3999999999999999              1.3999999999999999
      0.050030355      0.58203125               0.2778346392062164              1.2761799667930525              0.0890269240043888              0.8010783343893144              1.3999999999999999              1.3999999999999999
      0.050030355      0.58984375               0.3436395675638930              1.3766285893754098              0.1111301918753545              0.8084793077174681              1.3999999999999999              1.3999999999999999
      0.050030355      0.59765625               0.4175954975125862              1.4732392425181717              0.1372195291247039              0.8214859232322552              1.3999999999999999              1.3999999999999999
      0.050030355      0.60546875               0.4982596875772961              1.5655450870550243              0.1672981440495284              0.8394123999022853              1.3999999999999999              1.3999999999999999
      0.050030355      0.61328125               0.5835767123705858              1.6529594659111124              0.2010983393525826              0.8614905936517228              1.3999999999999999              1.3999999999999999
      0.050030355      0.62109375               0.6708502425558490              1.7346134200750811              0.2379399282940530              0.8867103013465939              1.3999999999999999              1.3999999999999999
      0.050030355      0.62890625               0.7566154994091145              1.8091582719691137              0.2765154318169245              0.9136590250691127              1.3999999999999999              1.3999999999999999
      0.050030355      0.63671875               0.8364045826433069              1.8745622138366000              0.3146181399702312              0.9403886184361193              1.3999999999999999              1.3999999999999999
      0.050030355      0.64453125               0.9046489799024321              1.9280646642212220              0.3489781736719360              0.9644021643333248              1.3999999999999999              1.3999999999999999
      0.050030355      0.65234375               0.9554976535628392              1.9667370351704749              0.3757040672830763              0.9830062530299241              1.3999999999999999              1.3999999999999999
      0.050030355      0.66015625               0.9855758898153975              1.9892480887451738              0.3920142655923590              0.9943786917965928              1.3999999999999999              1.3999999999999999
      0.050030355      0.66796875               0.9976367895541575              1.9982360687104430              0.3986814890755979              0.9990647228781733              1.3999999999999999              1.3999999999999999
      0.050030355      0.67578125               1.0000000000000000              2.0000000000000000              0.3999999999999999              1.0000000000000000              1.3999999999999999              1.3999999999999999
      0.050030355      0.68359375               1.0000000000000000              2.0000000000000000              0.3999999999999999              1.0000000000000000              1.3999999999999999              1.3999999999999999
      0.050030355      0.69140625               1.0000000000000000              2.0000000000000000              0.3999999999999999              1.0000000000000000              1.3999999999999999              1.3999999999999999
      0.050030355      0.69921875               1.0000000000000000              2.0000000000000000              0.3999999999999999              1.0000000000000000              1.3999999999999999              1.3999999999999999
      0.050030355      0.70703125               1.0000000000000000              2.0000000000000000              0.3999999999999999              1.0000000000000000              1.3999999999999999              1.3999999999999999
      0.050030355      0.71484375               1.0000000000000000              2.0000000000000000              0.3999999999999999              1.0000000000000000              1.3999999999999999              1.3999999999999999
      0.050030355      0.72265625               1.0000000000000000              2.0000000000000000              0.3999999999999999              1.0000000000000000              1.3999999999999999              1.3999999999999999
      0.050030355      0.73046875               1.0000000000000000              2.0000000000000000              0.3999999999999999              1.0000000000000000              1.3999999999999999              1.3999999999999999
      0.050030355      0.73828125               1.0000000000000000              2.0000000000000000              0.3999999999999999              1.0000000000000000              1.3999999999999999              1.3999999999999999
      0.050030355      0.74609375               1.0000000000000000              2.0000000000000000              0.3999999999999999              1.0000000000000000              1.3999999999999999              1.3999999999999999
      0.050030355      0.75390625               1.0000000000000000              2.0000000000000000              0.3999999999999999              1.0000000000000000              1.3999999999999999              1.3999999999999999
      0.050030355      0.76171875               1.0000000000000000              2.0000000000000000              0.3999999999999999              1.0000000000000000              1.3999999999999999              1.3999999999999999
      0.050030355      0.76953125               1.0000000000000000              2.0000000000000000              0.3999999999999999              1.0000000000000000              1.3999999999999999              1.3999999999999999
      0.050030355      0.77734375               1.0000000000000000              2.0000000000000000              0.3999999999999999              1.0000000000000000              1.3999999999999999              1.3999999999999999
      0.050030355      0.78515625               1.0000000000000000              2.0000000000000000              0.3999999999999999              1.0000000000000000              1.3999999999999999              1.3999999999999999
      0.050030355      0.79296875               1.0000000000000000              2.0000000000000000              0.3999999999999999              1.0000000000000000              1.3999999999999999              1.3999999999999999
      0.050030355      0.80078125               1.0000000000000000              2.0000000000000000              0.3999999999999999              1.0000000000000000              1.3999999999999999              1.3999999999999999
      0.050030355      0.80859375               1.0000000000000000              2.0000000000000000              0.3999999999999999              1.0000000000000000              1.3999999999999999              1.3999999999999999
      0.050030355      0.81640625               1.0000000000000000              2.0000000000000000              0.3999999999999999              1.0000000000000000              1.3999999999999999              1.3999999999999999
      0.050030355      0.82421875               1.0000000000000000              2.0000000000000000              0.3999999999999999              1.0000000000000000              1.3999999999999999              1.3999999999999999
      0.050030355      0.83203125               1.0000000000000000              2.0000000000000000              0.3999999999999999              1.0000000000000000              1.3999999999999999              1.3999999999999999
      0.050030355      0.83984375               1.0000000000000000              2.0000000000000000              0.3999999999999999              1.0000000000000000              1.3999999999999999              1.3999999999999999
      0.050030355      0.84765625               1.0000000000000000              2.0000000000000000              0.3999999999999999              1.0000000000000000              1.3999999999999999              1.3999999999999999
      0.050030355      0.85546875               1.0000000000000000              2.0000000000000000              0.3999999999999999              1.0000000000000000              1.3999999999999999              1.3999999999999999
      0.050030355      0.86328125               1.0000000000000000              2.0000000000000000              0.3999999999999999              1.0000000000000000              1.3999999999999999              1.3999999999999999
      0.050030355      0.87109375               1.0000000000000000              2.0000000000000000              0.3999999999999999              1.0000000000000000              1.3999999999999999              1.3999999999999999
      0.050030355      0.87890625               1.0000000000000000              2.0000000000000000              0.3999999999999999              1.0000000000000000              1.3999999999999999              1.3999999999999999
      0.050030355      0.88671875               1.0000000000000000              2.0000000000000000              0.3999999999999999              1.0000000000000000              1.3999999999999999              1.3999999999999999
      0.050030355      0.89453125               1.0000000000000000              2.0000000000000000              0.3999999999999999              1.0000000000000000              1.3999999999999999              1.3999999999999999
      0.050030355      0.90234375               1.0000000000000000              2.0000000000000000              0.3999999999999999              1.0000000000000000              1.3999999999999999              1.3999999999999999
      0.050030355      0.91015625               1.0000000000000000              2.0000000000000000              0.3999999999999999              1.0000000000000000              1.3999999999999999              1.3999999999999999
      0.050030355      0.91796875               1.0000000000000000              2.0000000000000000              0.3999999999999999              1.0000000000000000              1.3999999999999999              1.3999999999999999
      0.050030355      0.92578125               1.0000000000000000              2.0000000000000000              0.3999999999999999              1.0000000000000000              1.3999999999999999              1.3999999999999999
      0.050030355      0.93359375               1.0000000000000000              2.0000000000000000              0.3999999999999999              1.0000000000000000              1.3999999999999999              1.3999999999999999
      0.050030355      0.94140625               1.0000000000000000              2.0000000000000000              0.3999999999999999              1.0000000000000000              1.3999999999999999              1.3999999999999999
      0.050030355      0.94921875               1.0000000000000000              2.0000000000000000              0.3999999999999999              1.0000000000000000              1.3999999999999999              1.3999999999999999
      0.050030355      0.95703125               1.0000000000000000              2.0000000000000000              0.3999999999999999              1.0000000000000000              1.3999999999999999              1.3999999999999999
      0.050030355      0.96484375               1.0000000000000000              2.0000000000000000              0.3999999999999999              1.0000000000000000              1.3999999999999999              1.3999999999999999
      0.050030355      0.97265625               1.0000000000000000              2.0000000000000000              0.3999999999999999              1.0000000000000000              1.3999999999999999              1.3999999999999999
      0.050030355      0.98046875               1.0000000000000000              2.0000000000000000              0.3999999999999999              1.0000000000000000              1.3999999999999999              1.3999999999999999
      0.050030355      0.98828125               1.0000000000000000              2.0000000000000000              0.3999999999999999              1.0000000000000000              1.3999999999999999              1.3999999999999999
      0.050030355      0.99609375               1.0000000000000000              2.0000000000000000              0.3999999999999999              1.0000000000000000              1.3999999999999999              1.3999999999999999
