      0.100060710      0.00390625               1.0000000000000000             -2.0000000000000000              0.3999999999999999              1.0000000000000000              1.3999999999999999              1.3999999999999999
      0.100060710      0.01171875               1.0000000000000000             -2.0000000000000000              0.3999999999999999              1.0000000000000000              1.3999999999999999              1.3999999999999999
      0.100060710      0.01953125               1.0000000000000000             -2.0000000000000000              0.3999999999999999              1.0000000000000000              1.3999999999999999              1.3999999999999999
      0.100060710      0.02734375               1.0000000000000000             -2.0000000000000000              0.3999999999999999              1.0000000000000000              1.3999999999999999              1.3999999999999999
      0.100060710      0.03515625               1.0000000000000000             -2.0000000000000000              0.3999999999999999              1.0000000000000000              1.3999999999999999              1.3999999999999999
      0.100060710      0.04296875               1.0000000000000000             -2.0000000000000000              0.3999999999999999              1.0000000000000000              1.3999999999999999              1.3999999999999999
      0.100060710      0.05078125               1.0000000000000000             -2.0000000000000000              0.3999999999999999              1.0000000000000000              1.3999999999999999              1.3999999999999999
      0.100060710      0.05859375               1.0000000000000000             -2.0000000000000000              0.3999999999999999              1.0000000000000000              1.3999999999999999              1.3999999999999999
      0.100060710      0.06640625               1.0000000000000000             -2.0000000000000000              0.3999999999999999              1.0000000000000000              1.3999999999999999              1.3999999999999999
      0.100060710      0.07421875               1.0000000000000000             -2.0000000000000000              0.3999999999999999              1.0000000000000000              1.3999999999999999              1.3999999999999999
      0.100060710      0.08203125               1.0000000000000000             -2.0000000000000000              0.3999999999999999              1.0000000000000000              1.3999999999999999              1.3999999999999999
      0.100060710      0.08984375               1.0000000000000000             -2.0000000000000000              0.3999999999999999              1.0000000000000000              1.3999999999999999              1.3999999999999999
      0.100060710      0.09765625               1.0000000000000000             -2.0000000000000000              0.3999999999999999              1.0000000000000000              1.3999999999999999              1.3999999999999999
      0.100060710      0.10546875               1.0000000000000000             -2.0000000000000000              0.3999999999999999              1.0000000000000000              1.3999999999999999              1.3999999999999999
      0.100060710      0.11328125               1.0000000000000000             -2.0000000000000000              0.3999999999999999              1.0000000000000000              1.3999999999999999              1.3999999999999999
      0.100060710      0.12109375               1.0000000000000000             -2.0000000000000000              0.3999999999999999              1.0000000000000000              1.3999999999999999              1.3999999999999999
      0.100060710      0.12890625               1.0000000000000000             -2.0000000000000000              0.3999999999999999              1.0000000000000000              1.3999999999999999              1.3999999999999999
      0.100060710      0.13671875               1.0000000000000000             -2.0000000000000000              0.3999999999999999              1.0000000000000000              1.3999999999999999              1.3999999999999999
      0.100060710      0.14453125               1.0000000000000000             -2.0000000000000000              0.3999999999999999              1.0000000000000000              1.3999999999999999              1.3999999999999999
      0.100060710      0.15234375               1.0000000000000000             -2.0000000000000000              0.3999999999999999              1.0000000000000000              1.3999999999999999              1.3999999999999999
      0.100060710      0.16015625               0.9999826742906055             -1.9999870348187530              0.3999902978281037              0.9999930701595896              1.3999999999999999              1.3999999999999999
      0.100060710      0.16796875               0.9998015228716088             -1.9998514825401712              0.3998888709900976              0.9999206388522627              1.3999999999999999              1.3999999999999999
      0.100060710      0.17578125               0.9988836926010969             -1.9991647085644881              0.3993752955619959              0.9995540484849172              1.3999999999999999              1.3999999999999999
      0.100060710      0.18359375               0.9958771655202016             -1.9969141176762817              0.3976959271775781              0.9983558739642344              1.3999999999999999              1.3999999999999999
      0.100060710      0.19140625               0.9886808279358039             -1.9915165945522988              0.3936915266675795              0.9954970187131574              1.3999999999999999              1.3999999999999999
      0.100060710      0.19921875               0.9751210272100418             -1.9812930541716469              0.3861972185743278              0.9901263735417857              1.3999999999999999              1.3999999999999999
      0.100060710      0.20703125               0.9538591184364993             -1.9650977535143677              0.3745675648113909              0.9817161611490294              1.3999999999999999              1.3999999999999999
      0.100060710      0.21484375               0.9248354194137663             -1.9426253498548449              0.3589166609228518              0.9702176554569071              1.3999999999999999              1.3999999999999999
      0.100060710      0.22265625               0.8890543146328908             -1.9142818557644177              0.3399652019379439              0.9559742198605796              1.3999999999999999              1.3999999999999999
      0.100060710      0.23046875               0.8480531343635599             -1.8808538281258891              0.3187089151472913              0.9395310925490343              1.3999999999999999              1.3999999999999999
      0.100060710      0.23828125               0.8034344059119580             -1.8432160783271603              0.2961380039713131              0.9214753618721817              1.3999999999999999              1.3999999999999999
      0.100060710      0.24609375               0.7566048366457844             -1.8021637769557988              0.2730885219124322              0.9023485863608174              1.3999999999999999              1.3999999999999999
      0.100060710      0.25390625               0.7086894341068435             -1.7583491441959107              0.2502004254166740              0.8826166067086916              1.3999999999999999              1.3999999999999999
      0.100060710      0.26171875               0.6605434168936047             -1.7122772157281883              0.2279322383634988              0.8626694042134871              1.3999999999999999              1.3999999999999999
      0.100060710      0.26953125               0.6128023407785227             -1.6643261871682773              0.2065957225661905              0.8428318105954240              1.3999999999999999              1.3999999999999999
      0.100060710      0.27734375               0.5659381132965925             -1.6147737308096624              0.1863918344838884              0.8233755162651754              1.3999999999999999              1.3999999999999999
      0.100060710      0.28515625               0.5203072470127699             -1.5638214087448279              0.1674409048747401              0.8045289866519517              1.3999999999999999              1.3999999999999999
      0.100060710      0.29296875               0.4761874056649038             -1.5116148205561732              0.1498056764794702              0.7864848728532392              1.3999999999999999              1.3999999999999999
      0.100060710      0.30078125               0.4338025341887939             -1.4582594665097084              0.1335080390936590              0.7694055968536329              1.3999999999999999              1.3999999999999999
      0.100060710      0.30859375               0.3933384210643259             -1.4038330921807600              0.1185408694275610              0.7534279838898262              1.3999999999999999              1.3999999999999999
      0.100060710      0.31640625               0.3549509429827104             -1.3483954081315703              0.1048763124729970              0.7386676563788246              1.3999999999999999              1.3999999999999999
      0.100060710      0.32421875               0.3187691797368427             -1.2919959743150171              0.0924715810110720              0.7252236640898844              1.3999999999999999              1.3999999999999999
      0.100060710      0.33203125               0.2848953389269112             -1.2346808802508666              0.0812730754757520              0.7131836184287511              1.3999999999999999              1.3999999999999999
      0.100060710      0.33984375               0.2534031001735850             -1.1764986999416056              0.0712193934521201              0.7026294607616657              1.3999999999999999              1.3999999999999999
      0.100060710      0.34765625               0.2243356221482076             -1.1175060658945115              0.0622436165655784              0.6936439247759888              1.3999999999999999              1.3999999999999999
      0.100060710      0.35546875               0.1977040817289877             -1.0577730789886648              0.0542751273720027              0.6863177393373560              1.3999999999999999              1.3999999999999999
      0.100060710      0.36328125               0.1734872555081085             -0.9973886302523060              0.0472411117039176              0.6807576666879384              1.3999999999999999              1.3999999999999999
      0.100060710      0.37109375               0.1516323201844927             -0.9364655349444256              0.0410678348818202              0.6770956685199527              1.3999999999999999              1.3999999999999999
      0.100060710      0.37890625               0.1320567142558142             -0.8751451487820863              0.0356817360646564              0.6755002247658412              1.3999999999999999              1.3999999999999999
      0.100060710      0.38671875               0.1146504365538264             -0.8136008553976067              0.0310103575156418              0.6761936205337282              1.3999999999999999              1.3999999999999999
      0.100060710      0.39453125               0.0992770643618863             -0.7520395644658526              0.0269831075436255              0.6794899636955994              1.3999999999999999              1.3999999999999999
      0.100060710      0.40234375               0.0857675941574157             -0.6907000588551323              0.0235318067466149              0.6859177693449475              1.3999999999999999              1.3999999999999999
      0.100060710      0.41015625               0.0738985595917535             -0.6298200829166982              0.0205925196056753              0.6966482066577807              1.3999999999999999              1.3999999999999999
      0.100060710      0.41796875               0.0636166541659876             -0.5696855670400162              0.0181124589388470              0.7117813399769605              1.3999999999999999              1.3999999999999999
      0.100060710      0.42578125               0.0549651833924859             -0.5106842230039730              0.0160338282540390              0.7292720256906705              1.3999999999999999              1.3999999999999999
      0.100060710      0.43359375               0.0477909266159289             -0.4529707219857797              0.0142959144730493              0.7478362256887268              1.3999999999999999              1.3999999999999999
      0.100060710      0.44140625               0.0419227108869461             -0.3966248274624546              0.0128439072528154              0.7659277621294504              1.3999999999999999              1.3999999999999999
      0.100060710      0.44921875               0.0371816458089484             -0.3416776841429530              0.0116296447051896              0.7819479512113712              1.3999999999999999              1.3999999999999999
      0.100060710      0.45703125               0.0333941631751934             -0.2881050320570818              0.0106138331839193              0.7945874499262549              1.3999999999999999              1.3999999999999999
      0.100060710      0.46484375               0.0304050119706852             -0.2358283115817651              0.0097674307013681              0.8031102496181619              1.3999999999999999              1.3999999999999999
      0.100060710      0.47265625               0.0280974999885309             -0.1844729285171389              0.0090766800544551              0.8076056640412933              1.3999999999999999              1.3999999999999999
      0.100060710      0.48046875               0.0264068317707593             -0.1330905331219463              0.0085460452356542              0.8090752148765294              1.3999999999999999              1.3999999999999999
      0.100060710      0.48828125               0.0252994662735776             -0.0807035431029417              0.0081866905431240              0.8089785822551163              1.3999999999999999              1.3999999999999999
      0.100060710      0.49609375               0.0247527840145064             -0.0270823217298357              0.0080059048651385              0.8085863049229767              1.3999999999999999              1.3999999999999999
      0.100060710      0.50390625               0.0247527840145064              0.0270823217298357              0.0080059048651385              0.8085863049229767              1.3999999999999999              1.3999999999999999
      0.100060710      0.51171875               0.0252994662735776              0.0807035431029417              0.0081866905431240              0.8089785822551163              1.3999999999999999              1.3999999999999999
      0.100060710      0.51953125               0.0264068317707593              0.1330905331219463              0.0085460452356542              0.8090752148765294              1.3999999999999999              1.3999999999999999
      0.100060710      0.52734375               0.0280974999885309              0.1844729285171389              0.0090766800544551              0.8076056640412933              1.3999999999999999              1.3999999999999999
      0.100060710      0.53515625               0.0304050119706852              0.2358283115817651              0.0097674307013681              0.8031102496181619              1.3999999999999999              1.3999999999999999
      0.100060710      0.54296875               0.0333941631751934              0.2881050320570818              0.0106138331839193              0.7945874499262549              1.3999999999999999              1.3999999999999999
      0.100060710      0.55078125               0.0371816458089484              0.3416776841429530              0.0116296447051896              0.7819479512113712              1.3999999999999999              1.3999999999999999
      0.100060710      0.55859375               0.0419227108869461              0.3966248274624546              0.0128439072528154              0.7659277621294504              1.3999999999999999              1.3999999999999999
      0.100060710      0.56640625               0.0477909266159289              0.4529707219857797              0.0142959144730493              0.7478362256887268              1.3999999999999999              1.3999999999999999
      0.100060710      0.57421875               0.0549651833924859              0.5106842230039730              0.0160338282540390              0.7292720256906705              1.3999999999999999              1.3999999999999999
      0.100060710      0.58203125               0.0636166541659876              0.5696855670400162              0.0181124589388470              0.7117813399769605              1.3999999999999999              1.3999999999999999
      0.100060710      0.58984375               0.0738985595917535              0.6298200829166982              0.0205925196056753              0.6966482066577807              1.3999999999999999              1.3999999999999999
      0.100060710      0.59765625               0.0857675941574157              0.6907000588551323              0.0235318067466149              0.6859177693449475              1.3999999999999999              1.3999999999999999
      0.100060710      0.60546875               0.0992770643618863              0.7520395644658526              0.0269831075436255              0.6794899636955994              1.3999999999999999              1.3999999999999999
      0.100060710      0.61328125               0.1146504365538264              0.8136008553976067              0.0310103575156418              0.6761936205337282              1.3999999999999999              1.3999999999999999
      0.100060710      0.62109375               0.1320567142558142              0.8751451487820863              0.0356817360646564              0.6755002247658412              1.3999999999999999              1.3999999999999999
      0.100060710      0.62890625               0.1516323201844927              0.9364655349444256              0.0410678348818202              0.6770956685199527              1.3999999999999999              1.3999999999999999
      0.100060710      0.63671875               0.1734872555081085              0.9973886302523060              0.0472411117039176              0.6807576666879384              1.3999999999999999              1.3999999999999999
      0.100060710      0.64453125               0.1977040817289877              1.0577730789886648              0.0542751273720027              0.6863177393373560              1.3999999999999999              1.3999999999999999
      0.100060710      0.65234375               0.2243356221482076              1.1175060658945115              0.0622436165655784              0.6936439247759888              1.3999999999999999              1.3999999999999999
      0.100060710      0.66015625               0.2534031001735850              1.1764986999416056              0.0712193934521201              0.7026294607616657              1.3999999999999999              1.3999999999999999
      0.100060710      0.66796875               0.2848953389269112              1.2346808802508666              0.0812730754757520              0.7131836184287511              1.3999999999999999              1.3999999999999999
      0.100060710      0.67578125               0.3187691797368427              1.2919959743150171              0.0924715810110720              0.7252236640898844              1.3999999999999999              1.3999999999999999
      0.100060710      0.68359375               0.3549509429827104              1.3483954081315703              0.1048763124729970              0.7386676563788246              1.3999999999999999              1.3999999999999999
      0.100060710      0.69140625               0.3933384210643259              1.4038330921807600              0.1185408694275610              0.7534279838898262              1.3999999999999999              1.3999999999999999
      0.100060710      0.69921875               0.4338025341887939              1.4582594665097084              0.1335080390936590              0.7694055968536329              1.3999999999999999              1.3999999999999999
      0.100060710      0.70703125               0.4761874056649038              1.5116148205561732              0.1498056764794702              0.7864848728532392              1.3999999999999999              1.3999999999999999
      0.100060710      0.71484375               0.5203072470127699              1.5638214087448279              0.1674409048747401              0.8045289866519517              1.3999999999999999              1.3999999999999999
      0.100060710      0.72265625               0.5659381132965925              1.6147737308096624              0.1863918344838884              0.8233755162651754              1.3999999999999999              1.3999999999999999
      0.100060710      0.73046875               0.6128023407785227              1.6643261871682773              0.2065957225661905              0.8428318105954240              1.3999999999999999              1.3999999999999999
      0.100060710      0.73828125               0.6605434168936047              1.7122772157281883              0.2279322383634988              0.8626694042134871              1.3999999999999999              1.3999999999999999
      0.100060710      0.74609375               0.7086894341068435              1.7583491441959107              0.2502004254166740              0.8826166067086916              1.3999999999999999              1.3999999999999999
      0.100060710      0.75390625               0.7566048366457844              1.8021637769557988              0.2730885219124322              0.9023485863608174              1.3999999999999999              1.3999999999999999
      0.100060710      0.76171875               0.8034344059119580              1.8432160783271603              0.2961380039713131              0.9214753618721817              1.3999999999999999              1.3999999999999999
      0.100060710      0.76953125               0.8480531343635599              1.8808538281258891              0.3187089151472913              0.9395310925490343              1.3999999999999999              1.3999999999999999
      0.100060710      0.77734375               0.8890543146328908              1.9142818557644177              0.3399652019379439              0.9559742198605796              1.3999999999999999              1.3999999999999999
      0.100060710      0.78515625               0.9248354194137663              1.9426253498548449              0.3589166609228518              0.9702176554569071              1.3999999999999999              1.3999999999999999
      0.100060710      0.79296875               0.9538591184364993              1.9650977535143677              0.3745675648113909              0.9817161611490294              1.3999999999999999              1.3999999999999999
      0.100060710      0.80078125               0.9751210272100418              1.9812930541716469              0.3861972185743278              0.9901263735417857              1.3999999999999999              1.3999999999999999
      0.100060710      0.80859375               0.9886808279358039              1.9915165945522988              0.3936915266675795              0.9954970187131574              1.3999999999999999              1.3999999999999999
      0.100060710      0.81640625               0.9958771655202016              1.9969141176762817              0.3976959271775781              0.9983558739642344              1.3999999999999999              1.3999999999999999
      0.100060710      0.82421875               0.9988836926010969              1.9991647085644881              0.3993752955619959              0.9995540484849172              1.3999999999999999              1.3999999999999999
      0.100060710      0.83203125               0.9998015228716088              1.9998514825401712              0.3998888709900976              0.9999206388522627              1.3999999999999999              1.3999999999999999
      0.100060710      0.83984375               0.9999826742906055              1.9999870348187530              0.3999902978281037              0.9999930701595896              1.3999999999999999              1.3999999999999999
      0.100060710      0.84765625               1.0000000000000000              2.0000000000000000              0.3999999999999999              1.0000000000000000              1.3999999999999999              1.3999999999999999
      0.100060710      0.85546875               1.0000000000000000              2.0000000000000000              0.3999999999999999              1.0000000000000000              1.3999999999999999              1.3999999999999999
      0.100060710      0.86328125               1.0000000000000000              2.0000000000000000              0.3999999999999999              1.0000000000000000              1.3999999999999999              1.3999999999999999
      0.100060710      0.87109375               1.0000000000000000              2.0000000000000000              0.3999999999999999              1.0000000000000000              1.3999999999999999              1.3999999999999999
      0.100060710      0.87890625               1.0000000000000000              2.0000000000000000              0.3999999999999999              1.0000000000000000              1.3999999999999999              1.3999999999999999
      0.100060710      0.88671875               1.0000000000000000              2.0000000000000000              0.3999999999999999              1.0000000000000000              1.3999999999999999              1.3999999999999999
      0.100060710      0.89453125               1.0000000000000000              2.0000000000000000              0.3999999999999999              1.0000000000000000              1.3999999999999999              1.3999999999999999
      0.100060710      0.90234375               1.0000000000000000              2.0000000000000000              0.3999999999999999              1.0000000000000000              1.3999999999999999              1.3999999999999999
      0.100060710      0.91015625               1.0000000000000000              2.0000000000000000              0.3999999999999999              1.0000000000000000              1.3999999999999999              1.3999999999999999
      0.100060710      0.91796875               1.0000000000000000              2.0000000000000000              0.3999999999999999              1.0000000000000000              1.3999999999999999              1.3999999999999999
      0.100060710      0.92578125               1.0000000000000000              2.0000000000000000              0.3999999999999999              1.0000000000000000              1.3999999999999999              1.3999999999999999
      0.100060710      0.93359375               1.0000000000000000              2.0000000000000000              0.3999999999999999              1.0000000000000000              1.3999999999999999              1.3999999999999999
      0.100060710      0.94140625               1.0000000000000000              2.0000000000000000              0.3999999999999999              1.0000000000000000              1.3999999999999999              1.3999999999999999
      0.100060710      0.94921875               1.0000000000000000              2.0000000000000000              0.3999999999999999              1.0000000000000000              1.3999999999999999              1.3999999999999999
      0.100060710      0.95703125               1.0000000000000000              2.0000000000000000              0.3999999999999999              1.0000000000000000              1.3999999999999999              1.3999999999999999
      0.100060710      0.96484375               1.0000000000000000              2.0000000000000000              0.3999999999999999              1.0000000000000000              1.3999999999999999              1.3999999999999999
      0.100060710      0.97265625               1.0000000000000000              2.0000000000000000              0.3999999999999999              1.0000000000000000              1.3999999999999999              1.3999999999999999
      0.100060710      0.98046875               1.0000000000000000              2.0000000000000000              0.3999999999999999              1.0000000000000000              1.3999999999999999              1.3999999999999999
      0.100060710      0.98828125               1.0000000000000000              2.0000000000000000              0.3999999999999999              1.0000000000000000              1.3999999999999999              1.3999999999999999
      0.100060710      0.99609375               1.0000000000000000              2.0000000000000000              0.3999999999999999              1.0000000000000000              1.3999999999999999              1.3999999999999999
