      0.011348471      0.00390625              13.8351911425640726             -2.4070555760158192              5.4740226957660312              0.9891483679840821              1.3999999999999999              1.3999999999999999
      0.011348471      0.01171875              13.8351911425640726             -2.4070555760158192              5.4740226957660312              0.9891483679840821              1.3999999999999999              1.3999999999999999
      0.011348471      0.01953125              13.8351911425640726             -2.4070555760158192              5.4740226957660312              0.9891483679840821              1.3999999999999999              1.3999999999999999
      0.011348471      0.02734375              13.8351911425640726             -2.4070555760158192              5.4740226957660312              0.9891483679840821              1.3999999999999999              1.3999999999999999
      0.011348471      0.03515625              13.8351911425640726             -2.4070555760158192              5.4740226957660312              0.9891483679840821              1.3999999999999999              1.3999999999999999
      0.011348471      0.04296875              13.8351911425640726             -2.4070555760158192              5.4740226957660312              0.9891483679840821              1.3999999999999999              1.3999999999999999
      0.011348471      0.05078125              13.8351911425640726             -2.4070555760158192              5.4740226957660312              0.9891483679840821              1.3999999999999999              1.3999999999999999
      0.011348471      0.05859375              13.8351911425640726             -2.4070555760158192              5.4740226957660312              0.9891483679840821              1.3999999999999999              1.3999999999999999
      0.011348471      0.06640625              13.8351911425640726             -2.4070555760158192              5.4740226957660312              0.9891483679840821              1.3999999999999999              1.3999999999999999
      0.011348471      0.07421875              13.8351911425640726             -2.4070555760158192              5.4740226957660312              0.9891483679840821              1.3999999999999999              1.3999999999999999
      0.011348471      0.08203125              13.8351911425640726             -2.4070555760158192              5.4740226957660312              0.9891483679840821              1.3999999999999999              1.3999999999999999
      0.011348471      0.08984375              13.8351911425640726             -2.4070555760158192              5.4740226957660312              0.9891483679840821              1.3999999999999999              1.3999999999999999
      0.011348471      0.09765625              13.8351911425640726             -2.4070555760158192              5.4740226957660312              0.9891483679840821              1.3999999999999999              1.3999999999999999
      0.011348471      0.10546875              13.8351911425640726             -2.4070555760158192              5.4740226957660312              0.9891483679840821              1.3999999999999999              1.3999999999999999
      0.011348471      0.11328125              13.8351911425640726             -2.4070555760158192              5.4740226957660312              0.9891483679840821              1.3999999999999999              1.3999999999999999
      0.011348471      0.12109375              13.8351911425640726             -2.4070555760158192              5.4740226957660312              0.9891483679840821              1.3999999999999999              1.3999999999999999
      0.011348471      0.12890625              13.8351911425640726             -2.4070555760158192              5.4740226957660312              0.9891483679840821              1.3999999999999999              1.3999999999999999
      0.011348471      0.13671875              13.8351911425640726             -2.4070555760158192              5.4740226957660312              0.9891483679840821              1.3999999999999999              1.3999999999999999
      0.011348471      0.14453125              13.8351911425640726             -2.4070555760158192              5.4740226957660312              0.9891483679840821              1.3999999999999999              1.3999999999999999
      0.011348471      0.15234375              13.8351911425640726             -2.4070555760158192              5.4740226957660312              0.9891483679840821              1.3999999999999999              1.3999999999999999
      0.011348471      0.16015625              13.8351911425640726             -2.4070555760158192              5.4740226957660312              0.9891483679840821              1.3999999999999999              1.3999999999999999
      0.011348471      0.16796875              13.8351911425640726             -2.4070555760158192              5.4740226957660312              0.9891483679840821              1.3999999999999999              1.3999999999999999
      0.011348471      0.17578125              13.8351911425640726             -2.4070555760158192              5.4740226957660312              0.9891483679840821              1.3999999999999999              1.3999999999999999
      0.011348471      0.18359375              13.8351911425640726             -2.4070555760158192              5.4740226957660312              0.9891483679840821              1.3999999999999999              1.3999999999999999
      0.011348471      0.19140625              13.8351911425640726             -2.4070555760158192              5.4740226957660312              0.9891483679840821              1.3999999999999999              1.3999999999999999
      0.011348471      0.19921875              13.8351911425640726             -2.4070555760158192              5.4740226957660312              0.9891483679840821              1.3999999999999999              1.3999999999999999
      0.011348471      0.20703125              13.8351911425640726             -2.4070555760158192              5.4740226957660312              0.9891483679840821              1.3999999999999999              1.3999999999999999
      0.011348471      0.21484375              13.8351911425640726             -2.4070555760158192              5.4740226957660312              0.9891483679840821              1.3999999999999999              1.3999999999999999
      0.011348471      0.22265625              13.8351911425640726             -2.4070555760158192              5.4740226957660312              0.9891483679840821              1.3999999999999999              1.3999999999999999
      0.011348471      0.23046875              13.8351911425640726             -2.4070555760158192              5.4740226957660312              0.9891483679840821              1.3999999999999999              1.3999999999999999
      0.011348471      0.23828125              13.8351911425640726             -2.4070555760158192              5.4740226957660312              0.9891483679840821              1.3999999999999999              1.3999999999999999
      0.011348471      0.24609375              13.8351911425640726             -2.4070555760158192              5.4740226957660312              0.9891483679840821              1.3999999999999999              1.3999999999999999
      0.011348471      0.25390625              13.8351911425640726             -2.4070555760158192              5.4740226957660312              0.9891483679840821              1.3999999999999999              1.3999999999999999
      0.011348471      0.26171875              13.8351911425640726             -2.4070555760158192              5.4740226957660312              0.9891483679840821              1.3999999999999999              1.3999999999999999
      0.011348471      0.26953125              13.8351911425640726             -2.4070555760158192              5.4740226957660312              0.9891483679840821              1.3999999999999999              1.3999999999999999
      0.011348471      0.27734375              13.8351911425640726             -2.4070555760158192              5.4740226957660312              0.9891483679840821              1.3999999999999999              1.3999999999999999
      0.011348471      0.28515625              13.8351911425640726             -2.4070555760158192              5.4740226957660312              0.9891483679840821              1.3999999999999999              1.3999999999999999
      0.011348471      0.29296875              13.8351911425640726             -2.4070555760158192              5.4740226957660312              0.9891483679840821              1.3999999999999999              1.3999999999999999
      0.011348471      0.30078125              13.8351911425640726             -2.4070555760158192              5.4740226957660312              0.9891483679840821              1.3999999999999999              1.3999999999999999
      0.011348471      0.30859375              13.8351911425640726             -2.4070555760158192              5.4740226957660312              0.9891483679840821              1.3999999999999999              1.3999999999999999
      0.011348471      0.31640625              13.8351911425640726             -2.4070555760158192              5.4740226957660312              0.9891483679840821              1.3999999999999999              1.3999999999999999
      0.011348471      0.32421875              13.8351911425640726             -2.4070555760158192              5.4740226957660312              0.9891483679840821              1.3999999999999999              1.3999999999999999
      0.011348471      0.33203125              13.8351911425640726             -2.4070555760158192              5.4740226957660312              0.9891483679840821              1.3999999999999999              1.3999999999999999
      0.011348471      0.33984375              13.8351911425640726             -2.4070555760158192              5.4740226957660312              0.9891483679840821              1.3999999999999999              1.3999999999999999
      0.011348471      0.34765625              13.8351911425640726             -2.4070555760158192              5.4740226957660312              0.9891483679840821              1.3999999999999999              1.3999999999999999
      0.011348471      0.35546875              13.8351911425640726             -2.4070555760158192              5.4740226957660312              0.9891483679840821              1.3999999999999999              1.3999999999999999
      0.011348471      0.36328125              13.8351911425640726             -2.4070555760158192              5.4740226957660312              0.9891483679840821              1.3999999999999999              1.3999999999999999
      0.011348471      0.37109375              13.8351911425640726             -2.4070555760158192              5.4740226957660312              0.9891483679840821              1.3999999999999999              1.3999999999999999
      0.011348471      0.37890625              13.8351911425640726             -2.4070555760158192              5.4740226957660312              0.9891483679840821              1.3999999999999999              1.3999999999999999
      0.011348471      0.38671875              13.8351911425640726             -2.4070555760158192              5.4740226957660312              0.9891483679840821              1.3999999999999999              1.3999999999999999
      0.011348471      0.39453125              13.8351911425640726             -2.4070555760158192              5.4740226957660312              0.9891483679840821              1.3999999999999999              1.3999999999999999
      0.011348471      0.40234375              13.8351911425640726             -2.4070555760158192              5.4740226957660312              0.9891483679840821              1.3999999999999999              1.3999999999999999
      0.011348471      0.41015625              13.8351911425640726             -2.4070555760158192              5.4740226957660312              0.9891483679840821              1.3999999999999999              1.3999999999999999
      0.011348471      0.41796875              13.8351911425640726             -2.4070555760158192              5.4740226957660312              0.9891483679840821              1.3999999999999999              1.3999999999999999
      0.011348471      0.42578125              13.8351911425640726             -2.4070555760158192              5.4740226957660312              0.9891483679840821              1.3999999999999999              1.3999999999999999
      0.011348471      0.43359375              13.8351911425640726             -2.4070555760158192              5.4740226957660312              0.9891483679840821              1.3999999999999999              1.3999999999999999
      0.011348471      0.44140625              13.8351911425640726             -2.4070555760158192              5.4740226957660312              0.9891483679840821              1.3999999999999999              1.3999999999999999
      0.011348471      0.44921875              13.8351911425640726             -2.4070555760158192              5.4740226957660312              0.9891483679840821              1.3999999999999999              1.3999999999999999
      0.011348471      0.45703125              13.8351911425640726             -2.4070555760158192              5.4740226957660312              0.9891483679840821              1.3999999999999999              1.3999999999999999
      0.011348471      0.46484375              13.8351911425640726             -2.4070555760158192              5.4740226957660312              0.9891483679840821              1.3999999999999999              1.3999999999999999
      0.011348471      0.47265625              13.8351911425640726             -2.4070555760158192              5.4740226957660312              0.9891483679840821              1.3999999999999999              1.3999999999999999
      0.011348471      0.48046875              13.8351911425640726             -2.4070555760158192              5.4740226957660312              0.9891483679840821              1.3999999999999999              1.3999999999999999
      0.011348471      0.48828125              13.8351911425640726             -2.4070555760158192              5.4740226957660312              0.9891483679840821              1.3999999999999999              1.3999999999999999
      0.011348471      0.49609375              13.8351911425640726             -2.4070555760158192              5.4740226957660312              0.9891483679840821              1.3999999999999999              1.3999999999999999
      0.011348471      0.50390625               0.0571470283691661              1.0848421877599217              0.0210325553421870              0.9201071316568770              1.3999999999999999              1.3999999999999999
      0.011348471      0.51171875               0.0571470283691661              1.0848421877599217              0.0210325553421870              0.9201071316568770              1.3999999999999999              1.3999999999999999
      0.011348471      0.51953125               0.0571470283691661              1.0848421877599217              0.0210325553421870              0.9201071316568770              1.3999999999999999              1.3999999999999999
      0.011348471      0.52734375               0.0571470283691661              1.0848421877599217              0.0210325553421870              0.9201071316568770              1.3999999999999999              1.3999999999999999
      0.011348471      0.53515625               0.0571470283691661              1.0848421877599217              0.0210325553421870              0.9201071316568770              1.3999999999999999              1.3999999999999999
      0.011348471      0.54296875               0.0571470283691661              1.0848421877599217              0.0210325553421870              0.9201071316568770              1.3999999999999999              1.3999999999999999
      0.011348471      0.55078125               0.0571470283691661              1.0848421877599217              0.0210325553421870              0.9201071316568770              1.3999999999999999              1.3999999999999999
      0.011348471      0.55859375               0.0571470283691661              1.0848421877599217              0.0210325553421870              0.9201071316568770              1.3999999999999999              1.3999999999999999
      0.011348471      0.56640625               0.0571470283691661              1.0848421877599217              0.0210325553421870              0.9201071316568770              1.3999999999999999              1.3999999999999999
      0.011348471      0.57421875               0.0571470283691661              1.0848421877599217              0.0210325553421870              0.9201071316568770              1.3999999999999999              1.3999999999999999
      0.011348471      0.58203125               0.0571470283691661              1.0848421877599217              0.0210325553421870              0.9201071316568770              1.3999999999999999              1.3999999999999999
      0.011348471      0.58984375               0.0571470283691661              1.0848421877599217              0.0210325553421870              0.9201071316568770              1.3999999999999999              1.3999999999999999
      0.011348471      0.59765625               0.0571470283691661              1.0848421877599217              0.0210325553421870              0.9201071316568770              1.3999999999999999              1.3999999999999999
      0.011348471      0.60546875               0.0571470283691661              1.0848421877599217              0.0210325553421870              0.9201071316568770              1.3999999999999999              1.3999999999999999
      0.011348471      0.61328125               0.0571470283691661              1.0848421877599217              0.0210325553421870              0.9201071316568770              1.3999999999999999              1.3999999999999999
      0.011348471      0.62109375               0.0571470283691661              1.0848421877599217              0.0210325553421870              0.9201071316568770              1.3999999999999999              1.3999999999999999
      0.011348471      0.62890625               0.0571470283691661              1.0848421877599217              0.0210325553421870              0.9201071316568770              1.3999999999999999              1.3999999999999999
      0.011348471      0.63671875               0.0571470283691661              1.0848421877599217              0.0210325553421870              0.9201071316568770              1.3999999999999999              1.3999999999999999
      0.011348471      0.64453125               0.0571470283691661              1.0848421877599217              0.0210325553421870              0.9201071316568770              1.3999999999999999              1.3999999999999999
      0.011348471      0.65234375               0.0571470283691661              1.0848421877599217              0.0210325553421870              0.9201071316568770              1.3999999999999999              1.3999999999999999
      0.011348471      0.66015625               0.0571470283691661              1.0848421877599217              0.0210325553421870              0.9201071316568770              1.3999999999999999              1.3999999999999999
      0.011348471      0.66796875               0.0571470283691661              1.0848421877599217              0.0210325553421870              0.9201071316568770              1.3999999999999999              1.3999999999999999
      0.011348471      0.67578125               0.0571470283691661              1.0848421877599217              0.0210325553421870              0.9201071316568770              1.3999999999999999              1.3999999999999999
      0.011348471      0.68359375               0.0571470283691661              1.0848421877599217              0.0210325553421870              0.9201071316568770              1.3999999999999999              1.3999999999999999
      0.011348471      0.69140625               0.0571470283691661              1.0848421877599217              0.0210325553421870              0.9201071316568770              1.3999999999999999              1.3999999999999999
      0.011348471      0.69921875               0.0571470283691661              1.0848421877599217              0.0210325553421870              0.9201071316568770              1.3999999999999999              1.3999999999999999
      0.011348471      0.70703125               0.0571470283691661              1.0848421877599217              0.0210325553421870              0.9201071316568770              1.3999999999999999              1.3999999999999999
      0.011348471      0.71484375               0.0571470283691661              1.0848421877599217              0.0210325553421870              0.9201071316568770              1.3999999999999999              1.3999999999999999
      0.011348471      0.72265625               0.0571470283691661              1.0848421877599217              0.0210325553421870              0.9201071316568770              1.3999999999999999              1.3999999999999999
      0.011348471      0.73046875               0.0571470283691661              1.0848421877599217              0.0210325553421870              0.9201071316568770              1.3999999999999999              1.3999999999999999
      0.011348471      0.73828125               0.0571470283691661              1.0848421877599217              0.0210325553421870              0.9201071316568770              1.3999999999999999              1.3999999999999999
      0.011348471      0.74609375               0.0571470283691661              1.0848421877599217              0.0210325553421870              0.9201071316568770              1.3999999999999999              1.3999999999999999
      0.011348471      0.75390625               0.0571470283691661              1.0848421877599217              0.0210325553421870              0.9201071316568770              1.3999999999999999              1.3999999999999999
      0.011348471      0.76171875               0.0571470283691661              1.0848421877599217              0.0210325553421870              0.9201071316568770              1.3999999999999999              1.3999999999999999
      0.011348471      0.76953125               0.0571470283691661              1.0848421877599217              0.0210325553421870              0.9201071316568770              1.3999999999999999              1.3999999999999999
      0.011348471      0.77734375               0.0571470283691661              1.0848421877599217              0.0210325553421870              0.9201071316568770              1.3999999999999999              1.3999999999999999
      0.011348471      0.78515625               0.0571470283691661              1.0848421877599217              0.0210325553421870              0.9201071316568770              1.3999999999999999              1.3999999999999999
      0.011348471      0.79296875               0.0571470283691661              1.0848421877599217              0.0210325553421870              0.9201071316568770              1.3999999999999999              1.3999999999999999
      0.011348471      0.80078125               0.0571470283691661              1.0848421877599217              0.0210325553421870              0.9201071316568770              1.3999999999999999              1.3999999999999999
      0.011348471      0.80859375               0.0571470283691661              1.0848421877599217              0.0210325553421870              0.9201071316568770              1.3999999999999999              1.3999999999999999
      0.011348471      0.81640625               0.0571470283691661              1.0848421877599217              0.0210325553421870              0.9201071316568770              1.3999999999999999              1.3999999999999999
      0.011348471      0.82421875               0.0571470283691661              1.0848421877599217              0.0210325553421870              0.9201071316568770              1.3999999999999999              1.3999999999999999
      0.011348471      0.83203125               0.0571470283691661              1.0848421877599217              0.0210325553421870              0.9201071316568770              1.3999999999999999              1.3999999999999999
      0.011348471      0.83984375               0.0571470283691661              1.0848421877599217              0.0210325553421870              0.9201071316568770              1.3999999999999999              1.3999999999999999
      0.011348471      0.84765625               0.0571470283691661              1.0848421877599217              0.0210325553421870              0.9201071316568770              1.3999999999999999              1.3999999999999999
      0.011348471      0.85546875               0.0571470283691661              1.0848421877599217              0.0210325553421870              0.9201071316568770              1.3999999999999999              1.3999999999999999
      0.011348471      0.86328125               0.0571470283691661              1.0848421877599217              0.0210325553421870              0.9201071316568770              1.3999999999999999              1.3999999999999999
      0.011348471      0.87109375               0.0571470283691661              1.0848421877599217              0.0210325553421870              0.9201071316568770              1.3999999999999999              1.3999999999999999
      0.011348471      0.87890625               0.0571470283691661              1.0848421877599217              0.0210325553421870              0.9201071316568770              1.3999999999999999              1.3999999999999999
      0.011348471      0.88671875               0.0571470283691661              1.0848421877599217              0.0210325553421870              0.9201071316568770              1.3999999999999999              1.3999999999999999
      0.011348471      0.89453125               0.0571470283691661              1.0848421877599217              0.0210325553421870              0.9201071316568770              1.3999999999999999              1.3999999999999999
      0.011348471      0.90234375               0.0571470283691661              1.0848421877599217              0.0210325553421870              0.9201071316568770              1.3999999999999999              1.3999999999999999
      0.011348471      0.91015625               0.0571470283691661              1.0848421877599217              0.0210325553421870              0.9201071316568770              1.3999999999999999              1.3999999999999999
      0.011348471      0.91796875               0.0571470283691661              1.0848421877599217              0.0210325553421870              0.9201071316568770              1.3999999999999999              1.3999999999999999
      0.011348471      0.92578125               0.0571470283691661              1.0848421877599217              0.0210325553421870              0.9201071316568770              1.3999999999999999              1.3999999999999999
      0.011348471      0.93359375               0.0571470283691661              1.0848421877599217              0.0210325553421870              0.9201071316568770              1.3999999999999999              1.3999999999999999
      0.011348471      0.94140625               0.0571470283691661              1.0848421877599217              0.0210325553421870              0.9201071316568770              1.3999999999999999              1.3999999999999999
      0.011348471      0.94921875               0.0571470283691661              1.0848421877599217              0.0210325553421870              0.9201071316568770              1.3999999999999999              1.3999999999999999
      0.011348471      0.95703125               0.0571470283691661              1.0848421877599217              0.0210325553421870              0.9201071316568770              1.3999999999999999              1.3999999999999999
      0.011348471      0.96484375               0.0571470283691661              1.0848421877599217              0.0210325553421870              0.9201071316568770              1.3999999999999999              1.3999999999999999
      0.011348471      0.97265625               0.0571470283691661              1.0848421877599217              0.0210325553421870              0.9201071316568770              1.3999999999999999              1.3999999999999999
      0.011348471      0.98046875               0.0571470283691661              1.0848421877599217              0.0210325553421870              0.9201071316568770              1.3999999999999999              1.3999999999999999
      0.011348471      0.98828125               0.0571470283691661              1.0848421877599217              0.0210325553421870              0.9201071316568770              1.3999999999999999              1.3999999999999999
      0.011348471      0.99609375               0.0571470283691661              1.0848421877599217              0.0210325553421870              0.9201071316568770              1.3999999999999999              1.3999999999999999
