      0.045482141      0.00390625               1.0000000000000000             -2.0000000000000000              0.3999999999999999              1.0000000000000000              1.3999999999999999              1.3999999999999999
      0.045482141      0.01171875               1.0000000000000000             -2.0000000000000000              0.3999999999999999              1.0000000000000000              1.3999999999999999              1.3999999999999999
      0.045482141      0.01953125               1.0000000000000000             -2.0000000000000000              0.3999999999999999              1.0000000000000000              1.3999999999999999              1.3999999999999999
      0.045482141      0.02734375               1.0000000000000000             -2.0000000000000000              0.3999999999999999              1.0000000000000000              1.3999999999999999              1.3999999999999999
      0.045482141      0.03515625               1.0000000000000000             -2.0000000000000000              0.3999999999999999              1.0000000000000000              1.3999999999999999              1.3999999999999999
      0.045482141      0.04296875               1.0000000000000000             -2.0000000000000000              0.3999999999999999              1.0000000000000000              1.3999999999999999              1.3999999999999999
      0.045482141      0.05078125               1.0000000000000000             -2.0000000000000000              0.3999999999999999              1.0000000000000000              1.3999999999999999              1.3999999999999999
      0.045482141      0.05859375               1.0000000000000000             -2.0000000000000000              0.3999999999999999              1.0000000000000000              1.3999999999999999              1.3999999999999999
      0.045482141      0.06640625               1.0000000000000000             -2.0000000000000000              0.3999999999999999              1.0000000000000000              1.3999999999999999              1.3999999999999999
      0.045482141      0.07421875               1.0000000000000000             -2.0000000000000000              0.3999999999999999              1.0000000000000000              1.3999999999999999              1.3999999999999999
      0.045482141      0.08203125               1.0000000000000000             -2.0000000000000000              0.3999999999999999              1.0000000000000000              1.3999999999999999              1.3999999999999999
      0.045482141      0.08984375               1.0000000000000000             -2.0000000000000000              0.3999999999999999              1.0000000000000000              1.3999999999999999              1.3999999999999999
      0.045482141      0.09765625               1.0000000000000000             -2.0000000000000000              0.3999999999999999              1.0000000000000000              1.3999999999999999              1.3999999999999999
      0.045482141      0.10546875               1.0000000000000000             -2.0000000000000000              0.3999999999999999              1.0000000000000000              1.3999999999999999              1.3999999999999999
      0.045482141      0.11328125               1.0000000000000000             -2.0000000000000000              0.3999999999999999              1.0000000000000000              1.3999999999999999              1.3999999999999999
      0.045482141      0.12109375               1.0000000000000000             -2.0000000000000000              0.3999999999999999              1.0000000000000000              1.3999999999999999              1.3999999999999999
      0.045482141      0.12890625               1.0000000000000000             -2.0000000000000000              0.3999999999999999              1.0000000000000000              1.3999999999999999              1.3999999999999999
      0.045482141      0.13671875               1.0000000000000000             -2.0000000000000000              0.3999999999999999              1.0000000000000000              1.3999999999999999              1.3999999999999999
      0.045482141      0.14453125               1.0000000000000000             -2.0000000000000000              0.3999999999999999              1.0000000000000000              1.3999999999999999              1.3999999999999999
      0.045482141      0.15234375               1.0000000000000000             -2.0000000000000000              0.3999999999999999              1.0000000000000000              1.3999999999999999              1.3999999999999999
      0.045482141      0.16015625               1.0000000000000000             -2.0000000000000000              0.3999999999999999              1.0000000000000000              1.3999999999999999              1.3999999999999999
      0.045482141      0.16796875               1.0000000000000000             -2.0000000000000000              0.3999999999999999              1.0000000000000000              1.3999999999999999              1.3999999999999999
      0.045482141      0.17578125               1.0000000000000000             -2.0000000000000000              0.3999999999999999              1.0000000000000000              1.3999999999999999              1.3999999999999999
      0.045482141      0.18359375               1.0000000000000000             -2.0000000000000000              0.3999999999999999              1.0000000000000000              1.3999999999999999              1.3999999999999999
      0.045482141      0.19140625               1.0000000000000000             -2.0000000000000000              0.3999999999999999              1.0000000000000000              1.3999999999999999              1.3999999999999999
      0.045482141      0.19921875               1.0000000000000000             -2.0000000000000000              0.3999999999999999              1.0000000000000000              1.3999999999999999              1.3999999999999999
      0.045482141      0.20703125               1.0000000000000000             -2.0000000000000000              0.3999999999999999              1.0000000000000000              1.3999999999999999              1.3999999999999999
      0.045482141      0.21484375               1.0000000000000000             -2.0000000000000000              0.3999999999999999              1.0000000000000000              1.3999999999999999              1.3999999999999999
      0.045482141      0.22265625               1.0000000000000000             -2.0000000000000000              0.3999999999999999              1.0000000000000000              1.3999999999999999              1.3999999999999999
      0.045482141      0.23046875               1.0000000000000000             -2.0000000000000000              0.3999999999999999              1.0000000000000000              1.3999999999999999              1.3999999999999999
      0.045482141      0.23828125               1.0000000000000000             -2.0000000000000000              0.3999999999999999              1.0000000000000000              1.3999999999999999              1.3999999999999999
      0.045482141      0.24609375               1.0000000000000000             -2.0000000000000000              0.3999999999999999              1.0000000000000000              1.3999999999999999              1.3999999999999999
      0.045482141      0.25390625               1.0000000000000000             -2.0000000000000000              0.3999999999999999              1.0000000000000000              1.3999999999999999              1.3999999999999999
      0.045482141      0.26171875               1.0000000000000000             -2.0000000000000000              0.3999999999999999              1.0000000000000000              1.3999999999999999              1.3999999999999999
      0.045482141      0.26953125               1.0000000000000000             -2.0000000000000000              0.3999999999999999              1.0000000000000000              1.3999999999999999              1.3999999999999999
      0.045482141      0.27734375               1.0000000000000000             -2.0000000000000000              0.3999999999999999              1.0000000000000000              1.3999999999999999              1.3999999999999999
      0.045482141      0.28515625               1.0000000000000000             -2.0000000000000000              0.3999999999999999              1.0000000000000000              1.3999999999999999              1.3999999999999999
      0.045482141      0.29296875               1.0000000000000000             -2.0000000000000000              0.3999999999999999              1.0000000000000000              1.3999999999999999              1.3999999999999999
      0.045482141      0.30078125               1.0000000000000000             -2.0000000000000000              0.3999999999999999              1.0000000000000000              1.3999999999999999              1.3999999999999999
      0.045482141      0.30859375               1.0000000000000000             -2.0000000000000000              0.3999999999999999              1.0000000000000000              1.3999999999999999              1.3999999999999999
      0.045482141      0.31640625               1.0000000000000000             -2.0000000000000000              0.3999999999999999              1.0000000000000000              1.3999999999999999              1.3999999999999999
      0.045482141      0.32421875               1.0000000000000000             -2.0000000000000000              0.3999999999999999              1.0000000000000000              1.3999999999999999              1.3999999999999999
      0.045482141      0.33203125               1.0000000000000000             -2.0000000000000000              0.3999999999999999              1.0000000000000000              1.3999999999999999              1.3999999999999999
      0.045482141      0.33984375               1.0000000000000000             -2.0000000000000000              0.3999999999999999              1.0000000000000000              1.3999999999999999              1.3999999999999999
      0.045482141      0.34765625               0.9962932395358908             -1.9972377789142690              0.3979365898453492              0.9985428337110930              1.3999999999999999              1.3999999999999999
      0.045482141      0.35546875               0.9790436804965444             -1.9844121685243883              0.3884615501331189              0.9919413144470270              1.3999999999999999              1.3999999999999999
      0.045482141      0.36328125               0.9394392017451122             -1.9547925258182506              0.3672652678654934              0.9773524119050429              1.3999999999999999              1.3999999999999999
      0.045482141      0.37109375               0.8767723093321019             -1.9069718437778764              0.3350427440269462              0.9553299655476445              1.3999999999999999              1.3999999999999999
      0.045482141      0.37890625               0.7966602461497341             -1.8435640511380740              0.2959672575165277              0.9287750297160555              1.3999999999999999              1.3999999999999999
      0.045482141      0.38671875               0.7062518244282369             -1.7680936460365009              0.2545270538542749              0.9009783941455070              1.3999999999999999              1.3999999999999999
      0.045482141      0.39453125               0.6117777744933243             -1.6834181370639183              0.2140362812479078              0.8746488111029089              1.3999999999999999              1.3999999999999999
      0.045482141      0.40234375               0.5181601906584685             -1.5914722376776678              0.1765373066484721              0.8517506257289456              1.3999999999999999              1.3999999999999999
      0.045482141      0.41015625               0.4292277635656592             -1.4934829622965087              0.1431320524474244              0.8336602649978017              1.3999999999999999              1.3999999999999999
      0.045482141      0.41796875               0.3478820576892626             -1.3902469311276910              0.1143006456964894              0.8214037140612307              1.3999999999999999              1.3999999999999999
      0.045482141      0.42578125               0.2761327684744321             -1.2823692648869456              0.0901184404968199              0.8158977382031011              1.3999999999999999              1.3999999999999999
      0.045482141      0.43359375               0.2150910879852889             -1.1704685778924147              0.0703923148066541              0.8181686589854041              1.3999999999999999              1.3999999999999999
      0.045482141      0.44140625               0.1650050551729566             -1.0553639865937288              0.0547496246659195              0.8295143534925568              1.3999999999999999              1.3999999999999999
      0.045482141      0.44921875               0.1253697248158401             -0.9382230530292598              0.0427021975164224              0.8515253100210017              1.3999999999999999              1.3999999999999999
      0.045482141      0.45703125               0.0950999718057184             -0.8205686410330049              0.0336970625953569              0.8858326126583226              1.3999999999999999              1.3999999999999999
      0.045482141      0.46484375               0.0728456692362855             -0.7032031875501545              0.0272024794955860              0.9335654329480720              1.3999999999999999              1.3999999999999999
      0.045482141      0.47265625               0.0584908542577035             -0.5826922096409699              0.0228924349836597              0.9784621576391430              1.3999999999999999              1.3999999999999999
      0.045482141      0.48046875               0.0512979583624535             -0.4398319356730515              0.0207692007977591              1.0121845713142790              1.3999999999999999              1.3999999999999999
      0.045482141      0.48828125               0.0483981120088558             -0.2706325518294507              0.0201114526131760              1.0388552248430687              1.3999999999999999              1.3999999999999999
      0.045482141      0.49609375               0.0473323921562518             -0.0910427841970671              0.0199362764265623              1.0529932842158858              1.3999999999999999              1.3999999999999999
      0.045482141      0.50390625               0.0473323921562518              0.0910427841970671              0.0199362764265623              1.0529932842158858              1.3999999999999999              1.3999999999999999
      0.045482141      0.51171875               0.0483981120088558              0.2706325518294507              0.0201114526131760              1.0388552248430687              1.3999999999999999              1.3999999999999999
      0.045482141      0.51953125               0.0512979583624535              0.4398319356730515              0.0207692007977591              1.0121845713142790              1.3999999999999999              1.3999999999999999
      0.045482141      0.52734375               0.0584908542577035              0.5826922096409699              0.0228924349836597              0.9784621576391430              1.3999999999999999              1.3999999999999999
      0.045482141      0.53515625               0.0728456692362855              0.7032031875501545              0.0272024794955860              0.9335654329480720              1.3999999999999999              1.3999999999999999
      0.045482141      0.54296875               0.0950999718057184              0.8205686410330049              0.0336970625953569              0.8858326126583226              1.3999999999999999              1.3999999999999999
      0.045482141      0.55078125               0.1253697248158401              0.9382230530292598              0.0427021975164224              0.8515253100210017              1.3999999999999999              1.3999999999999999
      0.045482141      0.55859375               0.1650050551729566              1.0553639865937288              0.0547496246659195              0.8295143534925568              1.3999999999999999              1.3999999999999999
      0.045482141      0.56640625               0.2150910879852889              1.1704685778924147              0.0703923148066541              0.8181686589854041              1.3999999999999999              1.3999999999999999
      0.045482141      0.57421875               0.2761327684744321              1.2823692648869456              0.0901184404968199              0.8158977382031011              1.3999999999999999              1.3999999999999999
      0.045482141      0.58203125               0.3478820576892626              1.3902469311276910              0.1143006456964894              0.8214037140612307              1.3999999999999999              1.3999999999999999
      0.045482141      0.58984375               0.4292277635656592              1.4934829622965087              0.1431320524474244              0.8336602649978017              1.3999999999999999              1.3999999999999999
      0.045482141      0.59765625               0.5181601906584685              1.5914722376776678              0.1765373066484721              0.8517506257289456              1.3999999999999999              1.3999999999999999
      0.045482141      0.60546875               0.6117777744933243              1.6834181370639183              0.2140362812479078              0.8746488111029089              1.3999999999999999              1.3999999999999999
      0.045482141      0.61328125               0.7062518244282369              1.7680936460365009              0.2545270538542749              0.9009783941455070              1.3999999999999999              1.3999999999999999
      0.045482141      0.62109375               0.7966602461497341              1.8435640511380740              0.2959672575165277              0.9287750297160555              1.3999999999999999              1.3999999999999999
      0.045482141      0.62890625               0.8767723093321019              1.9069718437778764              0.3350427440269462              0.9553299655476445              1.3999999999999999              1.3999999999999999
      0.045482141      0.63671875               0.9394392017451122              1.9547925258182506              0.3672652678654934              0.9773524119050429              1.3999999999999999              1.3999999999999999
      0.045482141      0.64453125               0.9790436804965444              1.9844121685243883              0.3884615501331189              0.9919413144470270              1.3999999999999999              1.3999999999999999
      0.045482141      0.65234375               0.9962932395358908              1.9972377789142690              0.3979365898453492              0.9985428337110930              1.3999999999999999              1.3999999999999999
      0.045482141      0.66015625               1.0000000000000000              2.0000000000000000              0.3999999999999999              1.0000000000000000              1.3999999999999999              1.3999999999999999
      0.045482141      0.66796875               1.0000000000000000              2.0000000000000000              0.3999999999999999              1.0000000000000000              1.3999999999999999              1.3999999999999999
      0.045482141      0.67578125               1.0000000000000000              2.0000000000000000              0.3999999999999999              1.0000000000000000              1.3999999999999999              1.3999999999999999
      0.045482141      0.68359375               1.0000000000000000              2.0000000000000000              0.3999999999999999              1.0000000000000000              1.3999999999999999              1.3999999999999999
      0.045482141      0.69140625               1.0000000000000000              2.0000000000000000              0.3999999999999999              1.0000000000000000              1.3999999999999999              1.3999999999999999
      0.045482141      0.69921875               1.0000000000000000              2.0000000000000000              0.3999999999999999              1.0000000000000000              1.3999999999999999              1.3999999999999999
      0.045482141      0.70703125               1.0000000000000000              2.0000000000000000              0.3999999999999999              1.0000000000000000              1.3999999999999999              1.3999999999999999
      0.045482141      0.71484375               1.0000000000000000              2.0000000000000000              0.3999999999999999              1.0000000000000000              1.3999999999999999              1.3999999999999999
      0.045482141      0.72265625               1.0000000000000000              2.0000000000000000              0.3999999999999999              1.0000000000000000              1.3999999999999999              1.3999999999999999
      0.045482141      0.73046875               1.0000000000000000              2.0000000000000000              0.3999999999999999              1.0000000000000000              1.3999999999999999              1.3999999999999999
      0.045482141      0.73828125               1.0000000000000000              2.0000000000000000              0.3999999999999999              1.0000000000000000              1.3999999999999999              1.3999999999999999
      0.045482141      0.74609375               1.0000000000000000              2.0000000000000000              0.3999999999999999              1.0000000000000000              1.3999999999999999              1.3999999999999999
      0.045482141      0.75390625               1.0000000000000000              2.0000000000000000              0.3999999999999999              1.0000000000000000              1.3999999999999999              1.3999999999999999
      0.045482141      0.76171875               1.0000000000000000              2.0000000000000000              0.3999999999999999              1.0000000000000000              1.3999999999999999              1.3999999999999999
      0.045482141      0.76953125               1.0000000000000000              2.0000000000000000              0.3999999999999999              1.0000000000000000              1.3999999999999999              1.3999999999999999
      0.045482141      0.77734375               1.0000000000000000              2.0000000000000000              0.3999999999999999              1.0000000000000000              1.3999999999999999              1.3999999999999999
      0.045482141      0.78515625               1.0000000000000000              2.0000000000000000              0.3999999999999999              1.0000000000000000              1.3999999999999999              1.3999999999999999
      0.045482141      0.79296875               1.0000000000000000              2.0000000000000000              0.3999999999999999              1.0000000000000000              1.3999999999999999              1.3999999999999999
      0.045482141      0.80078125               1.0000000000000000              2.0000000000000000              0.3999999999999999              1.0000000000000000              1.3999999999999999              1.3999999999999999
      0.045482141      0.80859375               1.0000000000000000              2.0000000000000000              0.3999999999999999              1.0000000000000000              1.3999999999999999              1.3999999999999999
      0.045482141      0.81640625               1.0000000000000000              2.0000000000000000              0.3999999999999999              1.0000000000000000              1.3999999999999999              1.3999999999999999
      0.045482141      0.82421875               1.0000000000000000              2.0000000000000000              0.3999999999999999              1.0000000000000000              1.3999999999999999              1.3999999999999999
      0.045482141      0.83203125               1.0000000000000000              2.0000000000000000              0.3999999999999999              1.0000000000000000              1.3999999999999999              1.3999999999999999
      0.045482141      0.83984375               1.0000000000000000              2.0000000000000000              0.3999999999999999              1.0000000000000000              1.3999999999999999              1.3999999999999999
      0.045482141      0.84765625               1.0000000000000000              2.0000000000000000              0.3999999999999999              1.0000000000000000              1.3999999999999999              1.3999999999999999
      0.045482141      0.85546875               1.0000000000000000              2.0000000000000000              0.3999999999999999              1.0000000000000000              1.3999999999999999              1.3999999999999999
      0.045482141      0.86328125               1.0000000000000000              2.0000000000000000              0.3999999999999999              1.0000000000000000              1.3999999999999999              1.3999999999999999
      0.045482141      0.87109375               1.0000000000000000              2.0000000000000000              0.3999999999999999              1.0000000000000000              1.3999999999999999              1.3999999999999999
      0.045482141      0.87890625               1.0000000000000000              2.0000000000000000              0.3999999999999999              1.0000000000000000              1.3999999999999999              1.3999999999999999
      0.045482141      0.88671875               1.0000000000000000              2.0000000000000000              0.3999999999999999              1.0000000000000000              1.3999999999999999              1.3999999999999999
      0.045482141      0.89453125               1.0000000000000000              2.0000000000000000              0.3999999999999999              1.0000000000000000              1.3999999999999999              1.3999999999999999
      0.045482141      0.90234375               1.0000000000000000              2.0000000000000000              0.3999999999999999              1.0000000000000000              1.3999999999999999              1.3999999999999999
      0.045482141      0.91015625               1.0000000000000000              2.0000000000000000              0.3999999999999999              1.0000000000000000              1.3999999999999999              1.3999999999999999
      0.045482141      0.91796875               1.0000000000000000              2.0000000000000000              0.3999999999999999              1.0000000000000000              1.3999999999999999              1.3999999999999999
      0.045482141      0.92578125               1.0000000000000000              2.0000000000000000              0.3999999999999999              1.0000000000000000              1.3999999999999999              1.3999999999999999
      0.045482141      0.93359375               1.0000000000000000              2.0000000000000000              0.3999999999999999              1.0000000000000000              1.3999999999999999              1.3999999999999999
      0.045482141      0.94140625               1.0000000000000000              2.0000000000000000              0.3999999999999999              1.0000000000000000              1.3999999999999999              1.3999999999999999
      0.045482141      0.94921875               1.0000000000000000              2.0000000000000000              0.3999999999999999              1.0000000000000000              1.3999999999999999              1.3999999999999999
      0.045482141      0.95703125               1.0000000000000000              2.0000000000000000              0.3999999999999999              1.0000000000000000              1.3999999999999999              1.3999999999999999
      0.045482141      0.96484375               1.0000000000000000              2.0000000000000000              0.3999999999999999              1.0000000000000000              1.3999999999999999              1.3999999999999999
      0.045482141      0.97265625               1.0000000000000000              2.0000000000000000              0.3999999999999999              1.0000000000000000              1.3999999999999999              1.3999999999999999
      0.045482141      0.98046875               1.0000000000000000              2.0000000000000000              0.3999999999999999              1.0000000000000000              1.3999999999999999              1.3999999999999999
      0.045482141      0.98828125               1.0000000000000000              2.0000000000000000              0.3999999999999999              1.0000000000000000              1.3999999999999999              1.3999999999999999
      0.045482141      0.99609375               1.0000000000000000              2.0000000000000000              0.3999999999999999              1.0000000000000000              1.3999999999999999              1.3999999999999999
