      0.113705353      0.00390625               1.0000000000000000             -2.0000000000000000              0.3999999999999999              1.0000000000000000              1.3999999999999999              1.3999999999999999
      0.113705353      0.01171875               1.0000000000000000             -2.0000000000000000              0.3999999999999999              1.0000000000000000              1.3999999999999999              1.3999999999999999
      0.113705353      0.01953125               1.0000000000000000             -2.0000000000000000              0.3999999999999999              1.0000000000000000              1.3999999999999999              1.3999999999999999
      0.113705353      0.02734375               1.0000000000000000             -2.0000000000000000              0.3999999999999999              1.0000000000000000              1.3999999999999999              1.3999999999999999
      0.113705353      0.03515625               1.0000000000000000             -2.0000000000000000              0.3999999999999999              1.0000000000000000              1.3999999999999999              1.3999999999999999
      0.113705353      0.04296875               1.0000000000000000             -2.0000000000000000              0.3999999999999999              1.0000000000000000              1.3999999999999999              1.3999999999999999
      0.113705353      0.05078125               1.0000000000000000             -2.0000000000000000              0.3999999999999999              1.0000000000000000              1.3999999999999999              1.3999999999999999
      0.113705353      0.05859375               1.0000000000000000             -2.0000000000000000              0.3999999999999999              1.0000000000000000              1.3999999999999999              1.3999999999999999
      0.113705353      0.06640625               1.0000000000000000             -2.0000000000000000              0.3999999999999999              1.0000000000000000              1.3999999999999999              1.3999999999999999
      0.113705353      0.07421875               1.0000000000000000             -2.0000000000000000              0.3999999999999999              1.0000000000000000              1.3999999999999999              1.3999999999999999
      0.113705353      0.08203125               1.0000000000000000             -2.0000000000000000              0.3999999999999999              1.0000000000000000              1.3999999999999999              1.3999999999999999
      0.113705353      0.08984375               1.0000000000000000             -2.0000000000000000              0.3999999999999999              1.0000000000000000              1.3999999999999999              1.3999999999999999
      0.113705353      0.09765625               1.0000000000000000             -2.0000000000000000              0.3999999999999999              1.0000000000000000              1.3999999999999999              1.3999999999999999
      0.113705353      0.10546875               1.0000000000000000             -2.0000000000000000              0.3999999999999999              1.0000000000000000              1.3999999999999999              1.3999999999999999
      0.113705353      0.11328125               0.9999954583155968             -1.9999966013275987              0.3999974566720508              0.9999981833562798              1.3999999999999999              1.3999999999999999
      0.113705353      0.12109375               0.9999411725185611             -1.9999559784368244              0.3999670582644934              0.9999764717585653              1.3999999999999999              1.3999999999999999
      0.113705353      0.12890625               0.9996254851231982             -1.9997197510999929              0.3997903223329370              0.9998502646310213              1.3999999999999999              1.3999999999999999
      0.113705353      0.13671875               0.9984355225082390             -1.9988292201360713              0.3991246104806546              0.9993750259355410              1.3999999999999999              1.3999999999999999
      0.113705353      0.14453125               0.9951607452042568             -1.9963767518845741              0.3972958536257927              0.9980695469058313              1.3999999999999999              1.3999999999999999
      0.113705353      0.15234375               0.9881099063721279             -1.9910842456532221              0.3933725204788269              0.9952650963775497              1.3999999999999999              1.3999999999999999
      0.113705353      0.16015625               0.9756276544118738             -1.9816652503017029              0.3864690959565045              0.9903088904072611              1.3999999999999999              1.3999999999999999
      0.113705353      0.16796875               0.9567039245760783             -1.9672477933854020              0.3760974205455494              0.9827947050394946              1.3999999999999999              1.3999999999999999
      0.113705353      0.17578125               0.9312635882207362             -1.9475761076834370              0.3623229054004377              0.9726647481533361              1.3999999999999999              1.3999999999999999
      0.113705353      0.18359375               0.9000301547407598             -1.9229297364532134              0.3456672280096598              0.9601545742354161              1.3999999999999999              1.3999999999999999
      0.113705353      0.19140625               0.8641681950721024             -1.8939002342748417              0.3268851939418941              0.9456642694267992              1.3999999999999999              1.3999999999999999
      0.113705353      0.19921875               0.8249444498622078             -1.8611787630057575              0.3067610321917191              0.9296414814444721              1.3999999999999999              1.3999999999999999
      0.113705353      0.20703125               0.7835163546895063             -1.8254209814208753              0.2859867352491907              0.9125104202914890              1.3999999999999999              1.3999999999999999
      0.113705353      0.21484375               0.7408434560489313             -1.7871860055817246              0.2651159503616864              0.8946422763035651              1.3999999999999999              1.3999999999999999
      0.113705353      0.22265625               0.6976766861630544             -1.7469225462086633              0.2445637577426889              0.8763506169587407              1.3999999999999999              1.3999999999999999
      0.113705353      0.23046875               0.6545844143135815             -1.7049780021777421              0.2246266323539368              0.8578978793342018              1.3999999999999999              1.3999999999999999
      0.113705353      0.23828125               0.6119898949102514             -1.6616155781647164              0.2055073822719656              0.8395048022079820              1.3999999999999999              1.3999999999999999
      0.113705353      0.24609375               0.5702076734005124             -1.6170320695172828              0.1873380988070522              0.8213590747114797              1.3999999999999999              1.3999999999999999
      0.113705353      0.25390625               0.5294741348273186             -1.5713734280810772              0.1701988297069040              0.8036220209435361              1.3999999999999999              1.3999999999999999
      0.113705353      0.26171875               0.4899711011998483             -1.5247474166953057              0.1541318445862073              0.7864333437664335              1.3999999999999999              1.3999999999999999
      0.113705353      0.26953125               0.4518429368223097             -1.4772335699350234              0.1391521540795178              0.7699144035432846              1.3999999999999999              1.3999999999999999
      0.113705353      0.27734375               0.4152081495196691             -1.4288909657678657              0.1252551103233730              0.7541705917157068              1.3999999999999999              1.3999999999999999
      0.113705353      0.28515625               0.3801665807904650             -1.3797643351538722              0.1124218402269057              0.7392932855457175              1.3999999999999999              1.3999999999999999
      0.113705353      0.29296875               0.3468032296430752             -1.3298889656413921              0.1006231184985266              0.7253617462133102              1.3999999999999999              1.3999999999999999
      0.113705353      0.30078125               0.3151896573911052             -1.2792947643796162              0.0898221433254061              0.7124451994148850              1.3999999999999999              1.3999999999999999
      0.113705353      0.30859375               0.2853838061345806             -1.2280097628712880              0.0799765557931049              0.7006052382260065              1.3999999999999999              1.3999999999999999
      0.113705353      0.31640625               0.2574289387869928             -1.1760632768461277              0.0710399477839875              0.6898986193891827              1.3999999999999999              1.3999999999999999
      0.113705353      0.32421875               0.2313522748559199             -1.1234888779119843              0.0629630292306800              0.6803804854511565              1.3999999999999999              1.3999999999999999
      0.113705353      0.33203125               0.2071637568888539             -1.0703272837900215              0.0556945700208598              0.6721080325206295              1.3999999999999999              1.3999999999999999
      0.113705353      0.33984375               0.1848552428259498             -1.0166292242171753              0.0491821907634184              0.6651446560502189              1.3999999999999999              1.3999999999999999
      0.113705353      0.34765625               0.1644002843159947             -0.9624582828162561              0.0433730470001940              0.6595646592196041              1.3999999999999999              1.3999999999999999
      0.113705353      0.35546875               0.1457545193910306             -0.9078936447840329              0.0382144308792675              0.6554587644851291              1.3999999999999999              1.3999999999999999
      0.113705353      0.36328125               0.1288565612921683             -0.8530325945014436              0.0336543009493059              0.6529411582115403              1.3999999999999999              1.3999999999999999
      0.113705353      0.37109375               0.1136290264078116             -0.7979925084853099              0.0296417421387362              0.6521604354936726              1.3999999999999999              1.3999999999999999
      0.113705353      0.37890625               0.0999787355131717             -0.7429120081854028              0.0261273510747026              0.6533227025876031              1.3999999999999999              1.3999999999999999
      0.113705353      0.38671875               0.0877933449173985             -0.6879510596858615              0.0230635393361300              0.6567564818788278              1.3999999999999999              1.3999999999999999
      0.113705353      0.39453125               0.0769221623562332             -0.6332816204317471              0.0204049223922014              0.6631678623939506              1.3999999999999999              1.3999999999999999
      0.113705353      0.40234375               0.0672457367260658             -0.5790604588294618              0.0181132752306390              0.6733986462378183              1.3999999999999999              1.3999999999999999
      0.113705353      0.41015625               0.0588384632650749             -0.5256123640280153              0.0161512202095909              0.6862526361721722              1.3999999999999999              1.3999999999999999
      0.113705353      0.41796875               0.0516274717381842             -0.4731122913846344              0.0144768354967518              0.7010238449292779              1.3999999999999999              1.3999999999999999
      0.113705353      0.42578125               0.0455112999643783             -0.4216891298870982              0.0130510128788187              0.7169105743537147              1.3999999999999999              1.3999999999999999
      0.113705353      0.43359375               0.0403808991863364             -0.3714539180552905              0.0118380746481195              0.7329006341273582              1.3999999999999999              1.3999999999999999
      0.113705353      0.44140625               0.0361235971109462             -0.3224980877485729              0.0108066701893666              0.7478954930883629              1.3999999999999999              1.3999999999999999
      0.113705353      0.44921875               0.0326275156134450             -0.2749205927764485              0.0099301924801787              0.7608756208890346              1.3999999999999999              1.3999999999999999
      0.113705353      0.45703125               0.0297880683841618             -0.2288392369816713              0.0091875860465744              0.7710793738021841              1.3999999999999999              1.3999999999999999
      0.113705353      0.46484375               0.0275140611961067             -0.1843903739404979              0.0085638809151921              0.7781367547081610              1.3999999999999999              1.3999999999999999
      0.113705353      0.47265625               0.0257360790159502             -0.1416192270685576              0.0080519412726936              0.7821647256079076              1.3999999999999999              1.3999999999999999
      0.113705353      0.48046875               0.0244138597370435             -0.1002873380325458              0.0076542217490311              0.7837988166837487              1.3999999999999999              1.3999999999999999
      0.113705353      0.48828125               0.0235325440866336             -0.0598936356803494              0.0073800710709094              0.7840281785662570              1.3999999999999999              1.3999999999999999
      0.113705353      0.49609375               0.0230909295695035             -0.0199291679526816              0.0072398333944773              0.7838395345546293              1.3999999999999999              1.3999999999999999
      0.113705353      0.50390625               0.0230909295695035              0.0199291679526816              0.0072398333944773              0.7838395345546293              1.3999999999999999              1.3999999999999999
      0.113705353      0.51171875               0.0235325440866336              0.0598936356803494              0.0073800710709094              0.7840281785662570              1.3999999999999999              1.3999999999999999
      0.113705353      0.51953125               0.0244138597370435              0.1002873380325458              0.0076542217490311              0.7837988166837487              1.3999999999999999              1.3999999999999999
      0.113705353      0.52734375               0.0257360790159502              0.1416192270685576              0.0080519412726936              0.7821647256079076              1.3999999999999999              1.3999999999999999
      0.113705353      0.53515625               0.0275140611961067              0.1843903739404979              0.0085638809151921              0.7781367547081610              1.3999999999999999              1.3999999999999999
      0.113705353      0.54296875               0.0297880683841618              0.2288392369816713              0.0091875860465744              0.7710793738021841              1.3999999999999999              1.3999999999999999
      0.113705353      0.55078125               0.0326275156134450              0.2749205927764485              0.0099301924801787              0.7608756208890346              1.3999999999999999              1.3999999999999999
      0.113705353      0.55859375               0.0361235971109462              0.3224980877485729              0.0108066701893666              0.7478954930883629              1.3999999999999999              1.3999999999999999
      0.113705353      0.56640625               0.0403808991863364              0.3714539180552905              0.0118380746481195              0.7329006341273582              1.3999999999999999              1.3999999999999999
      0.113705353      0.57421875               0.0455112999643783              0.4216891298870982              0.0130510128788187              0.7169105743537147              1.3999999999999999              1.3999999999999999
      0.113705353      0.58203125               0.0516274717381842              0.4731122913846344              0.0144768354967518              0.7010238449292779              1.3999999999999999              1.3999999999999999
      0.113705353      0.58984375               0.0588384632650749              0.5256123640280153              0.0161512202095909              0.6862526361721722              1.3999999999999999              1.3999999999999999
      0.113705353      0.59765625               0.0672457367260658              0.5790604588294618              0.0181132752306390              0.6733986462378183              1.3999999999999999              1.3999999999999999
      0.113705353      0.60546875               0.0769221623562332              0.6332816204317471              0.0204049223922014              0.6631678623939506              1.3999999999999999              1.3999999999999999
      0.113705353      0.61328125               0.0877933449173985              0.6879510596858615              0.0230635393361300              0.6567564818788278              1.3999999999999999              1.3999999999999999
      0.113705353      0.62109375               0.0999787355131717              0.7429120081854028              0.0261273510747026              0.6533227025876031              1.3999999999999999              1.3999999999999999
      0.113705353      0.62890625               0.1136290264078116              0.7979925084853099              0.0296417421387362              0.6521604354936726              1.3999999999999999              1.3999999999999999
      0.113705353      0.63671875               0.1288565612921683              0.8530325945014436              0.0336543009493059              0.6529411582115403              1.3999999999999999              1.3999999999999999
      0.113705353      0.64453125               0.1457545193910306              0.9078936447840329              0.0382144308792675              0.6554587644851291              1.3999999999999999              1.3999999999999999
      0.113705353      0.65234375               0.1644002843159947              0.9624582828162561              0.0433730470001940              0.6595646592196041              1.3999999999999999              1.3999999999999999
      0.113705353      0.66015625               0.1848552428259498              1.0166292242171753              0.0491821907634184              0.6651446560502189              1.3999999999999999              1.3999999999999999
      0.113705353      0.66796875               0.2071637568888539              1.0703272837900215              0.0556945700208598              0.6721080325206295              1.3999999999999999              1.3999999999999999
      0.113705353      0.67578125               0.2313522748559199              1.1234888779119843              0.0629630292306800              0.6803804854511565              1.3999999999999999              1.3999999999999999
      0.113705353      0.68359375               0.2574289387869928              1.1760632768461277              0.0710399477839875              0.6898986193891827              1.3999999999999999              1.3999999999999999
      0.113705353      0.69140625               0.2853838061345806              1.2280097628712880              0.0799765557931049              0.7006052382260065              1.3999999999999999              1.3999999999999999
      0.113705353      0.69921875               0.3151896573911052              1.2792947643796162              0.0898221433254061              0.7124451994148850              1.3999999999999999              1.3999999999999999
      0.113705353      0.70703125               0.3468032296430752              1.3298889656413921              0.1006231184985266              0.7253617462133102              1.3999999999999999              1.3999999999999999
      0.113705353      0.71484375               0.3801665807904650              1.3797643351538722              0.1124218402269057              0.7392932855457175              1.3999999999999999              1.3999999999999999
      0.113705353      0.72265625               0.4152081495196691              1.4288909657678657              0.1252551103233730              0.7541705917157068              1.3999999999999999              1.3999999999999999
      0.113705353      0.73046875               0.4518429368223097              1.4772335699350234              0.1391521540795178              0.7699144035432846              1.3999999999999999              1.3999999999999999
      0.113705353      0.73828125               0.4899711011998483              1.5247474166953057              0.1541318445862073              0.7864333437664335              1.3999999999999999              1.3999999999999999
      0.113705353      0.74609375               0.5294741348273186              1.5713734280810772              0.1701988297069040              0.8036220209435361              1.3999999999999999              1.3999999999999999
      0.113705353      0.75390625               0.5702076734005124              1.6170320695172828              0.1873380988070522              0.8213590747114797              1.3999999999999999              1.3999999999999999
      0.113705353      0.76171875               0.6119898949102514              1.6616155781647164              0.2055073822719656              0.8395048022079820              1.3999999999999999              1.3999999999999999
      0.113705353      0.76953125               0.6545844143135815              1.7049780021777421              0.2246266323539368              0.8578978793342018              1.3999999999999999              1.3999999999999999
      0.113705353      0.77734375               0.6976766861630544              1.7469225462086633              0.2445637577426889              0.8763506169587407              1.3999999999999999              1.3999999999999999
      0.113705353      0.78515625               0.7408434560489313              1.7871860055817246              0.2651159503616864              0.8946422763035651              1.3999999999999999              1.3999999999999999
      0.113705353      0.79296875               0.7835163546895063              1.8254209814208753              0.2859867352491907              0.9125104202914890              1.3999999999999999              1.3999999999999999
      0.113705353      0.80078125               0.8249444498622078              1.8611787630057575              0.3067610321917191              0.9296414814444721              1.3999999999999999              1.3999999999999999
      0.113705353      0.80859375               0.8641681950721024              1.8939002342748417              0.3268851939418941              0.9456642694267992              1.3999999999999999              1.3999999999999999
      0.113705353      0.81640625               0.9000301547407598              1.9229297364532134              0.3456672280096598              0.9601545742354161              1.3999999999999999              1.3999999999999999
      0.113705353      0.82421875               0.9312635882207362              1.9475761076834370              0.3623229054004377              0.9726647481533361              1.3999999999999999              1.3999999999999999
      0.113705353      0.83203125               0.9567039245760783              1.9672477933854020              0.3760974205455494              0.9827947050394946              1.3999999999999999              1.3999999999999999
      0.113705353      0.83984375               0.9756276544118738              1.9816652503017029              0.3864690959565045              0.9903088904072611              1.3999999999999999              1.3999999999999999
      0.113705353      0.84765625               0.9881099063721279              1.9910842456532221              0.3933725204788269              0.9952650963775497              1.3999999999999999              1.3999999999999999
      0.113705353      0.85546875               0.9951607452042568              1.9963767518845741              0.3972958536257927              0.9980695469058313              1.3999999999999999              1.3999999999999999
      0.113705353      0.86328125               0.9984355225082390              1.9988292201360713              0.3991246104806546              0.9993750259355410              1.3999999999999999              1.3999999999999999
      0.113705353      0.87109375               0.9996254851231982              1.9997197510999929              0.3997903223329370              0.9998502646310213              1.3999999999999999              1.3999999999999999
      0.113705353      0.87890625               0.9999411725185611              1.9999559784368244              0.3999670582644934              0.9999764717585653              1.3999999999999999              1.3999999999999999
      0.113705353      0.88671875               0.9999954583155968              1.9999966013275987              0.3999974566720508              0.9999981833562798              1.3999999999999999              1.3999999999999999
      0.113705353      0.89453125               1.0000000000000000              2.0000000000000000              0.3999999999999999              1.0000000000000000              1.3999999999999999              1.3999999999999999
      0.113705353      0.90234375               1.0000000000000000              2.0000000000000000              0.3999999999999999              1.0000000000000000              1.3999999999999999              1.3999999999999999
      0.113705353      0.91015625               1.0000000000000000              2.0000000000000000              0.3999999999999999              1.0000000000000000              1.3999999999999999              1.3999999999999999
      0.113705353      0.91796875               1.0000000000000000              2.0000000000000000              0.3999999999999999              1.0000000000000000              1.3999999999999999              1.3999999999999999
      0.113705353      0.92578125               1.0000000000000000              2.0000000000000000              0.3999999999999999              1.0000000000000000              1.3999999999999999              1.3999999999999999
      0.113705353      0.93359375               1.0000000000000000              2.0000000000000000              0.3999999999999999              1.0000000000000000              1.3999999999999999              1.3999999999999999
      0.113705353      0.94140625               1.0000000000000000              2.0000000000000000              0.3999999999999999              1.0000000000000000              1.3999999999999999              1.3999999999999999
      0.113705353      0.94921875               1.0000000000000000              2.0000000000000000              0.3999999999999999              1.0000000000000000              1.3999999999999999              1.3999999999999999
      0.113705353      0.95703125               1.0000000000000000              2.0000000000000000              0.3999999999999999              1.0000000000000000              1.3999999999999999              1.3999999999999999
      0.113705353      0.96484375               1.0000000000000000              2.0000000000000000              0.3999999999999999              1.0000000000000000              1.3999999999999999              1.3999999999999999
      0.113705353      0.97265625               1.0000000000000000              2.0000000000000000              0.3999999999999999              1.0000000000000000              1.3999999999999999              1.3999999999999999
      0.113705353      0.98046875               1.0000000000000000              2.0000000000000000              0.3999999999999999              1.0000000000000000              1.3999999999999999              1.3999999999999999
      0.113705353      0.98828125               1.0000000000000000              2.0000000000000000              0.3999999999999999              1.0000000000000000              1.3999999999999999              1.3999999999999999
      0.113705353      0.99609375               1.0000000000000000              2.0000000000000000              0.3999999999999999              1.0000000000000000              1.3999999999999999              1.3999999999999999
