      0.102334817      0.00390625               1.0000000000000000             -2.0000000000000000              0.3999999999999999              1.0000000000000000              1.3999999999999999              1.3999999999999999
      0.102334817      0.01171875               1.0000000000000000             -2.0000000000000000              0.3999999999999999              1.0000000000000000              1.3999999999999999              1.3999999999999999
      0.102334817      0.01953125               1.0000000000000000             -2.0000000000000000              0.3999999999999999              1.0000000000000000              1.3999999999999999              1.3999999999999999
      0.102334817      0.02734375               1.0000000000000000             -2.0000000000000000              0.3999999999999999              1.0000000000000000              1.3999999999999999              1.3999999999999999
      0.102334817      0.03515625               1.0000000000000000             -2.0000000000000000              0.3999999999999999              1.0000000000000000              1.3999999999999999              1.3999999999999999
      0.102334817      0.04296875               1.0000000000000000             -2.0000000000000000              0.3999999999999999              1.0000000000000000              1.3999999999999999              1.3999999999999999
      0.102334817      0.05078125               1.0000000000000000             -2.0000000000000000              0.3999999999999999              1.0000000000000000              1.3999999999999999              1.3999999999999999
      0.102334817      0.05859375               1.0000000000000000             -2.0000000000000000              0.3999999999999999              1.0000000000000000              1.3999999999999999              1.3999999999999999
      0.102334817      0.06640625               1.0000000000000000             -2.0000000000000000              0.3999999999999999              1.0000000000000000              1.3999999999999999              1.3999999999999999
      0.102334817      0.07421875               1.0000000000000000             -2.0000000000000000              0.3999999999999999              1.0000000000000000              1.3999999999999999              1.3999999999999999
      0.102334817      0.08203125               1.0000000000000000             -2.0000000000000000              0.3999999999999999              1.0000000000000000              1.3999999999999999              1.3999999999999999
      0.102334817      0.08984375               1.0000000000000000             -2.0000000000000000              0.3999999999999999              1.0000000000000000              1.3999999999999999              1.3999999999999999
      0.102334817      0.09765625               1.0000000000000000             -2.0000000000000000              0.3999999999999999              1.0000000000000000              1.3999999999999999              1.3999999999999999
      0.102334817      0.10546875               1.0000000000000000             -2.0000000000000000              0.3999999999999999              1.0000000000000000              1.3999999999999999              1.3999999999999999
      0.102334817      0.11328125               1.0000000000000000             -2.0000000000000000              0.3999999999999999              1.0000000000000000              1.3999999999999999              1.3999999999999999
      0.102334817      0.12109375               1.0000000000000000             -2.0000000000000000              0.3999999999999999              1.0000000000000000              1.3999999999999999              1.3999999999999999
      0.102334817      0.12890625               1.0000000000000000             -2.0000000000000000              0.3999999999999999              1.0000000000000000              1.3999999999999999              1.3999999999999999
      0.102334817      0.13671875               1.0000000000000000             -2.0000000000000000              0.3999999999999999              1.0000000000000000              1.3999999999999999              1.3999999999999999
      0.102334817      0.14453125               1.0000000000000000             -2.0000000000000000              0.3999999999999999              1.0000000000000000              1.3999999999999999              1.3999999999999999
      0.102334817      0.15234375               0.9999861395538937             -1.9999896279146208              0.3999922382940828              0.9999944561044725              1.3999999999999999              1.3999999999999999
      0.102334817      0.16015625               0.9998377642990739             -1.9998786001854483              0.3999091602274368              0.9999351257445981              1.3999999999999999              1.3999999999999999
      0.102334817      0.16796875               0.9990675410873029             -1.9993022689045665              0.3994781240165029              0.9996274215398487              1.3999999999999999              1.3999999999999999
      0.102334817      0.17578125               0.9964816956140655             -1.9973667280662379              0.3980332146810744              0.9985964028064588              1.3999999999999999              1.3999999999999999
      0.102334817      0.18359375               0.9901407699183618             -1.9926125459411079              0.3945019886448494              0.9960755092363700              1.3999999999999999              1.3999999999999999
      0.102334817      0.19140625               0.9779182957837598             -1.9834065332165498              0.3877369407891122              0.9912304086671109              1.3999999999999999              1.3999999999999999
      0.102334817      0.19921875               0.9583620276923762             -1.9685403730821616              0.3770154321865130              0.9834890711767926              1.3999999999999999              1.3999999999999999
      0.102334817      0.20703125               0.9312075041743543             -1.9475849194800579              0.3623238204961093              0.9727257857993750              1.3999999999999999              1.3999999999999999
      0.102334817      0.21484375               0.8972672202539875             -1.9208282368361673              0.3442677240741712              0.9592118053101286              1.3999999999999999              1.3999999999999999
      0.102334817      0.22265625               0.8579557197365343             -1.8889797980372851              0.3237730447261464              0.9434433423486369              1.3999999999999999              1.3999999999999999
      0.102334817      0.23046875               0.8148225665650680             -1.8528789462302206              0.3018039655959194              0.9259806305690318              1.3999999999999999              1.3999999999999999
      0.102334817      0.23828125               0.7692675273523070             -1.8133134107921687              0.2791987141563083              0.9073524626642719              1.3999999999999999              1.3999999999999999
      0.102334817      0.24609375               0.7224306852153647             -1.7709424792982738              0.2566128039073995              0.8880187717625134              1.3999999999999999              1.3999999999999999
      0.102334817      0.25390625               0.6751883755439779             -1.7262838642164668              0.2345243339613033              0.8683663050787661              1.3999999999999999              1.3999999999999999
      0.102334817      0.26171875               0.6281949289921637             -1.6797293302828560              0.2132640424907173              0.8487176219046560              1.3999999999999999              1.3999999999999999
      0.102334817      0.26953125               0.5819353262064795             -1.6315689061316065              0.1930495380747714              0.8293427524550837              1.3999999999999999              1.3999999999999999
      0.102334817      0.27734375               0.5367729598390184             -1.5820145364113198              0.1740151964809492              0.8104692742586057              1.3999999999999999              1.3999999999999999
      0.102334817      0.28515625               0.4929872026842819             -1.5312200537501337              0.1562355124123216              0.7922898990157854              1.3999999999999999              1.3999999999999999
      0.102334817      0.29296875               0.4508002823409019             -1.4792970598450097              0.1397423217880691              0.7749680249889127              1.3999999999999999              1.3999999999999999
      0.102334817      0.30078125               0.4103948307663879             -1.4263272987157167              0.1245371128936028              0.7586420658676252              1.3999999999999999              1.3999999999999999
      0.102334817      0.30859375               0.3719240404795852             -1.3723723375755845              0.1105996907138227              0.7434292938633896              1.3999999999999999              1.3999999999999999
      0.102334817      0.31640625               0.3355163950835851             -1.3174813149465554              0.0978942530605960              0.7294297275413933              1.3999999999999999              1.3999999999999999
      0.102334817      0.32421875               0.3012767718216542             -1.2616973780782121              0.0863736870932586              0.7167303885643475              1.3999999999999999              1.3999999999999999
      0.102334817      0.33203125               0.2692854576961750             -1.2050632903979788              0.0759826723928460              0.7054100975494796              1.3999999999999999              1.3999999999999999
      0.102334817      0.33984375               0.2395963232955044             -1.1476265655322104              0.0666599990956209              0.6955448875294953              1.3999999999999999              1.3999999999999999
      0.102334817      0.34765625               0.2122350837290926             -1.0894443740574562              0.0583403748133258              0.6872140763469897              1.3999999999999999              1.3999999999999999
      0.102334817      0.35546875               0.1871982633678426             -1.0305883587793725              0.0509558951871459              0.6805070499908715              1.3999999999999999              1.3999999999999999
      0.102334817      0.36328125               0.1644531853293832             -0.9711493661747652              0.0444372827628159              0.6755308915697267              1.3999999999999999              1.3999999999999999
      0.102334817      0.37109375               0.1439390272293662             -0.9112419373016448              0.0387149511152327              0.6724192851036254              1.3999999999999999              1.3999999999999999
      0.102334817      0.37890625               0.1255686760328183             -0.8510081907614241              0.0337199203782884              0.6713441887663818              1.3999999999999999              1.3999999999999999
      0.102334817      0.38671875               0.1092305916301241             -0.7906204972504098              0.0293845916289729              0.6725357610548068              1.3999999999999999              1.3999999999999999
      0.102334817      0.39453125               0.0947883487789718             -0.7302821225511699              0.0256433657835413              0.6763322210448216              1.3999999999999999              1.3999999999999999
      0.102334817      0.40234375               0.0820717123447581             -0.6702254903970684              0.0224331197925580              0.6833389712378414              1.3999999999999999              1.3999999999999999
      0.102334817      0.41015625               0.0708645857340012             -0.6106540432534810              0.0196965050787376              0.6948641862054628              1.3999999999999999              1.3999999999999999
      0.102334817      0.41796875               0.0612110443304936             -0.5519172802762005              0.0173851217930107              0.7100484064258149              1.3999999999999999              1.3999999999999999
      0.102334817      0.42578125               0.0530813974623030             -0.4943110863512083              0.0154424732190912              0.7273015574833939              1.3999999999999999              1.3999999999999999
      0.102334817      0.43359375               0.0463269604280747             -0.4379726070717647              0.0138130617877121              0.7454116166955119              1.3999999999999999              1.3999999999999999
      0.102334817      0.44140625               0.0407879631449809             -0.3829787954156592              0.0124470589791483              0.7629125126268981              1.3999999999999999              1.3999999999999999
      0.102334817      0.44921875               0.0362990924727868             -0.3293692982349893              0.0113009428971544              0.7783213110373699              1.3999999999999999              1.3999999999999999
      0.102334817      0.45703125               0.0327012182439470             -0.2771450673286927              0.0103393989565468              0.7904444782007911              1.3999999999999999              1.3999999999999999
      0.102334817      0.46484375               0.0298527666126524             -0.2262698592051420              0.0095364993823352              0.7986277709260395              1.3999999999999999              1.3999999999999999
      0.102334817      0.47265625               0.0276471449217200             -0.1764602172170774              0.0088799394693225              0.8029707492821729              1.3999999999999999              1.3999999999999999
      0.102334817      0.48046875               0.0260249032176623             -0.1269255489138827              0.0083737979072779              0.8044024061533199              1.3999999999999999              1.3999999999999999
      0.102334817      0.48828125               0.0249576203284338             -0.0767825757497149              0.0080293764913828              0.8043010897792843              1.3999999999999999              1.3999999999999999
      0.102334817      0.49609375               0.0244287979971947             -0.0257336394377983              0.0078553741148303              0.8039050996013382              1.3999999999999999              1.3999999999999999
      0.102334817      0.50390625               0.0244287979971947              0.0257336394377983              0.0078553741148303              0.8039050996013382              1.3999999999999999              1.3999999999999999
      0.102334817      0.51171875               0.0249576203284338              0.0767825757497149              0.0080293764913828              0.8043010897792843              1.3999999999999999              1.3999999999999999
      0.102334817      0.51953125               0.0260249032176623              0.1269255489138827              0.0083737979072779              0.8044024061533199              1.3999999999999999              1.3999999999999999
      0.102334817      0.52734375               0.0276471449217200              0.1764602172170774              0.0088799394693225              0.8029707492821729              1.3999999999999999              1.3999999999999999
      0.102334817      0.53515625               0.0298527666126524              0.2262698592051420              0.0095364993823352              0.7986277709260395              1.3999999999999999              1.3999999999999999
      0.102334817      0.54296875               0.0327012182439470              0.2771450673286927              0.0103393989565468              0.7904444782007911              1.3999999999999999              1.3999999999999999
      0.102334817      0.55078125               0.0362990924727868              0.3293692982349893              0.0113009428971544              0.7783213110373699              1.3999999999999999              1.3999999999999999
      0.102334817      0.55859375               0.0407879631449809              0.3829787954156592              0.0124470589791483              0.7629125126268981              1.3999999999999999              1.3999999999999999
      0.102334817      0.56640625               0.0463269604280747              0.4379726070717647              0.0138130617877121              0.7454116166955119              1.3999999999999999              1.3999999999999999
      0.102334817      0.57421875               0.0530813974623030              0.4943110863512083              0.0154424732190912              0.7273015574833939              1.3999999999999999              1.3999999999999999
      0.102334817      0.58203125               0.0612110443304936              0.5519172802762005              0.0173851217930107              0.7100484064258149              1.3999999999999999              1.3999999999999999
      0.102334817      0.58984375               0.0708645857340012              0.6106540432534810              0.0196965050787376              0.6948641862054628              1.3999999999999999              1.3999999999999999
      0.102334817      0.59765625               0.0820717123447581              0.6702254903970684              0.0224331197925580              0.6833389712378414              1.3999999999999999              1.3999999999999999
      0.102334817      0.60546875               0.0947883487789718              0.7302821225511699              0.0256433657835413              0.6763322210448216              1.3999999999999999              1.3999999999999999
      0.102334817      0.61328125               0.1092305916301241              0.7906204972504098              0.0293845916289729              0.6725357610548068              1.3999999999999999              1.3999999999999999
      0.102334817      0.62109375               0.1255686760328183              0.8510081907614241              0.0337199203782884              0.6713441887663818              1.3999999999999999              1.3999999999999999
      0.102334817      0.62890625               0.1439390272293662              0.9112419373016448              0.0387149511152327              0.6724192851036254              1.3999999999999999              1.3999999999999999
      0.102334817      0.63671875               0.1644531853293832              0.9711493661747652              0.0444372827628159              0.6755308915697267              1.3999999999999999              1.3999999999999999
      0.102334817      0.64453125               0.1871982633678426              1.0305883587793725              0.0509558951871459              0.6805070499908715              1.3999999999999999              1.3999999999999999
      0.102334817      0.65234375               0.2122350837290926              1.0894443740574562              0.0583403748133258              0.6872140763469897              1.3999999999999999              1.3999999999999999
      0.102334817      0.66015625               0.2395963232955044              1.1476265655322104              0.0666599990956209              0.6955448875294953              1.3999999999999999              1.3999999999999999
      0.102334817      0.66796875               0.2692854576961750              1.2050632903979788              0.0759826723928460              0.7054100975494796              1.3999999999999999              1.3999999999999999
      0.102334817      0.67578125               0.3012767718216542              1.2616973780782121              0.0863736870932586              0.7167303885643475              1.3999999999999999              1.3999999999999999
      0.102334817      0.68359375               0.3355163950835851              1.3174813149465554              0.0978942530605960              0.7294297275413933              1.3999999999999999              1.3999999999999999
      0.102334817      0.69140625               0.3719240404795852              1.3723723375755845              0.1105996907138227              0.7434292938633896              1.3999999999999999              1.3999999999999999
      0.102334817      0.69921875               0.4103948307663879              1.4263272987157167              0.1245371128936028              0.7586420658676252              1.3999999999999999              1.3999999999999999
      0.102334817      0.70703125               0.4508002823409019              1.4792970598450097              0.1397423217880691              0.7749680249889127              1.3999999999999999              1.3999999999999999
      0.102334817      0.71484375               0.4929872026842819              1.5312200537501337              0.1562355124123216              0.7922898990157854              1.3999999999999999              1.3999999999999999
      0.102334817      0.72265625               0.5367729598390184              1.5820145364113198              0.1740151964809492              0.8104692742586057              1.3999999999999999              1.3999999999999999
      0.102334817      0.73046875               0.5819353262064795              1.6315689061316065              0.1930495380747714              0.8293427524550837              1.3999999999999999              1.3999999999999999
      0.102334817      0.73828125               0.6281949289921637              1.6797293302828560              0.2132640424907173              0.8487176219046560              1.3999999999999999              1.3999999999999999
      0.102334817      0.74609375               0.6751883755439779              1.7262838642164668              0.2345243339613033              0.8683663050787661              1.3999999999999999              1.3999999999999999
      0.102334817      0.75390625               0.7224306852153647              1.7709424792982738              0.2566128039073995              0.8880187717625134              1.3999999999999999              1.3999999999999999
      0.102334817      0.76171875               0.7692675273523070              1.8133134107921687              0.2791987141563083              0.9073524626642719              1.3999999999999999              1.3999999999999999
      0.102334817      0.76953125               0.8148225665650680              1.8528789462302206              0.3018039655959194              0.9259806305690318              1.3999999999999999              1.3999999999999999
      0.102334817      0.77734375               0.8579557197365343              1.8889797980372851              0.3237730447261464              0.9434433423486369              1.3999999999999999              1.3999999999999999
      0.102334817      0.78515625               0.8972672202539875              1.9208282368361673              0.3442677240741712              0.9592118053101286              1.3999999999999999              1.3999999999999999
      0.102334817      0.79296875               0.9312075041743543              1.9475849194800579              0.3623238204961093              0.9727257857993750              1.3999999999999999              1.3999999999999999
      0.102334817      0.80078125               0.9583620276923762              1.9685403730821616              0.3770154321865130              0.9834890711767926              1.3999999999999999              1.3999999999999999
      0.102334817      0.80859375               0.9779182957837598              1.9834065332165498              0.3877369407891122              0.9912304086671109              1.3999999999999999              1.3999999999999999
      0.102334817      0.81640625               0.9901407699183618              1.9926125459411079              0.3945019886448494              0.9960755092363700              1.3999999999999999              1.3999999999999999
      0.102334817      0.82421875               0.9964816956140655              1.9973667280662379              0.3980332146810744              0.9985964028064588              1.3999999999999999              1.3999999999999999
      0.102334817      0.83203125               0.9990675410873029              1.9993022689045665              0.3994781240165029              0.9996274215398487              1.3999999999999999              1.3999999999999999
      0.102334817      0.83984375               0.9998377642990739              1.9998786001854483              0.3999091602274368              0.9999351257445981              1.3999999999999999              1.3999999999999999
      0.102334817      0.84765625               0.9999861395538937              1.9999896279146208              0.3999922382940828              0.9999944561044725              1.3999999999999999              1.3999999999999999
      0.102334817      0.85546875               1.0000000000000000              2.0000000000000000              0.3999999999999999              1.0000000000000000              1.3999999999999999              1.3999999999999999
      0.102334817      0.86328125               1.0000000000000000              2.0000000000000000              0.3999999999999999              1.0000000000000000              1.3999999999999999              1.3999999999999999
      0.102334817      0.87109375               1.0000000000000000              2.0000000000000000              0.3999999999999999              1.0000000000000000              1.3999999999999999              1.3999999999999999
      0.102334817      0.87890625               1.0000000000000000              2.0000000000000000              0.3999999999999999              1.0000000000000000              1.3999999999999999              1.3999999999999999
      0.102334817      0.88671875               1.0000000000000000              2.0000000000000000              0.3999999999999999              1.0000000000000000              1.3999999999999999              1.3999999999999999
      0.102334817      0.89453125               1.0000000000000000              2.0000000000000000              0.3999999999999999              1.0000000000000000              1.3999999999999999              1.3999999999999999
      0.102334817      0.90234375               1.0000000000000000              2.0000000000000000              0.3999999999999999              1.0000000000000000              1.3999999999999999              1.3999999999999999
      0.102334817      0.91015625               1.0000000000000000              2.0000000000000000              0.3999999999999999              1.0000000000000000              1.3999999999999999              1.3999999999999999
      0.102334817      0.91796875               1.0000000000000000              2.0000000000000000              0.3999999999999999              1.0000000000000000              1.3999999999999999              1.3999999999999999
      0.102334817      0.92578125               1.0000000000000000              2.0000000000000000              0.3999999999999999              1.0000000000000000              1.3999999999999999              1.3999999999999999
      0.102334817      0.93359375               1.0000000000000000              2.0000000000000000              0.3999999999999999              1.0000000000000000              1.3999999999999999              1.3999999999999999
      0.102334817      0.94140625               1.0000000000000000              2.0000000000000000              0.3999999999999999              1.0000000000000000              1.3999999999999999              1.3999999999999999
      0.102334817      0.94921875               1.0000000000000000              2.0000000000000000              0.3999999999999999              1.0000000000000000              1.3999999999999999              1.3999999999999999
      0.102334817      0.95703125               1.0000000000000000              2.0000000000000000              0.3999999999999999              1.0000000000000000              1.3999999999999999              1.3999999999999999
      0.102334817      0.96484375               1.0000000000000000              2.0000000000000000              0.3999999999999999              1.0000000000000000              1.3999999999999999              1.3999999999999999
      0.102334817      0.97265625               1.0000000000000000              2.0000000000000000              0.3999999999999999              1.0000000000000000              1.3999999999999999              1.3999999999999999
      0.102334817      0.98046875               1.0000000000000000              2.0000000000000000              0.3999999999999999              1.0000000000000000              1.3999999999999999              1.3999999999999999
      0.102334817      0.98828125               1.0000000000000000              2.0000000000000000              0.3999999999999999              1.0000000000000000              1.3999999999999999              1.3999999999999999
      0.102334817      0.99609375               1.0000000000000000              2.0000000000000000              0.3999999999999999              1.0000000000000000              1.3999999999999999              1.3999999999999999
