      0.011777156      0.00390625              15.6625342131268059             -2.4262331369083556              6.1958759924252220              0.9889644785631889              1.3999999999999999              1.3999999999999999
      0.011777156      0.01171875              15.6625342131268059             -2.4262331369083556              6.1958759924252220              0.9889644785631889              1.3999999999999999              1.3999999999999999
      0.011777156      0.01953125              15.6625342131268059             -2.4262331369083556              6.1958759924252220              0.9889644785631889              1.3999999999999999              1.3999999999999999
      0.011777156      0.02734375              15.6625342131268059             -2.4262331369083556              6.1958759924252220              0.9889644785631889              1.3999999999999999              1.3999999999999999
      0.011777156      0.03515625              15.6625342131268059             -2.4262331369083556              6.1958759924252220              0.9889644785631889              1.3999999999999999              1.3999999999999999
      0.011777156      0.04296875              15.6625342131268059             -2.4262331369083556              6.1958759924252220              0.9889644785631889              1.3999999999999999              1.3999999999999999
      0.011777156      0.05078125              15.6625342131268059             -2.4262331369083556              6.1958759924252220              0.9889644785631889              1.3999999999999999              1.3999999999999999
      0.011777156      0.05859375              15.6625342131268059             -2.4262331369083556              6.1958759924252220              0.9889644785631889              1.3999999999999999              1.3999999999999999
      0.011777156      0.06640625              15.6625342131268059             -2.4262331369083556              6.1958759924252220              0.9889644785631889              1.3999999999999999              1.3999999999999999
      0.011777156      0.07421875              15.6625342131268059             -2.4262331369083556              6.1958759924252220              0.9889644785631889              1.3999999999999999              1.3999999999999999
      0.011777156      0.08203125              15.6625342131268059             -2.4262331369083556              6.1958759924252220              0.9889644785631889              1.3999999999999999              1.3999999999999999
      0.011777156      0.08984375              15.6625342131268059             -2.4262331369083556              6.1958759924252220              0.9889644785631889              1.3999999999999999              1.3999999999999999
      0.011777156      0.09765625              15.6625342131268059             -2.4262331369083556              6.1958759924252220              0.9889644785631889              1.3999999999999999              1.3999999999999999
      0.011777156      0.10546875              15.6625342131268059             -2.4262331369083556              6.1958759924252220              0.9889644785631889              1.3999999999999999              1.3999999999999999
      0.011777156      0.11328125              15.6625342131268059             -2.4262331369083556              6.1958759924252220              0.9889644785631889              1.3999999999999999              1.3999999999999999
      0.011777156      0.12109375              15.6625342131268059             -2.4262331369083556              6.1958759924252220              0.9889644785631889              1.3999999999999999              1.3999999999999999
      0.011777156      0.12890625              15.6625342131268059             -2.4262331369083556              6.1958759924252220              0.9889644785631889              1.3999999999999999              1.3999999999999999
      0.011777156      0.13671875              15.6625342131268059             -2.4262331369083556              6.1958759924252220              0.9889644785631889              1.3999999999999999              1.3999999999999999
      0.011777156      0.14453125              15.6625342131268059             -2.4262331369083556              6.1958759924252220              0.9889644785631889              1.3999999999999999              1.3999999999999999
      0.011777156      0.15234375              15.6625342131268059             -2.4262331369083556              6.1958759924252220              0.9889644785631889              1.3999999999999999              1.3999999999999999
      0.011777156      0.16015625              15.6625342131268059             -2.4262331369083556              6.1958759924252220              0.9889644785631889              1.3999999999999999              1.3999999999999999
      0.011777156      0.16796875              15.6625342131268059             -2.4262331369083556              6.1958759924252220              0.9889644785631889              1.3999999999999999              1.3999999999999999
      0.011777156      0.17578125              15.6625342131268059             -2.4262331369083556              6.1958759924252220              0.9889644785631889              1.3999999999999999              1.3999999999999999
      0.011777156      0.18359375              15.6625342131268059             -2.4262331369083556              6.1958759924252220              0.9889644785631889              1.3999999999999999              1.3999999999999999
      0.011777156      0.19140625              15.6625342131268059             -2.4262331369083556              6.1958759924252220              0.9889644785631889              1.3999999999999999              1.3999999999999999
      0.011777156      0.19921875              15.6625342131268059             -2.4262331369083556              6.1958759924252220              0.9889644785631889              1.3999999999999999              1.3999999999999999
      0.011777156      0.20703125              15.6625342131268059             -2.4262331369083556              6.1958759924252220              0.9889644785631889              1.3999999999999999              1.3999999999999999
      0.011777156      0.21484375              15.6625342131268059             -2.4262331369083556              6.1958759924252220              0.9889644785631889              1.3999999999999999              1.3999999999999999
      0.011777156      0.22265625              15.6625342131268059             -2.4262331369083556              6.1958759924252220              0.9889644785631889              1.3999999999999999              1.3999999999999999
      0.011777156      0.23046875              15.6625342131268059             -2.4262331369083556              6.1958759924252220              0.9889644785631889              1.3999999999999999              1.3999999999999999
      0.011777156      0.23828125              15.6625342131268059             -2.4262331369083556              6.1958759924252220              0.9889644785631889              1.3999999999999999              1.3999999999999999
      0.011777156      0.24609375              15.6625342131268059             -2.4262331369083556              6.1958759924252220              0.9889644785631889              1.3999999999999999              1.3999999999999999
      0.011777156      0.25390625              15.6625342131268059             -2.4262331369083556              6.1958759924252220              0.9889644785631889              1.3999999999999999              1.3999999999999999
      0.011777156      0.26171875              15.6625342131268059             -2.4262331369083556              6.1958759924252220              0.9889644785631889              1.3999999999999999              1.3999999999999999
      0.011777156      0.26953125              15.6625342131268059             -2.4262331369083556              6.1958759924252220              0.9889644785631889              1.3999999999999999              1.3999999999999999
      0.011777156      0.27734375              15.6625342131268059             -2.4262331369083556              6.1958759924252220              0.9889644785631889              1.3999999999999999              1.3999999999999999
      0.011777156      0.28515625              15.6625342131268059             -2.4262331369083556              6.1958759924252220              0.9889644785631889              1.3999999999999999              1.3999999999999999
      0.011777156      0.29296875              15.6625342131268059             -2.4262331369083556              6.1958759924252220              0.9889644785631889              1.3999999999999999              1.3999999999999999
      0.011777156      0.30078125              15.6625342131268059             -2.4262331369083556              6.1958759924252220              0.9889644785631889              1.3999999999999999              1.3999999999999999
      0.011777156      0.30859375              15.6625342131268059             -2.4262331369083556              6.1958759924252220              0.9889644785631889              1.3999999999999999              1.3999999999999999
      0.011777156      0.31640625              15.6625342131268059             -2.4262331369083556              6.1958759924252220              0.9889644785631889              1.3999999999999999              1.3999999999999999
      0.011777156      0.32421875              15.6625342131268059             -2.4262331369083556              6.1958759924252220              0.9889644785631889              1.3999999999999999              1.3999999999999999
      0.011777156      0.33203125              15.6625342131268059             -2.4262331369083556              6.1958759924252220              0.9889644785631889              1.3999999999999999              1.3999999999999999
      0.011777156      0.33984375              15.6625342131268059             -2.4262331369083556              6.1958759924252220              0.9889644785631889              1.3999999999999999              1.3999999999999999
      0.011777156      0.34765625              15.6625342131268059             -2.4262331369083556              6.1958759924252220              0.9889644785631889              1.3999999999999999              1.3999999999999999
      0.011777156      0.35546875              15.6625342131268059             -2.4262331369083556              6.1958759924252220              0.9889644785631889              1.3999999999999999              1.3999999999999999
      0.011777156      0.36328125              15.6625342131268059             -2.4262331369083556              6.1958759924252220              0.9889644785631889              1.3999999999999999              1.3999999999999999
      0.011777156      0.37109375              15.6625342131268059             -2.4262331369083556              6.1958759924252220              0.9889644785631889              1.3999999999999999              1.3999999999999999
      0.011777156      0.37890625              15.6625342131268059             -2.4262331369083556              6.1958759924252220              0.9889644785631889              1.3999999999999999              1.3999999999999999
      0.011777156      0.38671875              15.6625342131268059             -2.4262331369083556              6.1958759924252220              0.9889644785631889              1.3999999999999999              1.3999999999999999
      0.011777156      0.39453125              15.6625342131268059             -2.4262331369083556              6.1958759924252220              0.9889644785631889              1.3999999999999999              1.3999999999999999
      0.011777156      0.40234375              15.6625342131268059             -2.4262331369083556              6.1958759924252220              0.9889644785631889              1.3999999999999999              1.3999999999999999
      0.011777156      0.41015625              15.6625342131268059             -2.4262331369083556              6.1958759924252220              0.9889644785631889              1.3999999999999999              1.3999999999999999
      0.011777156      0.41796875              15.6625342131268059             -2.4262331369083556              6.1958759924252220              0.9889644785631889              1.3999999999999999              1.3999999999999999
      0.011777156      0.42578125              15.6625342131268059             -2.4262331369083556              6.1958759924252220              0.9889644785631889              1.3999999999999999              1.3999999999999999
      0.011777156      0.43359375              15.6625342131268059             -2.4262331369083556              6.1958759924252220              0.9889644785631889              1.3999999999999999              1.3999999999999999
      0.011777156      0.44140625              15.6625342131268059             -2.4262331369083556              6.1958759924252220              0.9889644785631889              1.3999999999999999              1.3999999999999999
      0.011777156      0.44921875              15.6625342131268059             -2.4262331369083556              6.1958759924252220              0.9889644785631889              1.3999999999999999              1.3999999999999999
      0.011777156      0.45703125              15.6625342131268059             -2.4262331369083556              6.1958759924252220              0.9889644785631889              1.3999999999999999              1.3999999999999999
      0.011777156      0.46484375              15.6625342131268059             -2.4262331369083556              6.1958759924252220              0.9889644785631889              1.3999999999999999              1.3999999999999999
      0.011777156      0.47265625              15.6625342131268059             -2.4262331369083556              6.1958759924252220              0.9889644785631889              1.3999999999999999              1.3999999999999999
      0.011777156      0.48046875              15.6625342131268059             -2.4262331369083556              6.1958759924252220              0.9889644785631889              1.3999999999999999              1.3999999999999999
      0.011777156      0.48828125              15.6625342131268059             -2.4262331369083556              6.1958759924252220              0.9889644785631889              1.3999999999999999              1.3999999999999999
      0.011777156      0.49609375              15.6625342131268059             -2.4262331369083556              6.1958759924252220              0.9889644785631889              1.3999999999999999              1.3999999999999999
      0.011777156      0.50390625               0.0537452264067632              1.0633687808930536              0.0197755899815516              0.9198765780556420              1.3999999999999999              1.3999999999999999
      0.011777156      0.51171875               0.0537452264067632              1.0633687808930536              0.0197755899815516              0.9198765780556420              1.3999999999999999              1.3999999999999999
      0.011777156      0.51953125               0.0537452264067632              1.0633687808930536              0.0197755899815516              0.9198765780556420              1.3999999999999999              1.3999999999999999
      0.011777156      0.52734375               0.0537452264067632              1.0633687808930536              0.0197755899815516              0.9198765780556420              1.3999999999999999              1.3999999999999999
      0.011777156      0.53515625               0.0537452264067632              1.0633687808930536              0.0197755899815516              0.9198765780556420              1.3999999999999999              1.3999999999999999
      0.011777156      0.54296875               0.0537452264067632              1.0633687808930536              0.0197755899815516              0.9198765780556420              1.3999999999999999              1.3999999999999999
      0.011777156      0.55078125               0.0537452264067632              1.0633687808930536              0.0197755899815516              0.9198765780556420              1.3999999999999999              1.3999999999999999
      0.011777156      0.55859375               0.0537452264067632              1.0633687808930536              0.0197755899815516              0.9198765780556420              1.3999999999999999              1.3999999999999999
      0.011777156      0.56640625               0.0537452264067632              1.0633687808930536              0.0197755899815516              0.9198765780556420              1.3999999999999999              1.3999999999999999
      0.011777156      0.57421875               0.0537452264067632              1.0633687808930536              0.0197755899815516              0.9198765780556420              1.3999999999999999              1.3999999999999999
      0.011777156      0.58203125               0.0537452264067632              1.0633687808930536              0.0197755899815516              0.9198765780556420              1.3999999999999999              1.3999999999999999
      0.011777156      0.58984375               0.0537452264067632              1.0633687808930536              0.0197755899815516              0.9198765780556420              1.3999999999999999              1.3999999999999999
      0.011777156      0.59765625               0.0537452264067632              1.0633687808930536              0.0197755899815516              0.9198765780556420              1.3999999999999999              1.3999999999999999
      0.011777156      0.60546875               0.0537452264067632              1.0633687808930536              0.0197755899815516              0.9198765780556420              1.3999999999999999              1.3999999999999999
      0.011777156      0.61328125               0.0537452264067632              1.0633687808930536              0.0197755899815516              0.9198765780556420              1.3999999999999999              1.3999999999999999
      0.011777156      0.62109375               0.0537452264067632              1.0633687808930536              0.0197755899815516              0.9198765780556420              1.3999999999999999              1.3999999999999999
      0.011777156      0.62890625               0.0537452264067632              1.0633687808930536              0.0197755899815516              0.9198765780556420              1.3999999999999999              1.3999999999999999
      0.011777156      0.63671875               0.0537452264067632              1.0633687808930536              0.0197755899815516              0.9198765780556420              1.3999999999999999              1.3999999999999999
      0.011777156      0.64453125               0.0537452264067632              1.0633687808930536              0.0197755899815516              0.9198765780556420              1.3999999999999999              1.3999999999999999
      0.011777156      0.65234375               0.0537452264067632              1.0633687808930536              0.0197755899815516              0.9198765780556420              1.3999999999999999              1.3999999999999999
      0.011777156      0.66015625               0.0537452264067632              1.0633687808930536              0.0197755899815516              0.9198765780556420              1.3999999999999999              1.3999999999999999
      0.011777156      0.66796875               0.0537452264067632              1.0633687808930536              0.0197755899815516              0.9198765780556420              1.3999999999999999              1.3999999999999999
      0.011777156      0.67578125               0.0537452264067632              1.0633687808930536              0.0197755899815516              0.9198765780556420              1.3999999999999999              1.3999999999999999
      0.011777156      0.68359375               0.0537452264067632              1.0633687808930536              0.0197755899815516              0.9198765780556420              1.3999999999999999              1.3999999999999999
      0.011777156      0.69140625               0.0537452264067632              1.0633687808930536              0.0197755899815516              0.9198765780556420              1.3999999999999999              1.3999999999999999
      0.011777156      0.69921875               0.0537452264067632              1.0633687808930536              0.0197755899815516              0.9198765780556420              1.3999999999999999              1.3999999999999999
      0.011777156      0.70703125               0.0537452264067632              1.0633687808930536              0.0197755899815516              0.9198765780556420              1.3999999999999999              1.3999999999999999
      0.011777156      0.71484375               0.0537452264067632              1.0633687808930536              0.0197755899815516              0.9198765780556420              1.3999999999999999              1.3999999999999999
      0.011777156      0.72265625               0.0537452264067632              1.0633687808930536              0.0197755899815516              0.9198765780556420              1.3999999999999999              1.3999999999999999
      0.011777156      0.73046875               0.0537452264067632              1.0633687808930536              0.0197755899815516              0.9198765780556420              1.3999999999999999              1.3999999999999999
      0.011777156      0.73828125               0.0537452264067632              1.0633687808930536              0.0197755899815516              0.9198765780556420              1.3999999999999999              1.3999999999999999
      0.011777156      0.74609375               0.0537452264067632              1.0633687808930536              0.0197755899815516              0.9198765780556420              1.3999999999999999              1.3999999999999999
      0.011777156      0.75390625               0.0537452264067632              1.0633687808930536              0.0197755899815516              0.9198765780556420              1.3999999999999999              1.3999999999999999
      0.011777156      0.76171875               0.0537452264067632              1.0633687808930536              0.0197755899815516              0.9198765780556420              1.3999999999999999              1.3999999999999999
      0.011777156      0.76953125               0.0537452264067632              1.0633687808930536              0.0197755899815516              0.9198765780556420              1.3999999999999999              1.3999999999999999
      0.011777156      0.77734375               0.0537452264067632              1.0633687808930536              0.0197755899815516              0.9198765780556420              1.3999999999999999              1.3999999999999999
      0.011777156      0.78515625               0.0537452264067632              1.0633687808930536              0.0197755899815516              0.9198765780556420              1.3999999999999999              1.3999999999999999
      0.011777156      0.79296875               0.0537452264067632              1.0633687808930536              0.0197755899815516              0.9198765780556420              1.3999999999999999              1.3999999999999999
      0.011777156      0.80078125               0.0537452264067632              1.0633687808930536              0.0197755899815516              0.9198765780556420              1.3999999999999999              1.3999999999999999
      0.011777156      0.80859375               0.0537452264067632              1.0633687808930536              0.0197755899815516              0.9198765780556420              1.3999999999999999              1.3999999999999999
      0.011777156      0.81640625               0.0537452264067632              1.0633687808930536              0.0197755899815516              0.9198765780556420              1.3999999999999999              1.3999999999999999
      0.011777156      0.82421875               0.0537452264067632              1.0633687808930536              0.0197755899815516              0.9198765780556420              1.3999999999999999              1.3999999999999999
      0.011777156      0.83203125               0.0537452264067632              1.0633687808930536              0.0197755899815516              0.9198765780556420              1.3999999999999999              1.3999999999999999
      0.011777156      0.83984375               0.0537452264067632              1.0633687808930536              0.0197755899815516              0.9198765780556420              1.3999999999999999              1.3999999999999999
      0.011777156      0.84765625               0.0537452264067632              1.0633687808930536              0.0197755899815516              0.9198765780556420              1.3999999999999999              1.3999999999999999
      0.011777156      0.85546875               0.0537452264067632              1.0633687808930536              0.0197755899815516              0.9198765780556420              1.3999999999999999              1.3999999999999999
      0.011777156      0.86328125               0.0537452264067632              1.0633687808930536              0.0197755899815516              0.9198765780556420              1.3999999999999999              1.3999999999999999
      0.011777156      0.87109375               0.0537452264067632              1.0633687808930536              0.0197755899815516              0.9198765780556420              1.3999999999999999              1.3999999999999999
      0.011777156      0.87890625               0.0537452264067632              1.0633687808930536              0.0197755899815516              0.9198765780556420              1.3999999999999999              1.3999999999999999
      0.011777156      0.88671875               0.0537452264067632              1.0633687808930536              0.0197755899815516              0.9198765780556420              1.3999999999999999              1.3999999999999999
      0.011777156      0.89453125               0.0537452264067632              1.0633687808930536              0.0197755899815516              0.9198765780556420              1.3999999999999999              1.3999999999999999
      0.011777156      0.90234375               0.0537452264067632              1.0633687808930536              0.0197755899815516              0.9198765780556420              1.3999999999999999              1.3999999999999999
      0.011777156      0.91015625               0.0537452264067632              1.0633687808930536              0.0197755899815516              0.9198765780556420              1.3999999999999999              1.3999999999999999
      0.011777156      0.91796875               0.0537452264067632              1.0633687808930536              0.0197755899815516              0.9198765780556420              1.3999999999999999              1.3999999999999999
      0.011777156      0.92578125               0.0537452264067632              1.0633687808930536              0.0197755899815516              0.9198765780556420              1.3999999999999999              1.3999999999999999
      0.011777156      0.93359375               0.0537452264067632              1.0633687808930536              0.0197755899815516              0.9198765780556420              1.3999999999999999              1.3999999999999999
      0.011777156      0.94140625               0.0537452264067632              1.0633687808930536              0.0197755899815516              0.9198765780556420              1.3999999999999999              1.3999999999999999
      0.011777156      0.94921875               0.0537452264067632              1.0633687808930536              0.0197755899815516              0.9198765780556420              1.3999999999999999              1.3999999999999999
      0.011777156      0.95703125               0.0537452264067632              1.0633687808930536              0.0197755899815516              0.9198765780556420              1.3999999999999999              1.3999999999999999
      0.011777156      0.96484375               0.0537452264067632              1.0633687808930536              0.0197755899815516              0.9198765780556420              1.3999999999999999              1.3999999999999999
      0.011777156      0.97265625               0.0537452264067632              1.0633687808930536              0.0197755899815516              0.9198765780556420              1.3999999999999999              1.3999999999999999
      0.011777156      0.98046875               0.0537452264067632              1.0633687808930536              0.0197755899815516              0.9198765780556420              1.3999999999999999              1.3999999999999999
      0.011777156      0.98828125               0.0537452264067632              1.0633687808930536              0.0197755899815516              0.9198765780556420              1.3999999999999999              1.3999999999999999
      0.011777156      0.99609375               0.0537452264067632              1.0633687808930536              0.0197755899815516              0.9198765780556420              1.3999999999999999              1.3999999999999999
