      0.009620710      0.00390625               8.5599721002010458             -2.3326106967002493              3.3900355383388168              0.9900836996475715              1.3999999999999999              1.3999999999999999
      0.009620710      0.01171875               8.5599721002010458             -2.3326106967002493              3.3900355383388168              0.9900836996475715              1.3999999999999999              1.3999999999999999
      0.009620710      0.01953125               8.5599721002010458             -2.3326106967002493              3.3900355383388168              0.9900836996475715              1.3999999999999999              1.3999999999999999
      0.009620710      0.02734375               8.5599721002010458             -2.3326106967002493              3.3900355383388168              0.9900836996475715              1.3999999999999999              1.3999999999999999
      0.009620710      0.03515625               8.5599721002010458             -2.3326106967002493              3.3900355383388168              0.9900836996475715              1.3999999999999999              1.3999999999999999
      0.009620710      0.04296875               8.5599721002010458             -2.3326106967002493              3.3900355383388168              0.9900836996475715              1.3999999999999999              1.3999999999999999
      0.009620710      0.05078125               8.5599721002010458             -2.3326106967002493              3.3900355383388168              0.9900836996475715              1.3999999999999999              1.3999999999999999
      0.009620710      0.05859375               8.5599721002010458             -2.3326106967002493              3.3900355383388168              0.9900836996475715              1.3999999999999999              1.3999999999999999
      0.009620710      0.06640625               8.5599721002010458             -2.3326106967002493              3.3900355383388168              0.9900836996475715              1.3999999999999999              1.3999999999999999
      0.009620710      0.07421875               8.5599721002010458             -2.3326106967002493              3.3900355383388168              0.9900836996475715              1.3999999999999999              1.3999999999999999
      0.009620710      0.08203125               8.5599721002010458             -2.3326106967002493              3.3900355383388168              0.9900836996475715              1.3999999999999999              1.3999999999999999
      0.009620710      0.08984375               8.5599721002010458             -2.3326106967002493              3.3900355383388168              0.9900836996475715              1.3999999999999999              1.3999999999999999
      0.009620710      0.09765625               8.5599721002010458             -2.3326106967002493              3.3900355383388168              0.9900836996475715              1.3999999999999999              1.3999999999999999
      0.009620710      0.10546875               8.5599721002010458             -2.3326106967002493              3.3900355383388168              0.9900836996475715              1.3999999999999999              1.3999999999999999
      0.009620710      0.11328125               8.5599721002010458             -2.3326106967002493              3.3900355383388168              0.9900836996475715              1.3999999999999999              1.3999999999999999
      0.009620710      0.12109375               8.5599721002010458             -2.3326106967002493              3.3900355383388168              0.9900836996475715              1.3999999999999999              1.3999999999999999
      0.009620710      0.12890625               8.5599721002010458             -2.3326106967002493              3.3900355383388168              0.9900836996475715              1.3999999999999999              1.3999999999999999
      0.009620710      0.13671875               8.5599721002010458             -2.3326106967002493              3.3900355383388168              0.9900836996475715              1.3999999999999999              1.3999999999999999
      0.009620710      0.14453125               8.5599721002010458             -2.3326106967002493              3.3900355383388168              0.9900836996475715              1.3999999999999999              1.3999999999999999
      0.009620710      0.15234375               8.5599721002010458             -2.3326106967002493              3.3900355383388168              0.9900836996475715              1.3999999999999999              1.3999999999999999
      0.009620710      0.16015625               8.5599721002010458             -2.3326106967002493              3.3900355383388168              0.9900836996475715              1.3999999999999999              1.3999999999999999
      0.009620710      0.16796875               8.5599721002010458             -2.3326106967002493              3.3900355383388168              0.9900836996475715              1.3999999999999999              1.3999999999999999
      0.009620710      0.17578125               8.5599721002010458             -2.3326106967002493              3.3900355383388168              0.9900836996475715              1.3999999999999999              1.3999999999999999
      0.009620710      0.18359375               8.5599721002010458             -2.3326106967002493              3.3900355383388168              0.9900836996475715              1.3999999999999999              1.3999999999999999
      0.009620710      0.19140625               8.5599721002010458             -2.3326106967002493              3.3900355383388168              0.9900836996475715              1.3999999999999999              1.3999999999999999
      0.009620710      0.19921875               8.5599721002010458             -2.3326106967002493              3.3900355383388168              0.9900836996475715              1.3999999999999999              1.3999999999999999
      0.009620710      0.20703125               8.5599721002010458             -2.3326106967002493              3.3900355383388168              0.9900836996475715              1.3999999999999999              1.3999999999999999
      0.009620710      0.21484375               8.5599721002010458             -2.3326106967002493              3.3900355383388168              0.9900836996475715              1.3999999999999999              1.3999999999999999
      0.009620710      0.22265625               8.5599721002010458             -2.3326106967002493              3.3900355383388168              0.9900836996475715              1.3999999999999999              1.3999999999999999
      0.009620710      0.23046875               8.5599721002010458             -2.3326106967002493              3.3900355383388168              0.9900836996475715              1.3999999999999999              1.3999999999999999
      0.009620710      0.23828125               8.5599721002010458             -2.3326106967002493              3.3900355383388168              0.9900836996475715              1.3999999999999999              1.3999999999999999
      0.009620710      0.24609375               8.5599721002010458             -2.3326106967002493              3.3900355383388168              0.9900836996475715              1.3999999999999999              1.3999999999999999
      0.009620710      0.25390625               8.5599721002010458             -2.3326106967002493              3.3900355383388168              0.9900836996475715              1.3999999999999999              1.3999999999999999
      0.009620710      0.26171875               8.5599721002010458             -2.3326106967002493              3.3900355383388168              0.9900836996475715              1.3999999999999999              1.3999999999999999
      0.009620710      0.26953125               8.5599721002010458             -2.3326106967002493              3.3900355383388168              0.9900836996475715              1.3999999999999999              1.3999999999999999
      0.009620710      0.27734375               8.5599721002010458             -2.3326106967002493              3.3900355383388168              0.9900836996475715              1.3999999999999999              1.3999999999999999
      0.009620710      0.28515625               8.5599721002010458             -2.3326106967002493              3.3900355383388168              0.9900836996475715              1.3999999999999999              1.3999999999999999
      0.009620710      0.29296875               8.5599721002010458             -2.3326106967002493              3.3900355383388168              0.9900836996475715              1.3999999999999999              1.3999999999999999
      0.009620710      0.30078125               8.5599721002010458             -2.3326106967002493              3.3900355383388168              0.9900836996475715              1.3999999999999999              1.3999999999999999
      0.009620710      0.30859375               8.5599721002010458             -2.3326106967002493              3.3900355383388168              0.9900836996475715              1.3999999999999999              1.3999999999999999
      0.009620710      0.31640625               8.5599721002010458             -2.3326106967002493              3.3900355383388168              0.9900836996475715              1.3999999999999999              1.3999999999999999
      0.009620710      0.32421875               8.5599721002010458             -2.3326106967002493              3.3900355383388168              0.9900836996475715              1.3999999999999999              1.3999999999999999
      0.009620710      0.33203125               8.5599721002010458             -2.3326106967002493              3.3900355383388168              0.9900836996475715              1.3999999999999999              1.3999999999999999
      0.009620710      0.33984375               8.5599721002010458             -2.3326106967002493              3.3900355383388168              0.9900836996475715              1.3999999999999999              1.3999999999999999
      0.009620710      0.34765625               8.5599721002010458             -2.3326106967002493              3.3900355383388168              0.9900836996475715              1.3999999999999999              1.3999999999999999
      0.009620710      0.35546875               8.5599721002010458             -2.3326106967002493              3.3900355383388168              0.9900836996475715              1.3999999999999999              1.3999999999999999
      0.009620710      0.36328125               8.5599721002010458             -2.3326106967002493              3.3900355383388168              0.9900836996475715              1.3999999999999999              1.3999999999999999
      0.009620710      0.37109375               8.5599721002010458             -2.3326106967002493              3.3900355383388168              0.9900836996475715              1.3999999999999999              1.3999999999999999
      0.009620710      0.37890625               8.5599721002010458             -2.3326106967002493              3.3900355383388168              0.9900836996475715              1.3999999999999999              1.3999999999999999
      0.009620710      0.38671875               8.5599721002010458             -2.3326106967002493              3.3900355383388168              0.9900836996475715              1.3999999999999999              1.3999999999999999
      0.009620710      0.39453125               8.5599721002010458             -2.3326106967002493              3.3900355383388168              0.9900836996475715              1.3999999999999999              1.3999999999999999
      0.009620710      0.40234375               8.5599721002010458             -2.3326106967002493              3.3900355383388168              0.9900836996475715              1.3999999999999999              1.3999999999999999
      0.009620710      0.41015625               8.5599721002010458             -2.3326106967002493              3.3900355383388168              0.9900836996475715              1.3999999999999999              1.3999999999999999
      0.009620710      0.41796875               8.5599721002010458             -2.3326106967002493              3.3900355383388168              0.9900836996475715              1.3999999999999999              1.3999999999999999
      0.009620710      0.42578125               8.5599721002010458             -2.3326106967002493              3.3900355383388168              0.9900836996475715              1.3999999999999999              1.3999999999999999
      0.009620710      0.43359375               8.5599721002010458             -2.3326106967002493              3.3900355383388168              0.9900836996475715              1.3999999999999999              1.3999999999999999
      0.009620710      0.44140625               8.5599721002010458             -2.3326106967002493              3.3900355383388168              0.9900836996475715              1.3999999999999999              1.3999999999999999
      0.009620710      0.44921875               8.5599721002010458             -2.3326106967002493              3.3900355383388168              0.9900836996475715              1.3999999999999999              1.3999999999999999
      0.009620710      0.45703125               8.5599721002010458             -2.3326106967002493              3.3900355383388168              0.9900836996475715              1.3999999999999999              1.3999999999999999
      0.009620710      0.46484375               8.5599721002010458             -2.3326106967002493              3.3900355383388168              0.9900836996475715              1.3999999999999999              1.3999999999999999
      0.009620710      0.47265625               8.5599721002010458             -2.3326106967002493              3.3900355383388168              0.9900836996475715              1.3999999999999999              1.3999999999999999
      0.009620710      0.48046875               8.5599721002010458             -2.3326106967002493              3.3900355383388168              0.9900836996475715              1.3999999999999999              1.3999999999999999
      0.009620710      0.48828125               8.5599721002010458             -2.3326106967002493              3.3900355383388168              0.9900836996475715              1.3999999999999999              1.3999999999999999
      0.009620710      0.49609375               8.5599721002010458             -2.3326106967002493              3.3900355383388168              0.9900836996475715              1.3999999999999999              1.3999999999999999
      0.009620710      0.50390625               0.0744616195515657              1.1739982438835250              0.0274453517641144              0.9214596704114164              1.3999999999999999              1.3999999999999999
      0.009620710      0.51171875               0.0744616195515657              1.1739982438835250              0.0274453517641144              0.9214596704114164              1.3999999999999999              1.3999999999999999
      0.009620710      0.51953125               0.0744616195515657              1.1739982438835250              0.0274453517641144              0.9214596704114164              1.3999999999999999              1.3999999999999999
      0.009620710      0.52734375               0.0744616195515657              1.1739982438835250              0.0274453517641144              0.9214596704114164              1.3999999999999999              1.3999999999999999
      0.009620710      0.53515625               0.0744616195515657              1.1739982438835250              0.0274453517641144              0.9214596704114164              1.3999999999999999              1.3999999999999999
      0.009620710      0.54296875               0.0744616195515657              1.1739982438835250              0.0274453517641144              0.9214596704114164              1.3999999999999999              1.3999999999999999
      0.009620710      0.55078125               0.0744616195515657              1.1739982438835250              0.0274453517641144              0.9214596704114164              1.3999999999999999              1.3999999999999999
      0.009620710      0.55859375               0.0744616195515657              1.1739982438835250              0.0274453517641144              0.9214596704114164              1.3999999999999999              1.3999999999999999
      0.009620710      0.56640625               0.0744616195515657              1.1739982438835250              0.0274453517641144              0.9214596704114164              1.3999999999999999              1.3999999999999999
      0.009620710      0.57421875               0.0744616195515657              1.1739982438835250              0.0274453517641144              0.9214596704114164              1.3999999999999999              1.3999999999999999
      0.009620710      0.58203125               0.0744616195515657              1.1739982438835250              0.0274453517641144              0.9214596704114164              1.3999999999999999              1.3999999999999999
      0.009620710      0.58984375               0.0744616195515657              1.1739982438835250              0.0274453517641144              0.9214596704114164              1.3999999999999999              1.3999999999999999
      0.009620710      0.59765625               0.0744616195515657              1.1739982438835250              0.0274453517641144              0.9214596704114164              1.3999999999999999              1.3999999999999999
      0.009620710      0.60546875               0.0744616195515657              1.1739982438835250              0.0274453517641144              0.9214596704114164              1.3999999999999999              1.3999999999999999
      0.009620710      0.61328125               0.0744616195515657              1.1739982438835250              0.0274453517641144              0.9214596704114164              1.3999999999999999              1.3999999999999999
      0.009620710      0.62109375               0.0744616195515657              1.1739982438835250              0.0274453517641144              0.9214596704114164              1.3999999999999999              1.3999999999999999
      0.009620710      0.62890625               0.0744616195515657              1.1739982438835250              0.0274453517641144              0.9214596704114164              1.3999999999999999              1.3999999999999999
      0.009620710      0.63671875               0.0744616195515657              1.1739982438835250              0.0274453517641144              0.9214596704114164              1.3999999999999999              1.3999999999999999
      0.009620710      0.64453125               0.0744616195515657              1.1739982438835250              0.0274453517641144              0.9214596704114164              1.3999999999999999              1.3999999999999999
      0.009620710      0.65234375               0.0744616195515657              1.1739982438835250              0.0274453517641144              0.9214596704114164              1.3999999999999999              1.3999999999999999
      0.009620710      0.66015625               0.0744616195515657              1.1739982438835250              0.0274453517641144              0.9214596704114164              1.3999999999999999              1.3999999999999999
      0.009620710      0.66796875               0.0744616195515657              1.1739982438835250              0.0274453517641144              0.9214596704114164              1.3999999999999999              1.3999999999999999
      0.009620710      0.67578125               0.0744616195515657              1.1739982438835250              0.0274453517641144              0.9214596704114164              1.3999999999999999              1.3999999999999999
      0.009620710      0.68359375               0.0744616195515657              1.1739982438835250              0.0274453517641144              0.9214596704114164              1.3999999999999999              1.3999999999999999
      0.009620710      0.69140625               0.0744616195515657              1.1739982438835250              0.0274453517641144              0.9214596704114164              1.3999999999999999              1.3999999999999999
      0.009620710      0.69921875               0.0744616195515657              1.1739982438835250              0.0274453517641144              0.9214596704114164              1.3999999999999999              1.3999999999999999
      0.009620710      0.70703125               0.0744616195515657              1.1739982438835250              0.0274453517641144              0.9214596704114164              1.3999999999999999              1.3999999999999999
      0.009620710      0.71484375               0.0744616195515657              1.1739982438835250              0.0274453517641144              0.9214596704114164              1.3999999999999999              1.3999999999999999
      0.009620710      0.72265625               0.0744616195515657              1.1739982438835250              0.0274453517641144              0.9214596704114164              1.3999999999999999              1.3999999999999999
      0.009620710      0.73046875               0.0744616195515657              1.1739982438835250              0.0274453517641144              0.9214596704114164              1.3999999999999999              1.3999999999999999
      0.009620710      0.73828125               0.0744616195515657              1.1739982438835250              0.0274453517641144              0.9214596704114164              1.3999999999999999              1.3999999999999999
      0.009620710      0.74609375               0.0744616195515657              1.1739982438835250              0.0274453517641144              0.9214596704114164              1.3999999999999999              1.3999999999999999
      0.009620710      0.75390625               0.0744616195515657              1.1739982438835250              0.0274453517641144              0.9214596704114164              1.3999999999999999              1.3999999999999999
      0.009620710      0.76171875               0.0744616195515657              1.1739982438835250              0.0274453517641144              0.9214596704114164              1.3999999999999999              1.3999999999999999
      0.009620710      0.76953125               0.0744616195515657              1.1739982438835250              0.0274453517641144              0.9214596704114164              1.3999999999999999              1.3999999999999999
      0.009620710      0.77734375               0.0744616195515657              1.1739982438835250              0.0274453517641144              0.9214596704114164              1.3999999999999999              1.3999999999999999
      0.009620710      0.78515625               0.0744616195515657              1.1739982438835250              0.0274453517641144              0.9214596704114164              1.3999999999999999              1.3999999999999999
      0.009620710      0.79296875               0.0744616195515657              1.1739982438835250              0.0274453517641144              0.9214596704114164              1.3999999999999999              1.3999999999999999
      0.009620710      0.80078125               0.0744616195515657              1.1739982438835250              0.0274453517641144              0.9214596704114164              1.3999999999999999              1.3999999999999999
      0.009620710      0.80859375               0.0744616195515657              1.1739982438835250              0.0274453517641144              0.9214596704114164              1.3999999999999999              1.3999999999999999
      0.009620710      0.81640625               0.0744616195515657              1.1739982438835250              0.0274453517641144              0.9214596704114164              1.3999999999999999              1.3999999999999999
      0.009620710      0.82421875               0.0744616195515657              1.1739982438835250              0.0274453517641144              0.9214596704114164              1.3999999999999999              1.3999999999999999
      0.009620710      0.83203125               0.0744616195515657              1.1739982438835250              0.0274453517641144              0.9214596704114164              1.3999999999999999              1.3999999999999999
      0.009620710      0.83984375               0.0744616195515657              1.1739982438835250              0.0274453517641144              0.9214596704114164              1.3999999999999999              1.3999999999999999
      0.009620710      0.84765625               0.0744616195515657              1.1739982438835250              0.0274453517641144              0.9214596704114164              1.3999999999999999              1.3999999999999999
      0.009620710      0.85546875               0.0744616195515657              1.1739982438835250              0.0274453517641144              0.9214596704114164              1.3999999999999999              1.3999999999999999
      0.009620710      0.86328125               0.0744616195515657              1.1739982438835250              0.0274453517641144              0.9214596704114164              1.3999999999999999              1.3999999999999999
      0.009620710      0.87109375               0.0744616195515657              1.1739982438835250              0.0274453517641144              0.9214596704114164              1.3999999999999999              1.3999999999999999
      0.009620710      0.87890625               0.0744616195515657              1.1739982438835250              0.0274453517641144              0.9214596704114164              1.3999999999999999              1.3999999999999999
      0.009620710      0.88671875               0.0744616195515657              1.1739982438835250              0.0274453517641144              0.9214596704114164              1.3999999999999999              1.3999999999999999
      0.009620710      0.89453125               0.0744616195515657              1.1739982438835250              0.0274453517641144              0.9214596704114164              1.3999999999999999              1.3999999999999999
      0.009620710      0.90234375               0.0744616195515657              1.1739982438835250              0.0274453517641144              0.9214596704114164              1.3999999999999999              1.3999999999999999
      0.009620710      0.91015625               0.0744616195515657              1.1739982438835250              0.0274453517641144              0.9214596704114164              1.3999999999999999              1.3999999999999999
      0.009620710      0.91796875               0.0744616195515657              1.1739982438835250              0.0274453517641144              0.9214596704114164              1.3999999999999999              1.3999999999999999
      0.009620710      0.92578125               0.0744616195515657              1.1739982438835250              0.0274453517641144              0.9214596704114164              1.3999999999999999              1.3999999999999999
      0.009620710      0.93359375               0.0744616195515657              1.1739982438835250              0.0274453517641144              0.9214596704114164              1.3999999999999999              1.3999999999999999
      0.009620710      0.94140625               0.0744616195515657              1.1739982438835250              0.0274453517641144              0.9214596704114164              1.3999999999999999              1.3999999999999999
      0.009620710      0.94921875               0.0744616195515657              1.1739982438835250              0.0274453517641144              0.9214596704114164              1.3999999999999999              1.3999999999999999
      0.009620710      0.95703125               0.0744616195515657              1.1739982438835250              0.0274453517641144              0.9214596704114164              1.3999999999999999              1.3999999999999999
      0.009620710      0.96484375               0.0744616195515657              1.1739982438835250              0.0274453517641144              0.9214596704114164              1.3999999999999999              1.3999999999999999
      0.009620710      0.97265625               0.0744616195515657              1.1739982438835250              0.0274453517641144              0.9214596704114164              1.3999999999999999              1.3999999999999999
      0.009620710      0.98046875               0.0744616195515657              1.1739982438835250              0.0274453517641144              0.9214596704114164              1.3999999999999999              1.3999999999999999
      0.009620710      0.98828125               0.0744616195515657              1.1739982438835250              0.0274453517641144              0.9214596704114164              1.3999999999999999              1.3999999999999999
      0.009620710      0.99609375               0.0744616195515657              1.1739982438835250              0.0274453517641144              0.9214596704114164              1.3999999999999999              1.3999999999999999
