      0.109157139      0.00390625               1.0000000000000000             -2.0000000000000000              0.3999999999999999              1.0000000000000000              1.3999999999999999              1.3999999999999999
      0.109157139      0.01171875               1.0000000000000000             -2.0000000000000000              0.3999999999999999              1.0000000000000000              1.3999999999999999              1.3999999999999999
      0.109157139      0.01953125               1.0000000000000000             -2.0000000000000000              0.3999999999999999              1.0000000000000000              1.3999999999999999              1.3999999999999999
      0.109157139      0.02734375               1.0000000000000000             -2.0000000000000000              0.3999999999999999              1.0000000000000000              1.3999999999999999              1.3999999999999999
      0.109157139      0.03515625               1.0000000000000000             -2.0000000000000000              0.3999999999999999              1.0000000000000000              1.3999999999999999              1.3999999999999999
      0.109157139      0.04296875               1.0000000000000000             -2.0000000000000000              0.3999999999999999              1.0000000000000000              1.3999999999999999              1.3999999999999999
      0.109157139      0.05078125               1.0000000000000000             -2.0000000000000000              0.3999999999999999              1.0000000000000000              1.3999999999999999              1.3999999999999999
      0.109157139      0.05859375               1.0000000000000000             -2.0000000000000000              0.3999999999999999              1.0000000000000000              1.3999999999999999              1.3999999999999999
      0.109157139      0.06640625               1.0000000000000000             -2.0000000000000000              0.3999999999999999              1.0000000000000000              1.3999999999999999              1.3999999999999999
      0.109157139      0.07421875               1.0000000000000000             -2.0000000000000000              0.3999999999999999              1.0000000000000000              1.3999999999999999              1.3999999999999999
      0.109157139      0.08203125               1.0000000000000000             -2.0000000000000000              0.3999999999999999              1.0000000000000000              1.3999999999999999              1.3999999999999999
      0.109157139      0.08984375               1.0000000000000000             -2.0000000000000000              0.3999999999999999              1.0000000000000000              1.3999999999999999              1.3999999999999999
      0.109157139      0.09765625               1.0000000000000000             -2.0000000000000000              0.3999999999999999              1.0000000000000000              1.3999999999999999              1.3999999999999999
      0.109157139      0.10546875               1.0000000000000000             -2.0000000000000000              0.3999999999999999              1.0000000000000000              1.3999999999999999              1.3999999999999999
      0.109157139      0.11328125               1.0000000000000000             -2.0000000000000000              0.3999999999999999              1.0000000000000000              1.3999999999999999              1.3999999999999999
      0.109157139      0.12109375               1.0000000000000000             -2.0000000000000000              0.3999999999999999              1.0000000000000000              1.3999999999999999              1.3999999999999999
      0.109157139      0.12890625               0.9999929035725788             -1.9999946895518688              0.3999960260381512              0.9999971615026562              1.3999999999999999              1.3999999999999999
      0.109157139      0.13671875               0.9999116251048371             -1.9999338682374330              0.3999505137490290              0.9999646561442259              1.3999999999999999              1.3999999999999999
      0.109157139      0.14453125               0.9994592912582173             -1.9995953938050868              0.3996973069515611              0.9997838592514936              1.3999999999999999              1.3999999999999999
      0.109157139      0.15234375               0.9978291478815148             -1.9983753824861676              0.3987856794802626              0.9991331690573536              1.3999999999999999              1.3999999999999999
      0.109157139      0.16015625               0.9935404631311655             -1.9951624789274858              0.3963928692212914              0.9974250771127383              1.3999999999999999              1.3999999999999999
      0.109157139      0.16796875               0.9847005880512628             -1.9885197603621496              0.3914827746949185              0.9939132246017770              1.3999999999999999              1.3999999999999999
      0.109157139      0.17578125               0.9696703879186083             -1.9771500609859354              0.3831951083242138              0.9879519708411946              1.3999999999999999              1.3999999999999999
      0.109157139      0.18359375               0.9476800524863667             -1.9603216415264864              0.3711970435210231              0.9792256430509897              1.3999999999999999              1.3999999999999999
      0.109157139      0.19140625               0.9189878208477344             -1.9379825602329608              0.3557584130844452              0.9677995861693534              1.3999999999999999              1.3999999999999999
      0.109157139      0.19921875               0.8846033947149327             -1.9105898927055716              0.3375701048983835              0.9540154008994253              1.3999999999999999              1.3999999999999999
      0.109157139      0.20703125               0.8458673522550526             -1.8788471641679123              0.3174852484401806              0.9383423050723501              1.3999999999999999              1.3999999999999999
      0.109157139      0.21484375               0.8041197706364390             -1.8434960859043255              0.2963227570635609              0.9212643684566714              1.3999999999999999              1.3999999999999999
      0.109157139      0.22265625               0.7605242699661768             -1.8052020257815058              0.2747688516026151              0.9032218380579593              1.3999999999999999              1.3999999999999999
      0.109157139      0.23046875               0.7160133624831628             -1.7645123856308984              0.2533519445969049              0.8845922362337985              1.3999999999999999              1.3999999999999999
      0.109157139      0.23828125               0.6713004883812673             -1.7218556067282857              0.2324558258677376              0.8656921523633452              1.3999999999999999              1.3999999999999999
      0.109157139      0.24609375               0.6269185080883588             -1.6775572540669228              0.2123464663262031              0.8467865583267910              1.3999999999999999              1.3999999999999999
      0.109157139      0.25390625               0.5832627181775208             -1.6318603518898516              0.1931996901127999              0.8280989170560957              1.3999999999999999              1.3999999999999999
      0.109157139      0.26171875               0.5406288549128563             -1.5849443609758047              0.1751247192288018              0.8098195168339197              1.3999999999999999              1.3999999999999999
      0.109157139      0.26953125               0.4992430931704537             -1.5369409987922589              0.1581824944475317              0.7921115815693640              1.3999999999999999              1.3999999999999999
      0.109157139      0.27734375               0.4592839731046504             -1.4879467955254799              0.1423992646144674              0.7751155763823105              1.3999999999999999              1.3999999999999999
      0.109157139      0.28515625               0.4208972940307170             -1.4380328885817024              0.1277763978185389              0.7589523598197201              1.3999999999999999              1.3999999999999999
      0.109157139      0.29296875               0.3842053277253893             -1.3872526866747843              0.1142973635327589              0.7437257846568239              1.3999999999999999              1.3999999999999999
      0.109157139      0.30078125               0.3493117062750000             -1.3356479803018728              0.1019326773009215              0.7295252024897340              1.3999999999999999              1.3999999999999999
      0.109157139      0.30859375               0.3163032309913370             -1.2832539702493628              0.0906434181656001              0.7164281714852498              1.3999999999999999              1.3999999999999999
      0.109157139      0.31640625               0.2852496980488943             -1.2301035809115974              0.0803837687897632              0.7045035397021242              1.3999999999999999              1.3999999999999999
      0.109157139      0.32421875               0.2562026641442456             -1.1762313354831984              0.0711028995574297              0.6938149901263110              1.3999999999999999              1.3999999999999999
      0.109157139      0.33203125               0.2291938894077945             -1.1216769949651180              0.0627464190516744              0.6844250867006372              1.3999999999999999              1.3999999999999999
      0.109157139      0.33984375               0.2042340023480771             -1.0664890955494997              0.0552575392263123              0.6763998476137265              1.3999999999999999              1.3999999999999999
      0.109157139      0.34765625               0.1813117414293623             -1.0107284497944535              0.0485780493352165              0.6698138928049264              1.3999999999999999              1.3999999999999999
      0.109157139      0.35546875               0.1603939463960186             -0.9544715955496577              0.0426491540897875              0.6647562929913384              1.3999999999999999              1.3999999999999999
      0.109157139      0.36328125               0.1414262955336002             -0.8978140738047405              0.0374122052330559              0.6613375025468204              1.3999999999999999              1.3999999999999999
      0.109157139      0.37109375               0.1243345750942025             -0.8408732883750816              0.0328093387381969              0.6596986138678406              1.3999999999999999              1.3999999999999999
      0.109157139      0.37890625               0.1090258944615251             -0.7837905746905595              0.0287840203151006              0.6600271535781440              1.3999999999999999              1.3999999999999999
      0.109157139      0.38671875               0.0953881382081459             -0.7267319645920456              0.0252814867820885              0.6625951417282612              1.3999999999999999              1.3999999999999999
      0.109157139      0.39453125               0.0832821172332920             -0.6698872241761504              0.0222490539997682              0.6678820957878493              1.3999999999999999              1.3999999999999999
      0.109157139      0.40234375               0.0725232590041432             -0.6134343747829881              0.0196380890325975              0.6769583062819747              1.3999999999999999              1.3999999999999999
      0.109157139      0.41015625               0.0631017267892695             -0.5576288583245094              0.0174083519525356              0.6896939607798448              1.3999999999999999              1.3999999999999999
      0.109157139      0.41796875               0.0550379781231218             -0.5027794854330109              0.0155141379860086              0.7047014859131883              1.3999999999999999              1.3999999999999999
      0.109157139      0.42578125               0.0482184629873190             -0.4490280655116526              0.0139091847955187              0.7211545087603015              1.3999999999999999              1.3999999999999999
      0.109157139      0.43359375               0.0425196607137883             -0.3964911938802346              0.0125510238550916              0.7379541395906287              1.3999999999999999              1.3999999999999999
      0.109157139      0.44140625               0.0378119293953565             -0.3452498487138217              0.0114020151645228              0.7538636183639832              1.3999999999999999              1.3999999999999999
      0.109157139      0.44921875               0.0339646439978006             -0.2953771063640998              0.0104298529989268              0.7676992727792344              1.3999999999999999              1.3999999999999999
      0.109157139      0.45703125               0.0308544579581298             -0.2469465538346867              0.0096087211476718              0.7785520945393914              1.3999999999999999              1.3999999999999999
      0.109157139      0.46484375               0.0283730763831916             -0.2000332934206747              0.0089200302949212              0.7859590351123743              1.3999999999999999              1.3999999999999999
      0.109157139      0.47265625               0.0264384629588771             -0.1545740337029231              0.0083549287976033              0.7900354126673984              1.3999999999999999              1.3999999999999999
      0.109157139      0.48046875               0.0250039486740824             -0.1101516068296036              0.0079164738680035              0.7915223682458992              1.3999999999999999              1.3999999999999999
      0.109157139      0.48828125               0.0240511305541806             -0.0661322438182256              0.0076151679841093              0.7915602934916571              1.3999999999999999              1.3999999999999999
      0.109157139      0.49609375               0.0235751926782714             -0.0220712530759770              0.0074615554288711              0.7912507366003700              1.3999999999999999              1.3999999999999999
      0.109157139      0.50390625               0.0235751926782714              0.0220712530759770              0.0074615554288711              0.7912507366003700              1.3999999999999999              1.3999999999999999
      0.109157139      0.51171875               0.0240511305541806              0.0661322438182256              0.0076151679841093              0.7915602934916571              1.3999999999999999              1.3999999999999999
      0.109157139      0.51953125               0.0250039486740824              0.1101516068296036              0.0079164738680035              0.7915223682458992              1.3999999999999999              1.3999999999999999
      0.109157139      0.52734375               0.0264384629588771              0.1545740337029231              0.0083549287976033              0.7900354126673984              1.3999999999999999              1.3999999999999999
      0.109157139      0.53515625               0.0283730763831916              0.2000332934206747              0.0089200302949212              0.7859590351123743              1.3999999999999999              1.3999999999999999
      0.109157139      0.54296875               0.0308544579581298              0.2469465538346867              0.0096087211476718              0.7785520945393914              1.3999999999999999              1.3999999999999999
      0.109157139      0.55078125               0.0339646439978006              0.2953771063640998              0.0104298529989268              0.7676992727792344              1.3999999999999999              1.3999999999999999
      0.109157139      0.55859375               0.0378119293953565              0.3452498487138217              0.0114020151645228              0.7538636183639832              1.3999999999999999              1.3999999999999999
      0.109157139      0.56640625               0.0425196607137883              0.3964911938802346              0.0125510238550916              0.7379541395906287              1.3999999999999999              1.3999999999999999
      0.109157139      0.57421875               0.0482184629873190              0.4490280655116526              0.0139091847955187              0.7211545087603015              1.3999999999999999              1.3999999999999999
      0.109157139      0.58203125               0.0550379781231218              0.5027794854330109              0.0155141379860086              0.7047014859131883              1.3999999999999999              1.3999999999999999
      0.109157139      0.58984375               0.0631017267892695              0.5576288583245094              0.0174083519525356              0.6896939607798448              1.3999999999999999              1.3999999999999999
      0.109157139      0.59765625               0.0725232590041432              0.6134343747829881              0.0196380890325975              0.6769583062819747              1.3999999999999999              1.3999999999999999
      0.109157139      0.60546875               0.0832821172332920              0.6698872241761504              0.0222490539997682              0.6678820957878493              1.3999999999999999              1.3999999999999999
      0.109157139      0.61328125               0.0953881382081459              0.7267319645920456              0.0252814867820885              0.6625951417282612              1.3999999999999999              1.3999999999999999
      0.109157139      0.62109375               0.1090258944615251              0.7837905746905595              0.0287840203151006              0.6600271535781440              1.3999999999999999              1.3999999999999999
      0.109157139      0.62890625               0.1243345750942025              0.8408732883750816              0.0328093387381969              0.6596986138678406              1.3999999999999999              1.3999999999999999
      0.109157139      0.63671875               0.1414262955336002              0.8978140738047405              0.0374122052330559              0.6613375025468204              1.3999999999999999              1.3999999999999999
      0.109157139      0.64453125               0.1603939463960186              0.9544715955496577              0.0426491540897875              0.6647562929913384              1.3999999999999999              1.3999999999999999
      0.109157139      0.65234375               0.1813117414293623              1.0107284497944535              0.0485780493352165              0.6698138928049264              1.3999999999999999              1.3999999999999999
      0.109157139      0.66015625               0.2042340023480771              1.0664890955494997              0.0552575392263123              0.6763998476137265              1.3999999999999999              1.3999999999999999
      0.109157139      0.66796875               0.2291938894077945              1.1216769949651180              0.0627464190516744              0.6844250867006372              1.3999999999999999              1.3999999999999999
      0.109157139      0.67578125               0.2562026641442456              1.1762313354831984              0.0711028995574297              0.6938149901263110              1.3999999999999999              1.3999999999999999
      0.109157139      0.68359375               0.2852496980488943              1.2301035809115974              0.0803837687897632              0.7045035397021242              1.3999999999999999              1.3999999999999999
      0.109157139      0.69140625               0.3163032309913370              1.2832539702493628              0.0906434181656001              0.7164281714852498              1.3999999999999999              1.3999999999999999
      0.109157139      0.69921875               0.3493117062750000              1.3356479803018728              0.1019326773009215              0.7295252024897340              1.3999999999999999              1.3999999999999999
      0.109157139      0.70703125               0.3842053277253893              1.3872526866747843              0.1142973635327589              0.7437257846568239              1.3999999999999999              1.3999999999999999
      0.109157139      0.71484375               0.4208972940307170              1.4380328885817024              0.1277763978185389              0.7589523598197201              1.3999999999999999              1.3999999999999999
      0.109157139      0.72265625               0.4592839731046504              1.4879467955254799              0.1423992646144674              0.7751155763823105              1.3999999999999999              1.3999999999999999
      0.109157139      0.73046875               0.4992430931704537              1.5369409987922589              0.1581824944475317              0.7921115815693640              1.3999999999999999              1.3999999999999999
      0.109157139      0.73828125               0.5406288549128563              1.5849443609758047              0.1751247192288018              0.8098195168339197              1.3999999999999999              1.3999999999999999
      0.109157139      0.74609375               0.5832627181775208              1.6318603518898516              0.1931996901127999              0.8280989170560957              1.3999999999999999              1.3999999999999999
      0.109157139      0.75390625               0.6269185080883588              1.6775572540669228              0.2123464663262031              0.8467865583267910              1.3999999999999999              1.3999999999999999
      0.109157139      0.76171875               0.6713004883812673              1.7218556067282857              0.2324558258677376              0.8656921523633452              1.3999999999999999              1.3999999999999999
      0.109157139      0.76953125               0.7160133624831628              1.7645123856308984              0.2533519445969049              0.8845922362337985              1.3999999999999999              1.3999999999999999
      0.109157139      0.77734375               0.7605242699661768              1.8052020257815058              0.2747688516026151              0.9032218380579593              1.3999999999999999              1.3999999999999999
      0.109157139      0.78515625               0.8041197706364390              1.8434960859043255              0.2963227570635609              0.9212643684566714              1.3999999999999999              1.3999999999999999
      0.109157139      0.79296875               0.8458673522550526              1.8788471641679123              0.3174852484401806              0.9383423050723501              1.3999999999999999              1.3999999999999999
      0.109157139      0.80078125               0.8846033947149327              1.9105898927055716              0.3375701048983835              0.9540154008994253              1.3999999999999999              1.3999999999999999
      0.109157139      0.80859375               0.9189878208477344              1.9379825602329608              0.3557584130844452              0.9677995861693534              1.3999999999999999              1.3999999999999999
      0.109157139      0.81640625               0.9476800524863667              1.9603216415264864              0.3711970435210231              0.9792256430509897              1.3999999999999999              1.3999999999999999
      0.109157139      0.82421875               0.9696703879186083              1.9771500609859354              0.3831951083242138              0.9879519708411946              1.3999999999999999              1.3999999999999999
      0.109157139      0.83203125               0.9847005880512628              1.9885197603621496              0.3914827746949185              0.9939132246017770              1.3999999999999999              1.3999999999999999
      0.109157139      0.83984375               0.9935404631311655              1.9951624789274858              0.3963928692212914              0.9974250771127383              1.3999999999999999              1.3999999999999999
      0.109157139      0.84765625               0.9978291478815148              1.9983753824861676              0.3987856794802626              0.9991331690573536              1.3999999999999999              1.3999999999999999
      0.109157139      0.85546875               0.9994592912582173              1.9995953938050868              0.3996973069515611              0.9997838592514936              1.3999999999999999              1.3999999999999999
      0.109157139      0.86328125               0.9999116251048371              1.9999338682374330              0.3999505137490290              0.9999646561442259              1.3999999999999999              1.3999999999999999
      0.109157139      0.87109375               0.9999929035725788              1.9999946895518688              0.3999960260381512              0.9999971615026562              1.3999999999999999              1.3999999999999999
      0.109157139      0.87890625               1.0000000000000000              2.0000000000000000              0.3999999999999999              1.0000000000000000              1.3999999999999999              1.3999999999999999
      0.109157139      0.88671875               1.0000000000000000              2.0000000000000000              0.3999999999999999              1.0000000000000000              1.3999999999999999              1.3999999999999999
      0.109157139      0.89453125               1.0000000000000000              2.0000000000000000              0.3999999999999999              1.0000000000000000              1.3999999999999999              1.3999999999999999
      0.109157139      0.90234375               1.0000000000000000              2.0000000000000000              0.3999999999999999              1.0000000000000000              1.3999999999999999              1.3999999999999999
      0.109157139      0.91015625               1.0000000000000000              2.0000000000000000              0.3999999999999999              1.0000000000000000              1.3999999999999999              1.3999999999999999
      0.109157139      0.91796875               1.0000000000000000              2.0000000000000000              0.3999999999999999              1.0000000000000000              1.3999999999999999              1.3999999999999999
      0.109157139      0.92578125               1.0000000000000000              2.0000000000000000              0.3999999999999999              1.0000000000000000              1.3999999999999999              1.3999999999999999
      0.109157139      0.93359375               1.0000000000000000              2.0000000000000000              0.3999999999999999              1.0000000000000000              1.3999999999999999              1.3999999999999999
      0.109157139      0.94140625               1.0000000000000000              2.0000000000000000              0.3999999999999999              1.0000000000000000              1.3999999999999999              1.3999999999999999
      0.109157139      0.94921875               1.0000000000000000              2.0000000000000000              0.3999999999999999              1.0000000000000000              1.3999999999999999              1.3999999999999999
      0.109157139      0.95703125               1.0000000000000000              2.0000000000000000              0.3999999999999999              1.0000000000000000              1.3999999999999999              1.3999999999999999
      0.109157139      0.96484375               1.0000000000000000              2.0000000000000000              0.3999999999999999              1.0000000000000000              1.3999999999999999              1.3999999999999999
      0.109157139      0.97265625               1.0000000000000000              2.0000000000000000              0.3999999999999999              1.0000000000000000              1.3999999999999999              1.3999999999999999
      0.109157139      0.98046875               1.0000000000000000              2.0000000000000000              0.3999999999999999              1.0000000000000000              1.3999999999999999              1.3999999999999999
      0.109157139      0.98828125               1.0000000000000000              2.0000000000000000              0.3999999999999999              1.0000000000000000              1.3999999999999999              1.3999999999999999
      0.109157139      0.99609375               1.0000000000000000              2.0000000000000000              0.3999999999999999              1.0000000000000000              1.3999999999999999              1.3999999999999999
