      0.014031888      0.00390625              30.9868185984481030             -2.5307329831596155             12.2492054417505898              0.9882593628346912              1.3999999999999999              1.3999999999999999
      0.014031888      0.01171875              30.9868185984481030             -2.5307329831596155             12.2492054417505898              0.9882593628346912              1.3999999999999999              1.3999999999999999
      0.014031888      0.01953125              30.9868185984481030             -2.5307329831596155             12.2492054417505898              0.9882593628346912              1.3999999999999999              1.3999999999999999
      0.014031888      0.02734375              30.9868185984481030             -2.5307329831596155             12.2492054417505898              0.9882593628346912              1.3999999999999999              1.3999999999999999
      0.014031888      0.03515625              30.9868185984481030             -2.5307329831596155             12.2492054417505898              0.9882593628346912              1.3999999999999999              1.3999999999999999
      0.014031888      0.04296875              30.9868185984481030             -2.5307329831596155             12.2492054417505898              0.9882593628346912              1.3999999999999999              1.3999999999999999
      0.014031888      0.05078125              30.9868185984481030             -2.5307329831596155             12.2492054417505898              0.9882593628346912              1.3999999999999999              1.3999999999999999
      0.014031888      0.05859375              30.9868185984481030             -2.5307329831596155             12.2492054417505898              0.9882593628346912              1.3999999999999999              1.3999999999999999
      0.014031888      0.06640625              30.9868185984481030             -2.5307329831596155             12.2492054417505898              0.9882593628346912              1.3999999999999999              1.3999999999999999
      0.014031888      0.07421875              30.9868185984481030             -2.5307329831596155             12.2492054417505898              0.9882593628346912              1.3999999999999999              1.3999999999999999
      0.014031888      0.08203125              30.9868185984481030             -2.5307329831596155             12.2492054417505898              0.9882593628346912              1.3999999999999999              1.3999999999999999
      0.014031888      0.08984375              30.9868185984481030             -2.5307329831596155             12.2492054417505898              0.9882593628346912              1.3999999999999999              1.3999999999999999
      0.014031888      0.09765625              30.9868185984481030             -2.5307329831596155             12.2492054417505898              0.9882593628346912              1.3999999999999999              1.3999999999999999
      0.014031888      0.10546875              30.9868185984481030             -2.5307329831596155             12.2492054417505898              0.9882593628346912              1.3999999999999999              1.3999999999999999
      0.014031888      0.11328125              30.9868185984481030             -2.5307329831596155             12.2492054417505898              0.9882593628346912              1.3999999999999999              1.3999999999999999
      0.014031888      0.12109375              30.9868185984481030             -2.5307329831596155             12.2492054417505898              0.9882593628346912              1.3999999999999999              1.3999999999999999
      0.014031888      0.12890625              30.9868185984481030             -2.5307329831596155             12.2492054417505898              0.9882593628346912              1.3999999999999999              1.3999999999999999
      0.014031888      0.13671875              30.9868185984481030             -2.5307329831596155             12.2492054417505898              0.9882593628346912              1.3999999999999999              1.3999999999999999
      0.014031888      0.14453125              30.9868185984481030             -2.5307329831596155             12.2492054417505898              0.9882593628346912              1.3999999999999999              1.3999999999999999
      0.014031888      0.15234375              30.9868185984481030             -2.5307329831596155             12.2492054417505898              0.9882593628346912              1.3999999999999999              1.3999999999999999
      0.014031888      0.16015625              30.9868185984481030             -2.5307329831596155             12.2492054417505898              0.9882593628346912              1.3999999999999999              1.3999999999999999
      0.014031888      0.16796875              30.9868185984481030             -2.5307329831596155             12.2492054417505898              0.9882593628346912              1.3999999999999999              1.3999999999999999
      0.014031888      0.17578125              30.9868185984481030             -2.5307329831596155             12.2492054417505898              0.9882593628346912              1.3999999999999999              1.3999999999999999
      0.014031888      0.18359375              30.9868185984481030             -2.5307329831596155             12.2492054417505898              0.9882593628346912              1.3999999999999999              1.3999999999999999
      0.014031888      0.19140625              30.9868185984481030             -2.5307329831596155             12.2492054417505898              0.9882593628346912              1.3999999999999999              1.3999999999999999
      0.014031888      0.19921875              30.9868185984481030             -2.5307329831596155             12.2492054417505898              0.9882593628346912              1.3999999999999999              1.3999999999999999
      0.014031888      0.20703125              30.9868185984481030             -2.5307329831596155             12.2492054417505898              0.9882593628346912              1.3999999999999999              1.3999999999999999
      0.014031888      0.21484375              30.9868185984481030             -2.5307329831596155             12.2492054417505898              0.9882593628346912              1.3999999999999999              1.3999999999999999
      0.014031888      0.22265625              30.9868185984481030             -2.5307329831596155             12.2492054417505898              0.9882593628346912              1.3999999999999999              1.3999999999999999
      0.014031888      0.23046875              30.9868185984481030             -2.5307329831596155             12.2492054417505898              0.9882593628346912              1.3999999999999999              1.3999999999999999
      0.014031888      0.23828125              30.9868185984481030             -2.5307329831596155             12.2492054417505898              0.9882593628346912              1.3999999999999999              1.3999999999999999
      0.014031888      0.24609375              30.9868185984481030             -2.5307329831596155             12.2492054417505898              0.9882593628346912              1.3999999999999999              1.3999999999999999
      0.014031888      0.25390625              30.9868185984481030             -2.5307329831596155             12.2492054417505898              0.9882593628346912              1.3999999999999999              1.3999999999999999
      0.014031888      0.26171875              30.9868185984481030             -2.5307329831596155             12.2492054417505898              0.9882593628346912              1.3999999999999999              1.3999999999999999
      0.014031888      0.26953125              30.9868185984481030             -2.5307329831596155             12.2492054417505898              0.9882593628346912              1.3999999999999999              1.3999999999999999
      0.014031888      0.27734375              30.9868185984481030             -2.5307329831596155             12.2492054417505898              0.9882593628346912              1.3999999999999999              1.3999999999999999
      0.014031888      0.28515625              30.9868185984481030             -2.5307329831596155             12.2492054417505898              0.9882593628346912              1.3999999999999999              1.3999999999999999
      0.014031888      0.29296875              30.9868185984481030             -2.5307329831596155             12.2492054417505898              0.9882593628346912              1.3999999999999999              1.3999999999999999
      0.014031888      0.30078125              30.9868185984481030             -2.5307329831596155             12.2492054417505898              0.9882593628346912              1.3999999999999999              1.3999999999999999
      0.014031888      0.30859375              30.9868185984481030             -2.5307329831596155             12.2492054417505898              0.9882593628346912              1.3999999999999999              1.3999999999999999
      0.014031888      0.31640625              30.9868185984481030             -2.5307329831596155             12.2492054417505898              0.9882593628346912              1.3999999999999999              1.3999999999999999
      0.014031888      0.32421875              30.9868185984481030             -2.5307329831596155             12.2492054417505898              0.9882593628346912              1.3999999999999999              1.3999999999999999
      0.014031888      0.33203125              30.9868185984481030             -2.5307329831596155             12.2492054417505898              0.9882593628346912              1.3999999999999999              1.3999999999999999
      0.014031888      0.33984375              30.9868185984481030             -2.5307329831596155             12.2492054417505898              0.9882593628346912              1.3999999999999999              1.3999999999999999
      0.014031888      0.34765625              30.9868185984481030             -2.5307329831596155             12.2492054417505898              0.9882593628346912              1.3999999999999999              1.3999999999999999
      0.014031888      0.35546875              30.9868185984481030             -2.5307329831596155             12.2492054417505898              0.9882593628346912              1.3999999999999999              1.3999999999999999
      0.014031888      0.36328125              30.9868185984481030             -2.5307329831596155             12.2492054417505898              0.9882593628346912              1.3999999999999999              1.3999999999999999
      0.014031888      0.37109375              30.9868185984481030             -2.5307329831596155             12.2492054417505898              0.9882593628346912              1.3999999999999999              1.3999999999999999
      0.014031888      0.37890625              30.9868185984481030             -2.5307329831596155             12.2492054417505898              0.9882593628346912              1.3999999999999999              1.3999999999999999
      0.014031888      0.38671875              30.9868185984481030             -2.5307329831596155             12.2492054417505898              0.9882593628346912              1.3999999999999999              1.3999999999999999
      0.014031888      0.39453125              30.9868185984481030             -2.5307329831596155             12.2492054417505898              0.9882593628346912              1.3999999999999999              1.3999999999999999
      0.014031888      0.40234375              30.9868185984481030             -2.5307329831596155             12.2492054417505898              0.9882593628346912              1.3999999999999999              1.3999999999999999
      0.014031888      0.41015625              30.9868185984481030             -2.5307329831596155             12.2492054417505898              0.9882593628346912              1.3999999999999999              1.3999999999999999
      0.014031888      0.41796875              30.9868185984481030             -2.5307329831596155             12.2492054417505898              0.9882593628346912              1.3999999999999999              1.3999999999999999
      0.014031888      0.42578125              30.9868185984481030             -2.5307329831596155             12.2492054417505898              0.9882593628346912              1.3999999999999999              1.3999999999999999
      0.014031888      0.43359375              30.9868185984481030             -2.5307329831596155             12.2492054417505898              0.9882593628346912              1.3999999999999999              1.3999999999999999
      0.014031888      0.44140625              30.9868185984481030             -2.5307329831596155             12.2492054417505898              0.9882593628346912              1.3999999999999999              1.3999999999999999
      0.014031888      0.44921875              30.9868185984481030             -2.5307329831596155             12.2492054417505898              0.9882593628346912              1.3999999999999999              1.3999999999999999
      0.014031888      0.45703125              30.9868185984481030             -2.5307329831596155             12.2492054417505898              0.9882593628346912              1.3999999999999999              1.3999999999999999
      0.014031888      0.46484375              30.9868185984481030             -2.5307329831596155             12.2492054417505898              0.9882593628346912              1.3999999999999999              1.3999999999999999
      0.014031888      0.47265625              30.9868185984481030             -2.5307329831596155             12.2492054417505898              0.9882593628346912              1.3999999999999999              1.3999999999999999
      0.014031888      0.48046875              30.9868185984481030             -2.5307329831596155             12.2492054417505898              0.9882593628346912              1.3999999999999999              1.3999999999999999
      0.014031888      0.48828125              30.9868185984481030             -2.5307329831596155             12.2492054417505898              0.9882593628346912              1.3999999999999999              1.3999999999999999
      0.014031888      0.49609375              30.9868185984481030             -2.5307329831596155             12.2492054417505898              0.9882593628346912              1.3999999999999999              1.3999999999999999
      0.014031888      0.50390625               0.0398648155791531              0.9529863038550905              0.0146556209913755              0.9190824526878956              1.3999999999999999              1.3999999999999999
      0.014031888      0.51171875               0.0398648155791531              0.9529863038550905              0.0146556209913755              0.9190824526878956              1.3999999999999999              1.3999999999999999
      0.014031888      0.51953125               0.0398648155791531              0.9529863038550905              0.0146556209913755              0.9190824526878956              1.3999999999999999              1.3999999999999999
      0.014031888      0.52734375               0.0398648155791531              0.9529863038550905              0.0146556209913755              0.9190824526878956              1.3999999999999999              1.3999999999999999
      0.014031888      0.53515625               0.0398648155791531              0.9529863038550905              0.0146556209913755              0.9190824526878956              1.3999999999999999              1.3999999999999999
      0.014031888      0.54296875               0.0398648155791531              0.9529863038550905              0.0146556209913755              0.9190824526878956              1.3999999999999999              1.3999999999999999
      0.014031888      0.55078125               0.0398648155791531              0.9529863038550905              0.0146556209913755              0.9190824526878956              1.3999999999999999              1.3999999999999999
      0.014031888      0.55859375               0.0398648155791531              0.9529863038550905              0.0146556209913755              0.9190824526878956              1.3999999999999999              1.3999999999999999
      0.014031888      0.56640625               0.0398648155791531              0.9529863038550905              0.0146556209913755              0.9190824526878956              1.3999999999999999              1.3999999999999999
      0.014031888      0.57421875               0.0398648155791531              0.9529863038550905              0.0146556209913755              0.9190824526878956              1.3999999999999999              1.3999999999999999
      0.014031888      0.58203125               0.0398648155791531              0.9529863038550905              0.0146556209913755              0.9190824526878956              1.3999999999999999              1.3999999999999999
      0.014031888      0.58984375               0.0398648155791531              0.9529863038550905              0.0146556209913755              0.9190824526878956              1.3999999999999999              1.3999999999999999
      0.014031888      0.59765625               0.0398648155791531              0.9529863038550905              0.0146556209913755              0.9190824526878956              1.3999999999999999              1.3999999999999999
      0.014031888      0.60546875               0.0398648155791531              0.9529863038550905              0.0146556209913755              0.9190824526878956              1.3999999999999999              1.3999999999999999
      0.014031888      0.61328125               0.0398648155791531              0.9529863038550905              0.0146556209913755              0.9190824526878956              1.3999999999999999              1.3999999999999999
      0.014031888      0.62109375               0.0398648155791531              0.9529863038550905              0.0146556209913755              0.9190824526878956              1.3999999999999999              1.3999999999999999
      0.014031888      0.62890625               0.0398648155791531              0.9529863038550905              0.0146556209913755              0.9190824526878956              1.3999999999999999              1.3999999999999999
      0.014031888      0.63671875               0.0398648155791531              0.9529863038550905              0.0146556209913755              0.9190824526878956              1.3999999999999999              1.3999999999999999
      0.014031888      0.64453125               0.0398648155791531              0.9529863038550905              0.0146556209913755              0.9190824526878956              1.3999999999999999              1.3999999999999999
      0.014031888      0.65234375               0.0398648155791531              0.9529863038550905              0.0146556209913755              0.9190824526878956              1.3999999999999999              1.3999999999999999
      0.014031888      0.66015625               0.0398648155791531              0.9529863038550905              0.0146556209913755              0.9190824526878956              1.3999999999999999              1.3999999999999999
      0.014031888      0.66796875               0.0398648155791531              0.9529863038550905              0.0146556209913755              0.9190824526878956              1.3999999999999999              1.3999999999999999
      0.014031888      0.67578125               0.0398648155791531              0.9529863038550905              0.0146556209913755              0.9190824526878956              1.3999999999999999              1.3999999999999999
      0.014031888      0.68359375               0.0398648155791531              0.9529863038550905              0.0146556209913755              0.9190824526878956              1.3999999999999999              1.3999999999999999
      0.014031888      0.69140625               0.0398648155791531              0.9529863038550905              0.0146556209913755              0.9190824526878956              1.3999999999999999              1.3999999999999999
      0.014031888      0.69921875               0.0398648155791531              0.9529863038550905              0.0146556209913755              0.9190824526878956              1.3999999999999999              1.3999999999999999
      0.014031888      0.70703125               0.0398648155791531              0.9529863038550905              0.0146556209913755              0.9190824526878956              1.3999999999999999              1.3999999999999999
      0.014031888      0.71484375               0.0398648155791531              0.9529863038550905              0.0146556209913755              0.9190824526878956              1.3999999999999999              1.3999999999999999
      0.014031888      0.72265625               0.0398648155791531              0.9529863038550905              0.0146556209913755              0.9190824526878956              1.3999999999999999              1.3999999999999999
      0.014031888      0.73046875               0.0398648155791531              0.9529863038550905              0.0146556209913755              0.9190824526878956              1.3999999999999999              1.3999999999999999
      0.014031888      0.73828125               0.0398648155791531              0.9529863038550905              0.0146556209913755              0.9190824526878956              1.3999999999999999              1.3999999999999999
      0.014031888      0.74609375               0.0398648155791531              0.9529863038550905              0.0146556209913755              0.9190824526878956              1.3999999999999999              1.3999999999999999
      0.014031888      0.75390625               0.0398648155791531              0.9529863038550905              0.0146556209913755              0.9190824526878956              1.3999999999999999              1.3999999999999999
      0.014031888      0.76171875               0.0398648155791531              0.9529863038550905              0.0146556209913755              0.9190824526878956              1.3999999999999999              1.3999999999999999
      0.014031888      0.76953125               0.0398648155791531              0.9529863038550905              0.0146556209913755              0.9190824526878956              1.3999999999999999              1.3999999999999999
      0.014031888      0.77734375               0.0398648155791531              0.9529863038550905              0.0146556209913755              0.9190824526878956              1.3999999999999999              1.3999999999999999
      0.014031888      0.78515625               0.0398648155791531              0.9529863038550905              0.0146556209913755              0.9190824526878956              1.3999999999999999              1.3999999999999999
      0.014031888      0.79296875               0.0398648155791531              0.9529863038550905              0.0146556209913755              0.9190824526878956              1.3999999999999999              1.3999999999999999
      0.014031888      0.80078125               0.0398648155791531              0.9529863038550905              0.0146556209913755              0.9190824526878956              1.3999999999999999              1.3999999999999999
      0.014031888      0.80859375               0.0398648155791531              0.9529863038550905              0.0146556209913755              0.9190824526878956              1.3999999999999999              1.3999999999999999
      0.014031888      0.81640625               0.0398648155791531              0.9529863038550905              0.0146556209913755              0.9190824526878956              1.3999999999999999              1.3999999999999999
      0.014031888      0.82421875               0.0398648155791531              0.9529863038550905              0.0146556209913755              0.9190824526878956              1.3999999999999999              1.3999999999999999
      0.014031888      0.83203125               0.0398648155791531              0.9529863038550905              0.0146556209913755              0.9190824526878956              1.3999999999999999              1.3999999999999999
      0.014031888      0.83984375               0.0398648155791531              0.9529863038550905              0.0146556209913755              0.9190824526878956              1.3999999999999999              1.3999999999999999
      0.014031888      0.84765625               0.0398648155791531              0.9529863038550905              0.0146556209913755              0.9190824526878956              1.3999999999999999              1.3999999999999999
      0.014031888      0.85546875               0.0398648155791531              0.9529863038550905              0.0146556209913755              0.9190824526878956              1.3999999999999999              1.3999999999999999
      0.014031888      0.86328125               0.0398648155791531              0.9529863038550905              0.0146556209913755              0.9190824526878956              1.3999999999999999              1.3999999999999999
      0.014031888      0.87109375               0.0398648155791531              0.9529863038550905              0.0146556209913755              0.9190824526878956              1.3999999999999999              1.3999999999999999
      0.014031888      0.87890625               0.0398648155791531              0.9529863038550905              0.0146556209913755              0.9190824526878956              1.3999999999999999              1.3999999999999999
      0.014031888      0.88671875               0.0398648155791531              0.9529863038550905              0.0146556209913755              0.9190824526878956              1.3999999999999999              1.3999999999999999
      0.014031888      0.89453125               0.0398648155791531              0.9529863038550905              0.0146556209913755              0.9190824526878956              1.3999999999999999              1.3999999999999999
      0.014031888      0.90234375               0.0398648155791531              0.9529863038550905              0.0146556209913755              0.9190824526878956              1.3999999999999999              1.3999999999999999
      0.014031888      0.91015625               0.0398648155791531              0.9529863038550905              0.0146556209913755              0.9190824526878956              1.3999999999999999              1.3999999999999999
      0.014031888      0.91796875               0.0398648155791531              0.9529863038550905              0.0146556209913755              0.9190824526878956              1.3999999999999999              1.3999999999999999
      0.014031888      0.92578125               0.0398648155791531              0.9529863038550905              0.0146556209913755              0.9190824526878956              1.3999999999999999              1.3999999999999999
      0.014031888      0.93359375               0.0398648155791531              0.9529863038550905              0.0146556209913755              0.9190824526878956              1.3999999999999999              1.3999999999999999
      0.014031888      0.94140625               0.0398648155791531              0.9529863038550905              0.0146556209913755              0.9190824526878956              1.3999999999999999              1.3999999999999999
      0.014031888      0.94921875               0.0398648155791531              0.9529863038550905              0.0146556209913755              0.9190824526878956              1.3999999999999999              1.3999999999999999
      0.014031888      0.95703125               0.0398648155791531              0.9529863038550905              0.0146556209913755              0.9190824526878956              1.3999999999999999              1.3999999999999999
      0.014031888      0.96484375               0.0398648155791531              0.9529863038550905              0.0146556209913755              0.9190824526878956              1.3999999999999999              1.3999999999999999
      0.014031888      0.97265625               0.0398648155791531              0.9529863038550905              0.0146556209913755              0.9190824526878956              1.3999999999999999              1.3999999999999999
      0.014031888      0.98046875               0.0398648155791531              0.9529863038550905              0.0146556209913755              0.9190824526878956              1.3999999999999999              1.3999999999999999
      0.014031888      0.98828125               0.0398648155791531              0.9529863038550905              0.0146556209913755              0.9190824526878956              1.3999999999999999              1.3999999999999999
      0.014031888      0.99609375               0.0398648155791531              0.9529863038550905              0.0146556209913755              0.9190824526878956              1.3999999999999999              1.3999999999999999
