      0.118253567      0.00390625               1.0000000000000000             -2.0000000000000000              0.3999999999999999              1.0000000000000000              1.3999999999999999              1.3999999999999999
      0.118253567      0.01171875               1.0000000000000000             -2.0000000000000000              0.3999999999999999              1.0000000000000000              1.3999999999999999              1.3999999999999999
      0.118253567      0.01953125               1.0000000000000000             -2.0000000000000000              0.3999999999999999              1.0000000000000000              1.3999999999999999              1.3999999999999999
      0.118253567      0.02734375               1.0000000000000000             -2.0000000000000000              0.3999999999999999              1.0000000000000000              1.3999999999999999              1.3999999999999999
      0.118253567      0.03515625               1.0000000000000000             -2.0000000000000000              0.3999999999999999              1.0000000000000000              1.3999999999999999              1.3999999999999999
      0.118253567      0.04296875               1.0000000000000000             -2.0000000000000000              0.3999999999999999              1.0000000000000000              1.3999999999999999              1.3999999999999999
      0.118253567      0.05078125               1.0000000000000000             -2.0000000000000000              0.3999999999999999              1.0000000000000000              1.3999999999999999              1.3999999999999999
      0.118253567      0.05859375               1.0000000000000000             -2.0000000000000000              0.3999999999999999              1.0000000000000000              1.3999999999999999              1.3999999999999999
      0.118253567      0.06640625               1.0000000000000000             -2.0000000000000000              0.3999999999999999              1.0000000000000000              1.3999999999999999              1.3999999999999999
      0.118253567      0.07421875               1.0000000000000000             -2.0000000000000000              0.3999999999999999              1.0000000000000000              1.3999999999999999              1.3999999999999999
      0.118253567      0.08203125               1.0000000000000000             -2.0000000000000000              0.3999999999999999              1.0000000000000000              1.3999999999999999              1.3999999999999999
      0.118253567      0.08984375               1.0000000000000000             -2.0000000000000000              0.3999999999999999              1.0000000000000000              1.3999999999999999              1.3999999999999999
      0.118253567      0.09765625               0.9999970933338952             -1.9999978248555625              0.3999983722732393              0.9999988373458237              1.3999999999999999              1.3999999999999999
      0.118253567      0.10546875               0.9999608985502739             -1.9999707395607842              0.3999781039271951              0.9999843606561931              1.3999999999999999              1.3999999999999999
      0.118253567      0.11328125               0.9997413537812747             -1.9998064533853355              0.3998551826818492              0.9998965761731667              1.3999999999999999              1.3999999999999999
      0.118253567      0.12109375               0.9988772895835003             -1.9991598343205002              0.3993716587482427              0.9995513535871057              1.3999999999999999              1.3999999999999999
      0.118253567      0.12890625               0.9963936266351423             -1.9973002859747528              0.3979837327502887              0.9985605139163083              1.3999999999999999              1.3999999999999999
      0.118253567      0.13671875               0.9908133381615353             -1.9931150837366116              0.3948742764543992              0.9963387180149712              1.3999999999999999              1.3999999999999999
      0.118253567      0.14453125               0.9805307317781645             -1.9853710841135419              0.3891733529863228              0.9922517988818363              1.3999999999999999              1.3999999999999999
      0.118253567      0.15234375               0.9643717840939429             -1.9731050639179999              0.3802832567428192              0.9858315615800268              1.3999999999999999              1.3999999999999999
      0.118253567      0.16015625               0.9419704264058325             -1.9558842775135057              0.3680891589253635              0.9769127262568073              1.3999999999999999              1.3999999999999999
      0.118253567      0.16796875               0.9137646049813203             -1.9338115221419632              0.3529419892813443              0.9656261233946554              1.3999999999999999              1.3999999999999999
      0.118253567      0.17578125               0.8807202929518418             -1.9073531931280097              0.3354829281231647              0.9522970312139415              1.3999999999999999              1.3999999999999999
      0.118253567      0.18359375               0.8440047814867345             -1.8771346101953132              0.3164446243848213              0.9373306624738449              1.3999999999999999              1.3999999999999999
      0.118253567      0.19140625               0.8047495320766517             -1.8437899028501656              0.2965120998290030              0.9211316316763033              1.3999999999999999              1.3999999999999999
      0.118253567      0.19921875               0.7639295597150801             -1.8078824207051494              0.2762564069849073              0.9040637434161525              1.3999999999999999              1.3999999999999999
      0.118253567      0.20703125               0.7223284824159826             -1.7698770037417810              0.2561197725958037              0.8864380224186791              1.3999999999999999              1.3999999999999999
      0.118253567      0.21484375               0.6805500659010070             -1.7301408591783820              0.2364272748995535              0.8685153625932656              1.3999999999999999              1.3999999999999999
      0.118253567      0.22265625               0.6390483749882816             -1.6889565575962102              0.2174079778723260              0.8505145556324776              1.3999999999999999              1.3999999999999999
      0.118253567      0.23046875               0.5981612742974100             -1.6465380887036563              0.1992166237193163              0.8326208678140889              1.3999999999999999              1.3999999999999999
      0.118253567      0.23828125               0.5581405045285481             -1.6030459052814283              0.1819522871430363              0.8149932036232005              1.3999999999999999              1.3999999999999999
      0.118253567      0.24609375               0.5191761031701306             -1.5585995776193218              0.1656731256148802              0.7977694110113451              1.3999999999999999              1.3999999999999999
      0.118253567      0.25390625               0.4814150093435799             -1.5132879219406219              0.1504075201683178              0.7810699565298236              1.3999999999999999              1.3999999999999999
      0.118253567      0.26171875               0.4449744891348562             -1.4671769406393156              0.1361622691946903              0.7650004242907524              1.3999999999999999              1.3999999999999999
      0.118253567      0.26953125               0.4099512447845765             -1.4203160304414684              0.1229285222593226              0.7496533052602380              1.3999999999999999              1.3999999999999999
      0.118253567      0.27734375               0.3764270775947059             -1.3727428889464541              0.1106860434058598              0.7351094673709555              1.3999999999999999              1.3999999999999999
      0.118253567      0.28515625               0.3444719100707960             -1.3244874790035446              0.0994062701526972              0.7214395952653093              1.3999999999999999              1.3999999999999999
      0.118253567      0.29296875               0.3141448909638674             -1.2755753350910894              0.0890545214757670              0.7087057917966421              1.3999999999999999              1.3999999999999999
      0.118253567      0.30078125               0.2854942205833446             -1.2260304304451823              0.0795916153949326              0.6969634554449535              1.3999999999999999              1.3999999999999999
      0.118253567      0.30859375               0.2585562430810159             -1.1758777705671144              0.0709750842071028              0.6862634930155554              1.3999999999999999              1.3999999999999999
      0.118253567      0.31640625               0.2333542559639713             -1.1251458356040593              0.0631601198105836              0.6766548948258222              1.3999999999999999              1.3999999999999999
      0.118253567      0.32421875               0.2098973857614293             -1.0738689568115376              0.0561003395226504              0.6681876875114394              1.3999999999999999              1.3999999999999999
      0.118253567      0.33203125               0.1881797756894457             -1.0220896760517273              0.0497484314297281              0.6609162866660588              1.3999999999999999              1.3999999999999999
      0.118253567      0.33984375               0.1681802298898774             -0.9698610970341710              0.0440567153953976              0.6549033055824321              1.3999999999999999              1.3999999999999999
      0.118253567      0.34765625               0.1498623599935024             -0.9172491883630218              0.0389776396887524              0.6502239736922992              1.3999999999999999              1.3999999999999999
      0.118253567      0.35546875               0.1331751735971928             -0.8643349386844368              0.0344642223730920              0.6469716059341133              1.3999999999999999              1.3999999999999999
      0.118253567      0.36328125               0.1180538892307325             -0.8112161951988387              0.0304704397240602              0.6452654783889985              1.3999999999999999              1.3999999999999999
      0.118253567      0.37109375               0.1044204239970967             -0.7580089664973328              0.0269515602275672              0.6452655332139937              1.3999999999999999              1.3999999999999999
      0.118253567      0.37890625               0.0921818816377786             -0.7048479049127635              0.0238644104234950              0.6472098963348438              1.3999999999999999              1.3999999999999999
      0.118253567      0.38671875               0.0812220321958725             -0.6518859992595144              0.0211675623591314              0.6515338814745609              1.3999999999999999              1.3999999999999999
      0.118253567      0.39453125               0.0713866434196083             -0.5992560187878931              0.0188234369809366              0.6592072437939512              1.3999999999999999              1.3999999999999999
      0.118253567      0.40234375               0.0626946880140106             -0.5471908399051881              0.0168005254390566              0.6699341671220268              1.3999999999999999              1.3999999999999999
      0.118253567      0.41015625               0.0551486212596292             -0.4959335235461030              0.0150621466606989              0.6827979701337026              1.3999999999999999              1.3999999999999999
      0.118253567      0.41796875               0.0486618097808202             -0.4456145131565097              0.0135722271252754              0.6972730353847654              1.3999999999999999              1.3999999999999999
      0.118253567      0.42578125               0.0431436598209501             -0.3963544022209435              0.0122975759060707              0.7125946174424376              1.3999999999999999              1.3999999999999999
      0.118253567      0.43359375               0.0384980788138661             -0.3482643229570036              0.0112081330119859              0.7278371646917701              1.3999999999999999              1.3999999999999999
      0.118253567      0.44140625               0.0346271219292837             -0.3014500669565528              0.0102777079620569              0.7420273032686874              1.3999999999999999              1.3999999999999999
      0.118253567      0.44921875               0.0314347559315767             -0.2560372701312182              0.0094843143933548              0.7542856714077147              1.3999999999999999              1.3999999999999999
      0.118253567      0.45703125               0.0288319685619447             -0.2121836207411214              0.0088107227639785              0.7639716609229226              1.3999999999999999              1.3999999999999999
      0.118253567      0.46484375               0.0267415741223290             -0.1700765571975047              0.0082448334682838              0.7707879714342853              1.3999999999999999              1.3999999999999999
      0.118253567      0.47265625               0.0251044862114295             -0.1298439716677370              0.0077808646831826              0.7748480309109224              1.3999999999999999              1.3999999999999999
      0.118253567      0.48046875               0.0238855598090467             -0.0913798358258694              0.0074207029046668              0.7766934252317734              1.3999999999999999              1.3999999999999999
      0.118253567      0.48828125               0.0230718454383180             -0.0542866470417724              0.0071722924744729              0.7771693527559175              1.3999999999999999              1.3999999999999999
      0.118253567      0.49609375               0.0226634686993096             -0.0180083306804417              0.0070450476683668              0.7771369601270979              1.3999999999999999              1.3999999999999999
      0.118253567      0.50390625               0.0226634686993096              0.0180083306804417              0.0070450476683668              0.7771369601270979              1.3999999999999999              1.3999999999999999
      0.118253567      0.51171875               0.0230718454383180              0.0542866470417724              0.0071722924744729              0.7771693527559175              1.3999999999999999              1.3999999999999999
      0.118253567      0.51953125               0.0238855598090467              0.0913798358258694              0.0074207029046668              0.7766934252317734              1.3999999999999999              1.3999999999999999
      0.118253567      0.52734375               0.0251044862114295              0.1298439716677370              0.0077808646831826              0.7748480309109224              1.3999999999999999              1.3999999999999999
      0.118253567      0.53515625               0.0267415741223290              0.1700765571975047              0.0082448334682838              0.7707879714342853              1.3999999999999999              1.3999999999999999
      0.118253567      0.54296875               0.0288319685619447              0.2121836207411214              0.0088107227639785              0.7639716609229226              1.3999999999999999              1.3999999999999999
      0.118253567      0.55078125               0.0314347559315767              0.2560372701312182              0.0094843143933548              0.7542856714077147              1.3999999999999999              1.3999999999999999
      0.118253567      0.55859375               0.0346271219292837              0.3014500669565528              0.0102777079620569              0.7420273032686874              1.3999999999999999              1.3999999999999999
      0.118253567      0.56640625               0.0384980788138661              0.3482643229570036              0.0112081330119859              0.7278371646917701              1.3999999999999999              1.3999999999999999
      0.118253567      0.57421875               0.0431436598209501              0.3963544022209435              0.0122975759060707              0.7125946174424376              1.3999999999999999              1.3999999999999999
      0.118253567      0.58203125               0.0486618097808202              0.4456145131565097              0.0135722271252754              0.6972730353847654              1.3999999999999999              1.3999999999999999
      0.118253567      0.58984375               0.0551486212596292              0.4959335235461030              0.0150621466606989              0.6827979701337026              1.3999999999999999              1.3999999999999999
      0.118253567      0.59765625               0.0626946880140106              0.5471908399051881              0.0168005254390566              0.6699341671220268              1.3999999999999999              1.3999999999999999
      0.118253567      0.60546875               0.0713866434196083              0.5992560187878931              0.0188234369809366              0.6592072437939512              1.3999999999999999              1.3999999999999999
      0.118253567      0.61328125               0.0812220321958725              0.6518859992595144              0.0211675623591314              0.6515338814745609              1.3999999999999999              1.3999999999999999
      0.118253567      0.62109375               0.0921818816377786              0.7048479049127635              0.0238644104234950              0.6472098963348438              1.3999999999999999              1.3999999999999999
      0.118253567      0.62890625               0.1044204239970967              0.7580089664973328              0.0269515602275672              0.6452655332139937              1.3999999999999999              1.3999999999999999
      0.118253567      0.63671875               0.1180538892307325              0.8112161951988387              0.0304704397240602              0.6452654783889985              1.3999999999999999              1.3999999999999999
      0.118253567      0.64453125               0.1331751735971928              0.8643349386844368              0.0344642223730920              0.6469716059341133              1.3999999999999999              1.3999999999999999
      0.118253567      0.65234375               0.1498623599935024              0.9172491883630218              0.0389776396887524              0.6502239736922992              1.3999999999999999              1.3999999999999999
      0.118253567      0.66015625               0.1681802298898774              0.9698610970341710              0.0440567153953976              0.6549033055824321              1.3999999999999999              1.3999999999999999
      0.118253567      0.66796875               0.1881797756894457              1.0220896760517273              0.0497484314297281              0.6609162866660588              1.3999999999999999              1.3999999999999999
      0.118253567      0.67578125               0.2098973857614293              1.0738689568115376              0.0561003395226504              0.6681876875114394              1.3999999999999999              1.3999999999999999
      0.118253567      0.68359375               0.2333542559639713              1.1251458356040593              0.0631601198105836              0.6766548948258222              1.3999999999999999              1.3999999999999999
      0.118253567      0.69140625               0.2585562430810159              1.1758777705671144              0.0709750842071028              0.6862634930155554              1.3999999999999999              1.3999999999999999
      0.118253567      0.69921875               0.2854942205833446              1.2260304304451823              0.0795916153949326              0.6969634554449535              1.3999999999999999              1.3999999999999999
      0.118253567      0.70703125               0.3141448909638674              1.2755753350910894              0.0890545214757670              0.7087057917966421              1.3999999999999999              1.3999999999999999
      0.118253567      0.71484375               0.3444719100707960              1.3244874790035446              0.0994062701526972              0.7214395952653093              1.3999999999999999              1.3999999999999999
      0.118253567      0.72265625               0.3764270775947059              1.3727428889464541              0.1106860434058598              0.7351094673709555              1.3999999999999999              1.3999999999999999
      0.118253567      0.73046875               0.4099512447845765              1.4203160304414684              0.1229285222593226              0.7496533052602380              1.3999999999999999              1.3999999999999999
      0.118253567      0.73828125               0.4449744891348562              1.4671769406393156              0.1361622691946903              0.7650004242907524              1.3999999999999999              1.3999999999999999
      0.118253567      0.74609375               0.4814150093435799              1.5132879219406219              0.1504075201683178              0.7810699565298236              1.3999999999999999              1.3999999999999999
      0.118253567      0.75390625               0.5191761031701306              1.5585995776193218              0.1656731256148802              0.7977694110113451              1.3999999999999999              1.3999999999999999
      0.118253567      0.76171875               0.5581405045285481              1.6030459052814283              0.1819522871430363              0.8149932036232005              1.3999999999999999              1.3999999999999999
      0.118253567      0.76953125               0.5981612742974100              1.6465380887036563              0.1992166237193163              0.8326208678140889              1.3999999999999999              1.3999999999999999
      0.118253567      0.77734375               0.6390483749882816              1.6889565575962102              0.2174079778723260              0.8505145556324776              1.3999999999999999              1.3999999999999999
      0.118253567      0.78515625               0.6805500659010070              1.7301408591783820              0.2364272748995535              0.8685153625932656              1.3999999999999999              1.3999999999999999
      0.118253567      0.79296875               0.7223284824159826              1.7698770037417810              0.2561197725958037              0.8864380224186791              1.3999999999999999              1.3999999999999999
      0.118253567      0.80078125               0.7639295597150801              1.8078824207051494              0.2762564069849073              0.9040637434161525              1.3999999999999999              1.3999999999999999
      0.118253567      0.80859375               0.8047495320766517              1.8437899028501656              0.2965120998290030              0.9211316316763033              1.3999999999999999              1.3999999999999999
      0.118253567      0.81640625               0.8440047814867345              1.8771346101953132              0.3164446243848213              0.9373306624738449              1.3999999999999999              1.3999999999999999
      0.118253567      0.82421875               0.8807202929518418              1.9073531931280097              0.3354829281231647              0.9522970312139415              1.3999999999999999              1.3999999999999999
      0.118253567      0.83203125               0.9137646049813203              1.9338115221419632              0.3529419892813443              0.9656261233946554              1.3999999999999999              1.3999999999999999
      0.118253567      0.83984375               0.9419704264058325              1.9558842775135057              0.3680891589253635              0.9769127262568073              1.3999999999999999              1.3999999999999999
      0.118253567      0.84765625               0.9643717840939429              1.9731050639179999              0.3802832567428192              0.9858315615800268              1.3999999999999999              1.3999999999999999
      0.118253567      0.85546875               0.9805307317781645              1.9853710841135419              0.3891733529863228              0.9922517988818363              1.3999999999999999              1.3999999999999999
      0.118253567      0.86328125               0.9908133381615353              1.9931150837366116              0.3948742764543992              0.9963387180149712              1.3999999999999999              1.3999999999999999
      0.118253567      0.87109375               0.9963936266351423              1.9973002859747528              0.3979837327502887              0.9985605139163083              1.3999999999999999              1.3999999999999999
      0.118253567      0.87890625               0.9988772895835003              1.9991598343205002              0.3993716587482427              0.9995513535871057              1.3999999999999999              1.3999999999999999
      0.118253567      0.88671875               0.9997413537812747              1.9998064533853355              0.3998551826818492              0.9998965761731667              1.3999999999999999              1.3999999999999999
      0.118253567      0.89453125               0.9999608985502739              1.9999707395607842              0.3999781039271951              0.9999843606561931              1.3999999999999999              1.3999999999999999
      0.118253567      0.90234375               0.9999970933338952              1.9999978248555625              0.3999983722732393              0.9999988373458237              1.3999999999999999              1.3999999999999999
      0.118253567      0.91015625               1.0000000000000000              2.0000000000000000              0.3999999999999999              1.0000000000000000              1.3999999999999999              1.3999999999999999
      0.118253567      0.91796875               1.0000000000000000              2.0000000000000000              0.3999999999999999              1.0000000000000000              1.3999999999999999              1.3999999999999999
      0.118253567      0.92578125               1.0000000000000000              2.0000000000000000              0.3999999999999999              1.0000000000000000              1.3999999999999999              1.3999999999999999
      0.118253567      0.93359375               1.0000000000000000              2.0000000000000000              0.3999999999999999              1.0000000000000000              1.3999999999999999              1.3999999999999999
      0.118253567      0.94140625               1.0000000000000000              2.0000000000000000              0.3999999999999999              1.0000000000000000              1.3999999999999999              1.3999999999999999
      0.118253567      0.94921875               1.0000000000000000              2.0000000000000000              0.3999999999999999              1.0000000000000000              1.3999999999999999              1.3999999999999999
      0.118253567      0.95703125               1.0000000000000000              2.0000000000000000              0.3999999999999999              1.0000000000000000              1.3999999999999999              1.3999999999999999
      0.118253567      0.96484375               1.0000000000000000              2.0000000000000000              0.3999999999999999              1.0000000000000000              1.3999999999999999              1.3999999999999999
      0.118253567      0.97265625               1.0000000000000000              2.0000000000000000              0.3999999999999999              1.0000000000000000              1.3999999999999999              1.3999999999999999
      0.118253567      0.98046875               1.0000000000000000              2.0000000000000000              0.3999999999999999              1.0000000000000000              1.3999999999999999              1.3999999999999999
      0.118253567      0.98828125               1.0000000000000000              2.0000000000000000              0.3999999999999999              1.0000000000000000              1.3999999999999999              1.3999999999999999
      0.118253567      0.99609375               1.0000000000000000              2.0000000000000000              0.3999999999999999              1.0000000000000000              1.3999999999999999              1.3999999999999999
