      0.014589369      0.00390625              36.9478365310962715             -2.5573298193605298             14.6038721014715893              0.9881412196611694              1.3999999999999999              1.3999999999999999
      0.014589369      0.01171875              36.9478365310962715             -2.5573298193605298             14.6038721014715893              0.9881412196611694              1.3999999999999999              1.3999999999999999
      0.014589369      0.01953125              36.9478365310962715             -2.5573298193605298             14.6038721014715893              0.9881412196611694              1.3999999999999999              1.3999999999999999
      0.014589369      0.02734375              36.9478365310962715             -2.5573298193605298             14.6038721014715893              0.9881412196611694              1.3999999999999999              1.3999999999999999
      0.014589369      0.03515625              36.9478365310962715             -2.5573298193605298             14.6038721014715893              0.9881412196611694              1.3999999999999999              1.3999999999999999
      0.014589369      0.04296875              36.9478365310962715             -2.5573298193605298             14.6038721014715893              0.9881412196611694              1.3999999999999999              1.3999999999999999
      0.014589369      0.05078125              36.9478365310962715             -2.5573298193605298             14.6038721014715893              0.9881412196611694              1.3999999999999999              1.3999999999999999
      0.014589369      0.05859375              36.9478365310962715             -2.5573298193605298             14.6038721014715893              0.9881412196611694              1.3999999999999999              1.3999999999999999
      0.014589369      0.06640625              36.9478365310962715             -2.5573298193605298             14.6038721014715893              0.9881412196611694              1.3999999999999999              1.3999999999999999
      0.014589369      0.07421875              36.9478365310962715             -2.5573298193605298             14.6038721014715893              0.9881412196611694              1.3999999999999999              1.3999999999999999
      0.014589369      0.08203125              36.9478365310962715             -2.5573298193605298             14.6038721014715893              0.9881412196611694              1.3999999999999999              1.3999999999999999
      0.014589369      0.08984375              36.9478365310962715             -2.5573298193605298             14.6038721014715893              0.9881412196611694              1.3999999999999999              1.3999999999999999
      0.014589369      0.09765625              36.9478365310962715             -2.5573298193605298             14.6038721014715893              0.9881412196611694              1.3999999999999999              1.3999999999999999
      0.014589369      0.10546875              36.9478365310962715             -2.5573298193605298             14.6038721014715893              0.9881412196611694              1.3999999999999999              1.3999999999999999
      0.014589369      0.11328125              36.9478365310962715             -2.5573298193605298             14.6038721014715893              0.9881412196611694              1.3999999999999999              1.3999999999999999
      0.014589369      0.12109375              36.9478365310962715             -2.5573298193605298             14.6038721014715893              0.9881412196611694              1.3999999999999999              1.3999999999999999
      0.014589369      0.12890625              36.9478365310962715             -2.5573298193605298             14.6038721014715893              0.9881412196611694              1.3999999999999999              1.3999999999999999
      0.014589369      0.13671875              36.9478365310962715             -2.5573298193605298             14.6038721014715893              0.9881412196611694              1.3999999999999999              1.3999999999999999
      0.014589369      0.14453125              36.9478365310962715             -2.5573298193605298             14.6038721014715893              0.9881412196611694              1.3999999999999999              1.3999999999999999
      0.014589369      0.15234375              36.9478365310962715             -2.5573298193605298             14.6038721014715893              0.9881412196611694              1.3999999999999999              1.3999999999999999
      0.014589369      0.16015625              36.9478365310962715             -2.5573298193605298             14.6038721014715893              0.9881412196611694              1.3999999999999999              1.3999999999999999
      0.014589369      0.16796875              36.9478365310962715             -2.5573298193605298             14.6038721014715893              0.9881412196611694              1.3999999999999999              1.3999999999999999
      0.014589369      0.17578125              36.9478365310962715             -2.5573298193605298             14.6038721014715893              0.9881412196611694              1.3999999999999999              1.3999999999999999
      0.014589369      0.18359375              36.9478365310962715             -2.5573298193605298             14.6038721014715893              0.9881412196611694              1.3999999999999999              1.3999999999999999
      0.014589369      0.19140625              36.9478365310962715             -2.5573298193605298             14.6038721014715893              0.9881412196611694              1.3999999999999999              1.3999999999999999
      0.014589369      0.19921875              36.9478365310962715             -2.5573298193605298             14.6038721014715893              0.9881412196611694              1.3999999999999999              1.3999999999999999
      0.014589369      0.20703125              36.9478365310962715             -2.5573298193605298             14.6038721014715893              0.9881412196611694              1.3999999999999999              1.3999999999999999
      0.014589369      0.21484375              36.9478365310962715             -2.5573298193605298             14.6038721014715893              0.9881412196611694              1.3999999999999999              1.3999999999999999
      0.014589369      0.22265625              36.9478365310962715             -2.5573298193605298             14.6038721014715893              0.9881412196611694              1.3999999999999999              1.3999999999999999
      0.014589369      0.23046875              36.9478365310962715             -2.5573298193605298             14.6038721014715893              0.9881412196611694              1.3999999999999999              1.3999999999999999
      0.014589369      0.23828125              36.9478365310962715             -2.5573298193605298             14.6038721014715893              0.9881412196611694              1.3999999999999999              1.3999999999999999
      0.014589369      0.24609375              36.9478365310962715             -2.5573298193605298             14.6038721014715893              0.9881412196611694              1.3999999999999999              1.3999999999999999
      0.014589369      0.25390625              36.9478365310962715             -2.5573298193605298             14.6038721014715893              0.9881412196611694              1.3999999999999999              1.3999999999999999
      0.014589369      0.26171875              36.9478365310962715             -2.5573298193605298             14.6038721014715893              0.9881412196611694              1.3999999999999999              1.3999999999999999
      0.014589369      0.26953125              36.9478365310962715             -2.5573298193605298             14.6038721014715893              0.9881412196611694              1.3999999999999999              1.3999999999999999
      0.014589369      0.27734375              36.9478365310962715             -2.5573298193605298             14.6038721014715893              0.9881412196611694              1.3999999999999999              1.3999999999999999
      0.014589369      0.28515625              36.9478365310962715             -2.5573298193605298             14.6038721014715893              0.9881412196611694              1.3999999999999999              1.3999999999999999
      0.014589369      0.29296875              36.9478365310962715             -2.5573298193605298             14.6038721014715893              0.9881412196611694              1.3999999999999999              1.3999999999999999
      0.014589369      0.30078125              36.9478365310962715             -2.5573298193605298             14.6038721014715893              0.9881412196611694              1.3999999999999999              1.3999999999999999
      0.014589369      0.30859375              36.9478365310962715             -2.5573298193605298             14.6038721014715893              0.9881412196611694              1.3999999999999999              1.3999999999999999
      0.014589369      0.31640625              36.9478365310962715             -2.5573298193605298             14.6038721014715893              0.9881412196611694              1.3999999999999999              1.3999999999999999
      0.014589369      0.32421875              36.9478365310962715             -2.5573298193605298             14.6038721014715893              0.9881412196611694              1.3999999999999999              1.3999999999999999
      0.014589369      0.33203125              36.9478365310962715             -2.5573298193605298             14.6038721014715893              0.9881412196611694              1.3999999999999999              1.3999999999999999
      0.014589369      0.33984375              36.9478365310962715             -2.5573298193605298             14.6038721014715893              0.9881412196611694              1.3999999999999999              1.3999999999999999
      0.014589369      0.34765625              36.9478365310962715             -2.5573298193605298             14.6038721014715893              0.9881412196611694              1.3999999999999999              1.3999999999999999
      0.014589369      0.35546875              36.9478365310962715             -2.5573298193605298             14.6038721014715893              0.9881412196611694              1.3999999999999999              1.3999999999999999
      0.014589369      0.36328125              36.9478365310962715             -2.5573298193605298             14.6038721014715893              0.9881412196611694              1.3999999999999999              1.3999999999999999
      0.014589369      0.37109375              36.9478365310962715             -2.5573298193605298             14.6038721014715893              0.9881412196611694              1.3999999999999999              1.3999999999999999
      0.014589369      0.37890625              36.9478365310962715             -2.5573298193605298             14.6038721014715893              0.9881412196611694              1.3999999999999999              1.3999999999999999
      0.014589369      0.38671875              36.9478365310962715             -2.5573298193605298             14.6038721014715893              0.9881412196611694              1.3999999999999999              1.3999999999999999
      0.014589369      0.39453125              36.9478365310962715             -2.5573298193605298             14.6038721014715893              0.9881412196611694              1.3999999999999999              1.3999999999999999
      0.014589369      0.40234375              36.9478365310962715             -2.5573298193605298             14.6038721014715893              0.9881412196611694              1.3999999999999999              1.3999999999999999
      0.014589369      0.41015625              36.9478365310962715             -2.5573298193605298             14.6038721014715893              0.9881412196611694              1.3999999999999999              1.3999999999999999
      0.014589369      0.41796875              36.9478365310962715             -2.5573298193605298             14.6038721014715893              0.9881412196611694              1.3999999999999999              1.3999999999999999
      0.014589369      0.42578125              36.9478365310962715             -2.5573298193605298             14.6038721014715893              0.9881412196611694              1.3999999999999999              1.3999999999999999
      0.014589369      0.43359375              36.9478365310962715             -2.5573298193605298             14.6038721014715893              0.9881412196611694              1.3999999999999999              1.3999999999999999
      0.014589369      0.44140625              36.9478365310962715             -2.5573298193605298             14.6038721014715893              0.9881412196611694              1.3999999999999999              1.3999999999999999
      0.014589369      0.44921875              36.9478365310962715             -2.5573298193605298             14.6038721014715893              0.9881412196611694              1.3999999999999999              1.3999999999999999
      0.014589369      0.45703125              36.9478365310962715             -2.5573298193605298             14.6038721014715893              0.9881412196611694              1.3999999999999999              1.3999999999999999
      0.014589369      0.46484375              36.9478365310962715             -2.5573298193605298             14.6038721014715893              0.9881412196611694              1.3999999999999999              1.3999999999999999
      0.014589369      0.47265625              36.9478365310962715             -2.5573298193605298             14.6038721014715893              0.9881412196611694              1.3999999999999999              1.3999999999999999
      0.014589369      0.48046875              36.9478365310962715             -2.5573298193605298             14.6038721014715893              0.9881412196611694              1.3999999999999999              1.3999999999999999
      0.014589369      0.48828125              36.9478365310962715             -2.5573298193605298             14.6038721014715893              0.9881412196611694              1.3999999999999999              1.3999999999999999
      0.014589369      0.49609375              36.9478365310962715             -2.5573298193605298             14.6038721014715893              0.9881412196611694              1.3999999999999999              1.3999999999999999
      0.014589369      0.50390625               0.0372390999421369              0.9261498278924959              0.0136885289945004              0.9189621268888043              1.3999999999999999              1.3999999999999999
      0.014589369      0.51171875               0.0372390999421369              0.9261498278924959              0.0136885289945004              0.9189621268888043              1.3999999999999999              1.3999999999999999
      0.014589369      0.51953125               0.0372390999421369              0.9261498278924959              0.0136885289945004              0.9189621268888043              1.3999999999999999              1.3999999999999999
      0.014589369      0.52734375               0.0372390999421369              0.9261498278924959              0.0136885289945004              0.9189621268888043              1.3999999999999999              1.3999999999999999
      0.014589369      0.53515625               0.0372390999421369              0.9261498278924959              0.0136885289945004              0.9189621268888043              1.3999999999999999              1.3999999999999999
      0.014589369      0.54296875               0.0372390999421369              0.9261498278924959              0.0136885289945004              0.9189621268888043              1.3999999999999999              1.3999999999999999
      0.014589369      0.55078125               0.0372390999421369              0.9261498278924959              0.0136885289945004              0.9189621268888043              1.3999999999999999              1.3999999999999999
      0.014589369      0.55859375               0.0372390999421369              0.9261498278924959              0.0136885289945004              0.9189621268888043              1.3999999999999999              1.3999999999999999
      0.014589369      0.56640625               0.0372390999421369              0.9261498278924959              0.0136885289945004              0.9189621268888043              1.3999999999999999              1.3999999999999999
      0.014589369      0.57421875               0.0372390999421369              0.9261498278924959              0.0136885289945004              0.9189621268888043              1.3999999999999999              1.3999999999999999
      0.014589369      0.58203125               0.0372390999421369              0.9261498278924959              0.0136885289945004              0.9189621268888043              1.3999999999999999              1.3999999999999999
      0.014589369      0.58984375               0.0372390999421369              0.9261498278924959              0.0136885289945004              0.9189621268888043              1.3999999999999999              1.3999999999999999
      0.014589369      0.59765625               0.0372390999421369              0.9261498278924959              0.0136885289945004              0.9189621268888043              1.3999999999999999              1.3999999999999999
      0.014589369      0.60546875               0.0372390999421369              0.9261498278924959              0.0136885289945004              0.9189621268888043              1.3999999999999999              1.3999999999999999
      0.014589369      0.61328125               0.0372390999421369              0.9261498278924959              0.0136885289945004              0.9189621268888043              1.3999999999999999              1.3999999999999999
      0.014589369      0.62109375               0.0372390999421369              0.9261498278924959              0.0136885289945004              0.9189621268888043              1.3999999999999999              1.3999999999999999
      0.014589369      0.62890625               0.0372390999421369              0.9261498278924959              0.0136885289945004              0.9189621268888043              1.3999999999999999              1.3999999999999999
      0.014589369      0.63671875               0.0372390999421369              0.9261498278924959              0.0136885289945004              0.9189621268888043              1.3999999999999999              1.3999999999999999
      0.014589369      0.64453125               0.0372390999421369              0.9261498278924959              0.0136885289945004              0.9189621268888043              1.3999999999999999              1.3999999999999999
      0.014589369      0.65234375               0.0372390999421369              0.9261498278924959              0.0136885289945004              0.9189621268888043              1.3999999999999999              1.3999999999999999
      0.014589369      0.66015625               0.0372390999421369              0.9261498278924959              0.0136885289945004              0.9189621268888043              1.3999999999999999              1.3999999999999999
      0.014589369      0.66796875               0.0372390999421369              0.9261498278924959              0.0136885289945004              0.9189621268888043              1.3999999999999999              1.3999999999999999
      0.014589369      0.67578125               0.0372390999421369              0.9261498278924959              0.0136885289945004              0.9189621268888043              1.3999999999999999              1.3999999999999999
      0.014589369      0.68359375               0.0372390999421369              0.9261498278924959              0.0136885289945004              0.9189621268888043              1.3999999999999999              1.3999999999999999
      0.014589369      0.69140625               0.0372390999421369              0.9261498278924959              0.0136885289945004              0.9189621268888043              1.3999999999999999              1.3999999999999999
      0.014589369      0.69921875               0.0372390999421369              0.9261498278924959              0.0136885289945004              0.9189621268888043              1.3999999999999999              1.3999999999999999
      0.014589369      0.70703125               0.0372390999421369              0.9261498278924959              0.0136885289945004              0.9189621268888043              1.3999999999999999              1.3999999999999999
      0.014589369      0.71484375               0.0372390999421369              0.9261498278924959              0.0136885289945004              0.9189621268888043              1.3999999999999999              1.3999999999999999
      0.014589369      0.72265625               0.0372390999421369              0.9261498278924959              0.0136885289945004              0.9189621268888043              1.3999999999999999              1.3999999999999999
      0.014589369      0.73046875               0.0372390999421369              0.9261498278924959              0.0136885289945004              0.9189621268888043              1.3999999999999999              1.3999999999999999
      0.014589369      0.73828125               0.0372390999421369              0.9261498278924959              0.0136885289945004              0.9189621268888043              1.3999999999999999              1.3999999999999999
      0.014589369      0.74609375               0.0372390999421369              0.9261498278924959              0.0136885289945004              0.9189621268888043              1.3999999999999999              1.3999999999999999
      0.014589369      0.75390625               0.0372390999421369              0.9261498278924959              0.0136885289945004              0.9189621268888043              1.3999999999999999              1.3999999999999999
      0.014589369      0.76171875               0.0372390999421369              0.9261498278924959              0.0136885289945004              0.9189621268888043              1.3999999999999999              1.3999999999999999
      0.014589369      0.76953125               0.0372390999421369              0.9261498278924959              0.0136885289945004              0.9189621268888043              1.3999999999999999              1.3999999999999999
      0.014589369      0.77734375               0.0372390999421369              0.9261498278924959              0.0136885289945004              0.9189621268888043              1.3999999999999999              1.3999999999999999
      0.014589369      0.78515625               0.0372390999421369              0.9261498278924959              0.0136885289945004              0.9189621268888043              1.3999999999999999              1.3999999999999999
      0.014589369      0.79296875               0.0372390999421369              0.9261498278924959              0.0136885289945004              0.9189621268888043              1.3999999999999999              1.3999999999999999
      0.014589369      0.80078125               0.0372390999421369              0.9261498278924959              0.0136885289945004              0.9189621268888043              1.3999999999999999              1.3999999999999999
      0.014589369      0.80859375               0.0372390999421369              0.9261498278924959              0.0136885289945004              0.9189621268888043              1.3999999999999999              1.3999999999999999
      0.014589369      0.81640625               0.0372390999421369              0.9261498278924959              0.0136885289945004              0.9189621268888043              1.3999999999999999              1.3999999999999999
      0.014589369      0.82421875               0.0372390999421369              0.9261498278924959              0.0136885289945004              0.9189621268888043              1.3999999999999999              1.3999999999999999
      0.014589369      0.83203125               0.0372390999421369              0.9261498278924959              0.0136885289945004              0.9189621268888043              1.3999999999999999              1.3999999999999999
      0.014589369      0.83984375               0.0372390999421369              0.9261498278924959              0.0136885289945004              0.9189621268888043              1.3999999999999999              1.3999999999999999
      0.014589369      0.84765625               0.0372390999421369              0.9261498278924959              0.0136885289945004              0.9189621268888043              1.3999999999999999              1.3999999999999999
      0.014589369      0.85546875               0.0372390999421369              0.9261498278924959              0.0136885289945004              0.9189621268888043              1.3999999999999999              1.3999999999999999
      0.014589369      0.86328125               0.0372390999421369              0.9261498278924959              0.0136885289945004              0.9189621268888043              1.3999999999999999              1.3999999999999999
      0.014589369      0.87109375               0.0372390999421369              0.9261498278924959              0.0136885289945004              0.9189621268888043              1.3999999999999999              1.3999999999999999
      0.014589369      0.87890625               0.0372390999421369              0.9261498278924959              0.0136885289945004              0.9189621268888043              1.3999999999999999              1.3999999999999999
      0.014589369      0.88671875               0.0372390999421369              0.9261498278924959              0.0136885289945004              0.9189621268888043              1.3999999999999999              1.3999999999999999
      0.014589369      0.89453125               0.0372390999421369              0.9261498278924959              0.0136885289945004              0.9189621268888043              1.3999999999999999              1.3999999999999999
      0.014589369      0.90234375               0.0372390999421369              0.9261498278924959              0.0136885289945004              0.9189621268888043              1.3999999999999999              1.3999999999999999
      0.014589369      0.91015625               0.0372390999421369              0.9261498278924959              0.0136885289945004              0.9189621268888043              1.3999999999999999              1.3999999999999999
      0.014589369      0.91796875               0.0372390999421369              0.9261498278924959              0.0136885289945004              0.9189621268888043              1.3999999999999999              1.3999999999999999
      0.014589369      0.92578125               0.0372390999421369              0.9261498278924959              0.0136885289945004              0.9189621268888043              1.3999999999999999              1.3999999999999999
      0.014589369      0.93359375               0.0372390999421369              0.9261498278924959              0.0136885289945004              0.9189621268888043              1.3999999999999999              1.3999999999999999
      0.014589369      0.94140625               0.0372390999421369              0.9261498278924959              0.0136885289945004              0.9189621268888043              1.3999999999999999              1.3999999999999999
      0.014589369      0.94921875               0.0372390999421369              0.9261498278924959              0.0136885289945004              0.9189621268888043              1.3999999999999999              1.3999999999999999
      0.014589369      0.95703125               0.0372390999421369              0.9261498278924959              0.0136885289945004              0.9189621268888043              1.3999999999999999              1.3999999999999999
      0.014589369      0.96484375               0.0372390999421369              0.9261498278924959              0.0136885289945004              0.9189621268888043              1.3999999999999999              1.3999999999999999
      0.014589369      0.97265625               0.0372390999421369              0.9261498278924959              0.0136885289945004              0.9189621268888043              1.3999999999999999              1.3999999999999999
      0.014589369      0.98046875               0.0372390999421369              0.9261498278924959              0.0136885289945004              0.9189621268888043              1.3999999999999999              1.3999999999999999
      0.014589369      0.98828125               0.0372390999421369              0.9261498278924959              0.0136885289945004              0.9189621268888043              1.3999999999999999              1.3999999999999999
      0.014589369      0.99609375               0.0372390999421369              0.9261498278924959              0.0136885289945004              0.9189621268888043              1.3999999999999999              1.3999999999999999
