      0.140994637      0.00390625               1.0000000000000000             -2.0000000000000000              0.3999999999999999              1.0000000000000000              1.3999999999999999              1.3999999999999999
      0.140994637      0.01171875               1.0000000000000000             -2.0000000000000000              0.3999999999999999              1.0000000000000000              1.3999999999999999              1.3999999999999999
      0.140994637      0.01953125               0.9999996879011267             -1.9999997664466498              0.3999998252247027              0.9999998751605912              1.3999999999999999              1.3999999999999999
      0.140994637      0.02734375               0.9999950215658394             -1.9999962744884985              0.3999972120894787              0.9999980086479437              1.3999999999999999              1.3999999999999999
      0.140994637      0.03515625               0.9999608666696326             -1.9999707155099828              0.3999780859410909              0.9999843475705632              1.3999999999999999              1.3999999999999999
      0.140994637      0.04296875               0.9997978656877557             -1.9998487379842513              0.3998868180937049              0.9999191632066171              1.3999999999999999              1.3999999999999999
      0.140994637      0.05078125               0.9992277383402872             -1.9994220705076886              0.3995676991683639              0.9996912711611772              1.3999999999999999              1.3999999999999999
      0.140994637      0.05859375               0.9976688095522216             -1.9982550110383250              0.3986958555823317              0.9990686582686601              1.3999999999999999              1.3999999999999999
      0.140994637      0.06640625               0.9941916164080185             -1.9956490399301494              0.3967546492040472              0.9976815400976442              1.3999999999999999              1.3999999999999999
      0.140994637      0.07421875               0.9876563484424856             -1.9907384486357589              0.3931177873005368              0.9950773564116604              1.3999999999999999              1.3999999999999999
      0.140994637      0.08203125               0.9770156973007875             -1.9827026486272534              0.3872259352875711              0.9908385718810985              1.3999999999999999              1.3999999999999999
      0.140994637      0.08984375               0.9616242202052893             -1.9709814871599078              0.3787642735251981              0.9846992868075299              1.3999999999999999              1.3999999999999999
      0.140994637      0.09765625               0.9413850277321987             -1.9553785226587723              0.3677416887321878              0.9765974545454571              1.3999999999999999              1.3999999999999999
      0.140994637      0.10546875               0.9166923955116589             -1.9360280596775186              0.3544488522789201              0.9666515562209990              1.3999999999999999              1.3999999999999999
      0.140994637      0.11328125               0.8882531816795526             -1.9132830460577515              0.3393466469349715              0.9550955007369586              1.3999999999999999              1.3999999999999999
      0.140994637      0.12109375               0.8568958408259988             -1.8875944086147152              0.3229508047694536              0.9422113790928999              1.3999999999999999              1.3999999999999999
      0.140994637      0.12890625               0.8234306112420335             -1.8594216976161377              0.3057501196460360              0.9282813739000226              1.3999999999999999              1.3999999999999999
      0.140994637      0.13671875               0.7885730881946257             -1.8291825097921277              0.2881641235373707              0.9135618747689551              1.3999999999999999              1.3999999999999999
      0.140994637      0.14453125               0.7529165488243841             -1.7972318350446277              0.2705301808804154              0.8982741224868335              1.3999999999999999              1.3999999999999999
      0.140994637      0.15234375               0.7169331805044256             -1.7638594066961779              0.2531073541686442              0.8826044080933768              1.3999999999999999              1.3999999999999999
      0.140994637      0.16015625               0.6809888416066104             -1.7292958141285966              0.2360875543724902              0.8667086005972764              1.3999999999999999              1.3999999999999999
      0.140994637      0.16796875               0.6453620582204902             -1.6937217333939922              0.2196084202254682              0.8507178932668142              1.3999999999999999              1.3999999999999999
      0.140994637      0.17578125               0.6102625652154162             -1.6572773661402920              0.2037652589283953              0.8347442172553563              1.3999999999999999              1.3999999999999999
      0.140994637      0.18359375               0.5758474663114200             -1.6200708415446481              0.1886210730888127              0.8188847052545939              1.3999999999999999              1.3999999999999999
      0.140994637      0.19140625               0.5422345108728173             -1.5821852139608050              0.1742145429152253              0.8032250779962244              1.3999999999999999              1.3999999999999999
      0.140994637      0.19921875               0.5095126144777127             -1.5436840946829546              0.1605661859188205              0.7878420541335005              1.3999999999999999              1.3999999999999999
      0.140994637      0.20703125               0.4777499712310692             -1.5046161109448282              0.1476830212426676              0.7728049719297579              1.3999999999999999              1.3999999999999999
      0.140994637      0.21484375               0.4470001424683276             -1.4650184196949556              0.1355620603441671              0.7581768296291561              1.3999999999999999              1.3999999999999999
      0.140994637      0.22265625               0.4173064745210724             -1.4249194872799709              0.1241929001949249              0.7440149373278752              1.3999999999999999              1.3999999999999999
      0.140994637      0.23046875               0.3887051506148883             -1.3843413128983475              0.1135596414899190              0.7303713451589228              1.3999999999999999              1.3999999999999999
      0.140994637      0.23828125               0.3612271391528639             -1.3433012387188441              0.1036423053358595              0.7172931799844657              1.3999999999999999              1.3999999999999999
      0.140994637      0.24609375               0.3348992675029231             -1.3018134587368375              0.0944178812935922              0.7048229904889842              1.3999999999999999              1.3999999999999999
      0.140994637      0.25390625               0.3097446254064773             -1.2598903132968799              0.0858611074979169              0.6929991713757866              1.3999999999999999              1.3999999999999999
      0.140994637      0.26171875               0.2857824818018467             -1.2175434364371365              0.0779450585949971              0.6818565128936244              1.3999999999999999              1.3999999999999999
      0.140994637      0.26953125               0.2630278799368238             -1.1747848078375305              0.0706415979275281              0.6714269029626767              1.3999999999999999              1.3999999999999999
      0.140994637      0.27734375               0.2414910558681939             -1.1316277490388993              0.0639217354507631              0.6617401959355759              1.3999999999999999              1.3999999999999999
      0.140994637      0.28515625               0.2211768037228295             -1.0880878936281566              0.0577559212572941              0.6528252543344426              1.3999999999999999              1.3999999999999999
      0.140994637      0.29296875               0.2020838873367368             -1.0441841522103490              0.0521142955756141              0.6447111675060834              1.3999999999999999              1.3999999999999999
      0.140994637      0.30078125               0.1842045726581912             -0.9999396842484082              0.0469669091515282              0.6374286543727619              1.3999999999999999              1.3999999999999999
      0.140994637      0.30859375               0.1675243293337128             -0.9553828793830988              0.0422839226396268              0.6310116686901657              1.3999999999999999              1.3999999999999999
      0.140994637      0.31640625               0.1520217233839685             -0.9105483399667282              0.0380357897406708              0.6254992525739558              1.3999999999999999              1.3999999999999999
      0.140994637      0.32421875               0.1376684940599301             -0.8654778439111426              0.0341934260885471              0.6209377519896077              1.3999999999999999              1.3999999999999999
      0.140994637      0.33203125               0.1244297697017022             -0.8202212535569477              0.0307283641433253              0.6173836899519909              1.3999999999999999              1.3999999999999999
      0.140994637      0.33984375               0.1122643057486848             -0.7748373240885100              0.0276128932522305              0.6149081194615134              1.3999999999999999              1.3999999999999999
      0.140994637      0.34765625               0.1011244436207427             -0.7293943588459548              0.0248201828991635              0.6136049309761642              1.3999999999999999              1.3999999999999999
      0.140994637      0.35546875               0.0909549175237602             -0.6839706847627012              0.0223243847232498              0.6136112628934539              1.3999999999999999              1.3999999999999999
      0.140994637      0.36328125               0.0816873790047020             -0.6386548607663656              0.0201006891187752              0.6151711979159656              1.3999999999999999              1.3999999999999999
      0.140994637      0.37109375               0.0732250085112295             -0.5935300688219439              0.0181260834621136              0.6188488001108878              1.3999999999999999              1.3999999999999999
      0.140994637      0.37890625               0.0655386104950582             -0.5487053241373133              0.0163817408311177              0.6248889283498374              1.3999999999999999              1.3999999999999999
      0.140994637      0.38671875               0.0586601899161560             -0.5043671526627660              0.0148466458804062              0.6327394226658120              1.3999999999999999              1.3999999999999999
      0.140994637      0.39453125               0.0525448260469460             -0.4606201240628604              0.0134990819011456              0.6422650390489888              1.3999999999999999              1.3999999999999999
      0.140994637      0.40234375               0.0471456716515572             -0.4175656437769016              0.0123190899045579              0.6532460707955042              1.3999999999999999              1.3999999999999999
      0.140994637      0.41015625               0.0424146134382204             -0.3753155726673109              0.0112880583987669              0.6653401672049118              1.3999999999999999              1.3999999999999999
      0.140994637      0.41796875               0.0383020903281856             -0.3339869075349179              0.0103890619350741              0.6781001928391476              1.3999999999999999              1.3999999999999999
      0.140994637      0.42578125               0.0347574620657531             -0.2937110597198501              0.0096069581688077              0.6909996873932827              1.3999999999999999              1.3999999999999999
      0.140994637      0.43359375               0.0317299111037420             -0.2546451500039909              0.0089285608340818              0.7034813936989585              1.3999999999999999              1.3999999999999999
      0.140994637      0.44140625               0.0291700066756122             -0.2169816719875044              0.0083428423857269              0.7150188958220198              1.3999999999999999              1.3999999999999999
      0.140994637      0.44921875               0.0270312608186317             -0.1809575253078422              0.0078409946555201              0.7251784062284290              1.3999999999999999              1.3999999999999999
      0.140994637      0.45703125               0.0252716341084998             -0.1468524110252070              0.0074163967362994              0.7336681023928104              1.3999999999999999              1.3999999999999999
      0.140994637      0.46484375               0.0238547429302394             -0.1149656279688965              0.0070644634817521              0.7403625667242888              1.3999999999999999              1.3999999999999999
      0.140994637      0.47265625               0.0227508876865313             -0.0855494741211069              0.0067824842552620              0.7452988591822339              1.3999999999999999              1.3999999999999999
      0.140994637      0.48046875               0.0219380110867297             -0.0586823729807987              0.0065695401710692              0.7486481050056426              1.3999999999999999              1.3999999999999999
      0.140994637      0.48828125               0.0214019567948409             -0.0341145307561769              0.0064262509840836              0.7506616153940561              1.3999999999999999              1.3999999999999999
      0.140994637      0.49609375               0.0211353337972054             -0.0111744816357108              0.0063540401386642              0.7515897548190549              1.3999999999999999              1.3999999999999999
      0.140994637      0.50390625               0.0211353337972054              0.0111744816357108              0.0063540401386642              0.7515897548190549              1.3999999999999999              1.3999999999999999
      0.140994637      0.51171875               0.0214019567948409              0.0341145307561769              0.0064262509840836              0.7506616153940561              1.3999999999999999              1.3999999999999999
      0.140994637      0.51953125               0.0219380110867297              0.0586823729807987              0.0065695401710692              0.7486481050056426              1.3999999999999999              1.3999999999999999
      0.140994637      0.52734375               0.0227508876865313              0.0855494741211069              0.0067824842552620              0.7452988591822339              1.3999999999999999              1.3999999999999999
      0.140994637      0.53515625               0.0238547429302394              0.1149656279688965              0.0070644634817521              0.7403625667242888              1.3999999999999999              1.3999999999999999
      0.140994637      0.54296875               0.0252716341084998              0.1468524110252070              0.0074163967362994              0.7336681023928104              1.3999999999999999              1.3999999999999999
      0.140994637      0.55078125               0.0270312608186317              0.1809575253078422              0.0078409946555201              0.7251784062284290              1.3999999999999999              1.3999999999999999
      0.140994637      0.55859375               0.0291700066756122              0.2169816719875044              0.0083428423857269              0.7150188958220198              1.3999999999999999              1.3999999999999999
      0.140994637      0.56640625               0.0317299111037420              0.2546451500039909              0.0089285608340818              0.7034813936989585              1.3999999999999999              1.3999999999999999
      0.140994637      0.57421875               0.0347574620657531              0.2937110597198501              0.0096069581688077              0.6909996873932827              1.3999999999999999              1.3999999999999999
      0.140994637      0.58203125               0.0383020903281856              0.3339869075349179              0.0103890619350741              0.6781001928391476              1.3999999999999999              1.3999999999999999
      0.140994637      0.58984375               0.0424146134382204              0.3753155726673109              0.0112880583987669              0.6653401672049118              1.3999999999999999              1.3999999999999999
      0.140994637      0.59765625               0.0471456716515572              0.4175656437769016              0.0123190899045579              0.6532460707955042              1.3999999999999999              1.3999999999999999
      0.140994637      0.60546875               0.0525448260469460              0.4606201240628604              0.0134990819011456              0.6422650390489888              1.3999999999999999              1.3999999999999999
      0.140994637      0.61328125               0.0586601899161560              0.5043671526627660              0.0148466458804062              0.6327394226658120              1.3999999999999999              1.3999999999999999
      0.140994637      0.62109375               0.0655386104950582              0.5487053241373133              0.0163817408311177              0.6248889283498374              1.3999999999999999              1.3999999999999999
      0.140994637      0.62890625               0.0732250085112295              0.5935300688219439              0.0181260834621136              0.6188488001108878              1.3999999999999999              1.3999999999999999
      0.140994637      0.63671875               0.0816873790047020              0.6386548607663656              0.0201006891187752              0.6151711979159656              1.3999999999999999              1.3999999999999999
      0.140994637      0.64453125               0.0909549175237602              0.6839706847627012              0.0223243847232498              0.6136112628934539              1.3999999999999999              1.3999999999999999
      0.140994637      0.65234375               0.1011244436207427              0.7293943588459548              0.0248201828991635              0.6136049309761642              1.3999999999999999              1.3999999999999999
      0.140994637      0.66015625               0.1122643057486848              0.7748373240885100              0.0276128932522305              0.6149081194615134              1.3999999999999999              1.3999999999999999
      0.140994637      0.66796875               0.1244297697017022              0.8202212535569477              0.0307283641433253              0.6173836899519909              1.3999999999999999              1.3999999999999999
      0.140994637      0.67578125               0.1376684940599301              0.8654778439111426              0.0341934260885471              0.6209377519896077              1.3999999999999999              1.3999999999999999
      0.140994637      0.68359375               0.1520217233839685              0.9105483399667282              0.0380357897406708              0.6254992525739558              1.3999999999999999              1.3999999999999999
      0.140994637      0.69140625               0.1675243293337128              0.9553828793830988              0.0422839226396268              0.6310116686901657              1.3999999999999999              1.3999999999999999
      0.140994637      0.69921875               0.1842045726581912              0.9999396842484082              0.0469669091515282              0.6374286543727619              1.3999999999999999              1.3999999999999999
      0.140994637      0.70703125               0.2020838873367368              1.0441841522103490              0.0521142955756141              0.6447111675060834              1.3999999999999999              1.3999999999999999
      0.140994637      0.71484375               0.2211768037228295              1.0880878936281566              0.0577559212572941              0.6528252543344426              1.3999999999999999              1.3999999999999999
      0.140994637      0.72265625               0.2414910558681939              1.1316277490388993              0.0639217354507631              0.6617401959355759              1.3999999999999999              1.3999999999999999
      0.140994637      0.73046875               0.2630278799368238              1.1747848078375305              0.0706415979275281              0.6714269029626767              1.3999999999999999              1.3999999999999999
      0.140994637      0.73828125               0.2857824818018467              1.2175434364371365              0.0779450585949971              0.6818565128936244              1.3999999999999999              1.3999999999999999
      0.140994637      0.74609375               0.3097446254064773              1.2598903132968799              0.0858611074979169              0.6929991713757866              1.3999999999999999              1.3999999999999999
      0.140994637      0.75390625               0.3348992675029231              1.3018134587368375              0.0944178812935922              0.7048229904889842              1.3999999999999999              1.3999999999999999
      0.140994637      0.76171875               0.3612271391528639              1.3433012387188441              0.1036423053358595              0.7172931799844657              1.3999999999999999              1.3999999999999999
      0.140994637      0.76953125               0.3887051506148883              1.3843413128983475              0.1135596414899190              0.7303713451589228              1.3999999999999999              1.3999999999999999
      0.140994637      0.77734375               0.4173064745210724              1.4249194872799709              0.1241929001949249              0.7440149373278752              1.3999999999999999              1.3999999999999999
      0.140994637      0.78515625               0.4470001424683276              1.4650184196949556              0.1355620603441671              0.7581768296291561              1.3999999999999999              1.3999999999999999
      0.140994637      0.79296875               0.4777499712310692              1.5046161109448282              0.1476830212426676              0.7728049719297579              1.3999999999999999              1.3999999999999999
      0.140994637      0.80078125               0.5095126144777127              1.5436840946829546              0.1605661859188205              0.7878420541335005              1.3999999999999999              1.3999999999999999
      0.140994637      0.80859375               0.5422345108728173              1.5821852139608050              0.1742145429152253              0.8032250779962244              1.3999999999999999              1.3999999999999999
      0.140994637      0.81640625               0.5758474663114200              1.6200708415446481              0.1886210730888127              0.8188847052545939              1.3999999999999999              1.3999999999999999
      0.140994637      0.82421875               0.6102625652154162              1.6572773661402920              0.2037652589283953              0.8347442172553563              1.3999999999999999              1.3999999999999999
      0.140994637      0.83203125               0.6453620582204902              1.6937217333939922              0.2196084202254682              0.8507178932668142              1.3999999999999999              1.3999999999999999
      0.140994637      0.83984375               0.6809888416066104              1.7292958141285966              0.2360875543724902              0.8667086005972764              1.3999999999999999              1.3999999999999999
      0.140994637      0.84765625               0.7169331805044256              1.7638594066961779              0.2531073541686442              0.8826044080933768              1.3999999999999999              1.3999999999999999
      0.140994637      0.85546875               0.7529165488243841              1.7972318350446277              0.2705301808804154              0.8982741224868335              1.3999999999999999              1.3999999999999999
      0.140994637      0.86328125               0.7885730881946257              1.8291825097921277              0.2881641235373707              0.9135618747689551              1.3999999999999999              1.3999999999999999
      0.140994637      0.87109375               0.8234306112420335              1.8594216976161377              0.3057501196460360              0.9282813739000226              1.3999999999999999              1.3999999999999999
      0.140994637      0.87890625               0.8568958408259988              1.8875944086147152              0.3229508047694536              0.9422113790928999              1.3999999999999999              1.3999999999999999
      0.140994637      0.88671875               0.8882531816795526              1.9132830460577515              0.3393466469349715              0.9550955007369586              1.3999999999999999              1.3999999999999999
      0.140994637      0.89453125               0.9166923955116589              1.9360280596775186              0.3544488522789201              0.9666515562209990              1.3999999999999999              1.3999999999999999
      0.140994637      0.90234375               0.9413850277321987              1.9553785226587723              0.3677416887321878              0.9765974545454571              1.3999999999999999              1.3999999999999999
      0.140994637      0.91015625               0.9616242202052893              1.9709814871599078              0.3787642735251981              0.9846992868075299              1.3999999999999999              1.3999999999999999
      0.140994637      0.91796875               0.9770156973007875              1.9827026486272534              0.3872259352875711              0.9908385718810985              1.3999999999999999              1.3999999999999999
      0.140994637      0.92578125               0.9876563484424856              1.9907384486357589              0.3931177873005368              0.9950773564116604              1.3999999999999999              1.3999999999999999
      0.140994637      0.93359375               0.9941916164080185              1.9956490399301494              0.3967546492040472              0.9976815400976442              1.3999999999999999              1.3999999999999999
      0.140994637      0.94140625               0.9976688095522216              1.9982550110383250              0.3986958555823317              0.9990686582686601              1.3999999999999999              1.3999999999999999
      0.140994637      0.94921875               0.9992277383402872              1.9994220705076886              0.3995676991683639              0.9996912711611772              1.3999999999999999              1.3999999999999999
      0.140994637      0.95703125               0.9997978656877557              1.9998487379842513              0.3998868180937049              0.9999191632066171              1.3999999999999999              1.3999999999999999
      0.140994637      0.96484375               0.9999608666696326              1.9999707155099828              0.3999780859410909              0.9999843475705632              1.3999999999999999              1.3999999999999999
      0.140994637      0.97265625               0.9999950215658394              1.9999962744884985              0.3999972120894787              0.9999980086479437              1.3999999999999999              1.3999999999999999
      0.140994637      0.98046875               0.9999996879011267              1.9999997664466498              0.3999998252247027              0.9999998751605912              1.3999999999999999              1.3999999999999999
      0.140994637      0.98828125               1.0000000000000000              2.0000000000000000              0.3999999999999999              1.0000000000000000              1.3999999999999999              1.3999999999999999
      0.140994637      0.99609375               1.0000000000000000              2.0000000000000000              0.3999999999999999              1.0000000000000000              1.3999999999999999              1.3999999999999999
