      0.040933927      0.00390625               1.0000000000000000             -2.0000000000000000              0.3999999999999999              1.0000000000000000              1.3999999999999999              1.3999999999999999
      0.040933927      0.01171875               1.0000000000000000             -2.0000000000000000              0.3999999999999999              1.0000000000000000              1.3999999999999999              1.3999999999999999
      0.040933927      0.01953125               1.0000000000000000             -2.0000000000000000              0.3999999999999999              1.0000000000000000              1.3999999999999999              1.3999999999999999
      0.040933927      0.02734375               1.0000000000000000             -2.0000000000000000              0.3999999999999999              1.0000000000000000              1.3999999999999999              1.3999999999999999
      0.040933927      0.03515625               1.0000000000000000             -2.0000000000000000              0.3999999999999999              1.0000000000000000              1.3999999999999999              1.3999999999999999
      0.040933927      0.04296875               1.0000000000000000             -2.0000000000000000              0.3999999999999999              1.0000000000000000              1.3999999999999999              1.3999999999999999
      0.040933927      0.05078125               1.0000000000000000             -2.0000000000000000              0.3999999999999999              1.0000000000000000              1.3999999999999999              1.3999999999999999
      0.040933927      0.05859375               1.0000000000000000             -2.0000000000000000              0.3999999999999999              1.0000000000000000              1.3999999999999999              1.3999999999999999
      0.040933927      0.06640625               1.0000000000000000             -2.0000000000000000              0.3999999999999999              1.0000000000000000              1.3999999999999999              1.3999999999999999
      0.040933927      0.07421875               1.0000000000000000             -2.0000000000000000              0.3999999999999999              1.0000000000000000              1.3999999999999999              1.3999999999999999
      0.040933927      0.08203125               1.0000000000000000             -2.0000000000000000              0.3999999999999999              1.0000000000000000              1.3999999999999999              1.3999999999999999
      0.040933927      0.08984375               1.0000000000000000             -2.0000000000000000              0.3999999999999999              1.0000000000000000              1.3999999999999999              1.3999999999999999
      0.040933927      0.09765625               1.0000000000000000             -2.0000000000000000              0.3999999999999999              1.0000000000000000              1.3999999999999999              1.3999999999999999
      0.040933927      0.10546875               1.0000000000000000             -2.0000000000000000              0.3999999999999999              1.0000000000000000              1.3999999999999999              1.3999999999999999
      0.040933927      0.11328125               1.0000000000000000             -2.0000000000000000              0.3999999999999999              1.0000000000000000              1.3999999999999999              1.3999999999999999
      0.040933927      0.12109375               1.0000000000000000             -2.0000000000000000              0.3999999999999999              1.0000000000000000              1.3999999999999999              1.3999999999999999
      0.040933927      0.12890625               1.0000000000000000             -2.0000000000000000              0.3999999999999999              1.0000000000000000              1.3999999999999999              1.3999999999999999
      0.040933927      0.13671875               1.0000000000000000             -2.0000000000000000              0.3999999999999999              1.0000000000000000              1.3999999999999999              1.3999999999999999
      0.040933927      0.14453125               1.0000000000000000             -2.0000000000000000              0.3999999999999999              1.0000000000000000              1.3999999999999999              1.3999999999999999
      0.040933927      0.15234375               1.0000000000000000             -2.0000000000000000              0.3999999999999999              1.0000000000000000              1.3999999999999999              1.3999999999999999
      0.040933927      0.16015625               1.0000000000000000             -2.0000000000000000              0.3999999999999999              1.0000000000000000              1.3999999999999999              1.3999999999999999
      0.040933927      0.16796875               1.0000000000000000             -2.0000000000000000              0.3999999999999999              1.0000000000000000              1.3999999999999999              1.3999999999999999
      0.040933927      0.17578125               1.0000000000000000             -2.0000000000000000              0.3999999999999999              1.0000000000000000              1.3999999999999999              1.3999999999999999
      0.040933927      0.18359375               1.0000000000000000             -2.0000000000000000              0.3999999999999999              1.0000000000000000              1.3999999999999999              1.3999999999999999
      0.040933927      0.19140625               1.0000000000000000             -2.0000000000000000              0.3999999999999999              1.0000000000000000              1.3999999999999999              1.3999999999999999
      0.040933927      0.19921875               1.0000000000000000             -2.0000000000000000              0.3999999999999999              1.0000000000000000              1.3999999999999999              1.3999999999999999
      0.040933927      0.20703125               1.0000000000000000             -2.0000000000000000              0.3999999999999999              1.0000000000000000              1.3999999999999999              1.3999999999999999
      0.040933927      0.21484375               1.0000000000000000             -2.0000000000000000              0.3999999999999999              1.0000000000000000              1.3999999999999999              1.3999999999999999
      0.040933927      0.22265625               1.0000000000000000             -2.0000000000000000              0.3999999999999999              1.0000000000000000              1.3999999999999999              1.3999999999999999
      0.040933927      0.23046875               1.0000000000000000             -2.0000000000000000              0.3999999999999999              1.0000000000000000              1.3999999999999999              1.3999999999999999
      0.040933927      0.23828125               1.0000000000000000             -2.0000000000000000              0.3999999999999999              1.0000000000000000              1.3999999999999999              1.3999999999999999
      0.040933927      0.24609375               1.0000000000000000             -2.0000000000000000              0.3999999999999999              1.0000000000000000              1.3999999999999999              1.3999999999999999
      0.040933927      0.25390625               1.0000000000000000             -2.0000000000000000              0.3999999999999999              1.0000000000000000              1.3999999999999999              1.3999999999999999
      0.040933927      0.26171875               1.0000000000000000             -2.0000000000000000              0.3999999999999999              1.0000000000000000              1.3999999999999999              1.3999999999999999
      0.040933927      0.26953125               1.0000000000000000             -2.0000000000000000              0.3999999999999999              1.0000000000000000              1.3999999999999999              1.3999999999999999
      0.040933927      0.27734375               1.0000000000000000             -2.0000000000000000              0.3999999999999999              1.0000000000000000              1.3999999999999999              1.3999999999999999
      0.040933927      0.28515625               1.0000000000000000             -2.0000000000000000              0.3999999999999999              1.0000000000000000              1.3999999999999999              1.3999999999999999
      0.040933927      0.29296875               1.0000000000000000             -2.0000000000000000              0.3999999999999999              1.0000000000000000              1.3999999999999999              1.3999999999999999
      0.040933927      0.30078125               1.0000000000000000             -2.0000000000000000              0.3999999999999999              1.0000000000000000              1.3999999999999999              1.3999999999999999
      0.040933927      0.30859375               1.0000000000000000             -2.0000000000000000              0.3999999999999999              1.0000000000000000              1.3999999999999999              1.3999999999999999
      0.040933927      0.31640625               1.0000000000000000             -2.0000000000000000              0.3999999999999999              1.0000000000000000              1.3999999999999999              1.3999999999999999
      0.040933927      0.32421875               1.0000000000000000             -2.0000000000000000              0.3999999999999999              1.0000000000000000              1.3999999999999999              1.3999999999999999
      0.040933927      0.33203125               1.0000000000000000             -2.0000000000000000              0.3999999999999999              1.0000000000000000              1.3999999999999999              1.3999999999999999
      0.040933927      0.33984375               1.0000000000000000             -2.0000000000000000              0.3999999999999999              1.0000000000000000              1.3999999999999999              1.3999999999999999
      0.040933927      0.34765625               1.0000000000000000             -2.0000000000000000              0.3999999999999999              1.0000000000000000              1.3999999999999999              1.3999999999999999
      0.040933927      0.35546875               1.0000000000000000             -2.0000000000000000              0.3999999999999999              1.0000000000000000              1.3999999999999999              1.3999999999999999
      0.040933927      0.36328125               0.9941721441285059             -1.9956691042857786              0.3967679467560066              0.9977345198698326              1.3999999999999999              1.3999999999999999
      0.040933927      0.37109375               0.9695930058563510             -1.9774606810639992              0.3833961978491677              0.9885493076307560              1.3999999999999999              1.3999999999999999
      0.040933927      0.37890625               0.9177535497113373             -1.9387587663366332              0.3561659471482191              0.9702113036235185              1.3999999999999999              1.3999999999999999
      0.040933927      0.38671875               0.8409052327398026             -1.8799233355670824              0.3178106681221284              0.9448468618950405              1.3999999999999999              1.3999999999999999
      0.040933927      0.39453125               0.7471921428792488             -1.8048850275787265              0.2739318612843477              0.9165375462487194              1.3999999999999999              1.3999999999999999
      0.040933927      0.40234375               0.6451746806257586             -1.7176069081940479              0.2294459840413431              0.8890847352332637              1.3999999999999999              1.3999999999999999
      0.040933927      0.41015625               0.5419542332524291             -1.6209197301050253              0.1875818833347500              0.8653031558080797              1.3999999999999999              1.3999999999999999
      0.040933927      0.41796875               0.4431020352488337             -1.5166058427479610              0.1501462829390227              0.8471315351480206              1.3999999999999999              1.3999999999999999
      0.040933927      0.42578125               0.3528280042935364             -1.4057729048568255              0.1179832840172201              0.8359829901644056              1.3999999999999999              1.3999999999999999
      0.040933927      0.43359375               0.2740102744757448             -1.2892111925472447              0.0913133638850013              0.8331198899357724              1.3999999999999999              1.3999999999999999
      0.040933927      0.44140625               0.2081777063435912             -1.1677052673245771              0.0699460739598534              0.8399803608702644              1.3999999999999999              1.3999999999999999
      0.040933927      0.44921875               0.1555777768291672             -1.0423160505263060              0.0534174387679501              0.8583719323005445              1.3999999999999999              1.3999999999999999
      0.040933927      0.45703125               0.1153813252531946             -0.9145731073239625              0.0410900530151857              0.8903098687117923              1.3999999999999999              1.3999999999999999
      0.040933927      0.46484375               0.0859775706068972             -0.7861629276759158              0.0322433184718319              0.9375502891112546              1.3999999999999999              1.3999999999999999
      0.040933927      0.47265625               0.0663637772767603             -0.6539398584309046              0.0263900070116780              0.9941419888451499              1.3999999999999999              1.3999999999999999
      0.040933927      0.48046875               0.0568707691940886             -0.4957912023867345              0.0236492975296589              1.0396068958091904              1.3999999999999999              1.3999999999999999
      0.040933927      0.48828125               0.0535335713256398             -0.3040419950914279              0.0230375556959304              1.0758461991912995              1.3999999999999999              1.3999999999999999
      0.040933927      0.49609375               0.0523468940922220             -0.1020819768221731              0.0229222727167023              1.0947293585517726              1.3999999999999999              1.3999999999999999
      0.040933927      0.50390625               0.0523468940922220              0.1020819768221731              0.0229222727167023              1.0947293585517726              1.3999999999999999              1.3999999999999999
      0.040933927      0.51171875               0.0535335713256398              0.3040419950914279              0.0230375556959304              1.0758461991912995              1.3999999999999999              1.3999999999999999
      0.040933927      0.51953125               0.0568707691940886              0.4957912023867345              0.0236492975296589              1.0396068958091904              1.3999999999999999              1.3999999999999999
      0.040933927      0.52734375               0.0663637772767603              0.6539398584309046              0.0263900070116780              0.9941419888451499              1.3999999999999999              1.3999999999999999
      0.040933927      0.53515625               0.0859775706068972              0.7861629276759158              0.0322433184718319              0.9375502891112546              1.3999999999999999              1.3999999999999999
      0.040933927      0.54296875               0.1153813252531946              0.9145731073239625              0.0410900530151857              0.8903098687117923              1.3999999999999999              1.3999999999999999
      0.040933927      0.55078125               0.1555777768291672              1.0423160505263060              0.0534174387679501              0.8583719323005445              1.3999999999999999              1.3999999999999999
      0.040933927      0.55859375               0.2081777063435912              1.1677052673245771              0.0699460739598534              0.8399803608702644              1.3999999999999999              1.3999999999999999
      0.040933927      0.56640625               0.2740102744757448              1.2892111925472447              0.0913133638850013              0.8331198899357724              1.3999999999999999              1.3999999999999999
      0.040933927      0.57421875               0.3528280042935364              1.4057729048568255              0.1179832840172201              0.8359829901644056              1.3999999999999999              1.3999999999999999
      0.040933927      0.58203125               0.4431020352488337              1.5166058427479610              0.1501462829390227              0.8471315351480206              1.3999999999999999              1.3999999999999999
      0.040933927      0.58984375               0.5419542332524291              1.6209197301050253              0.1875818833347500              0.8653031558080797              1.3999999999999999              1.3999999999999999
      0.040933927      0.59765625               0.6451746806257586              1.7176069081940479              0.2294459840413431              0.8890847352332637              1.3999999999999999              1.3999999999999999
      0.040933927      0.60546875               0.7471921428792488              1.8048850275787265              0.2739318612843477              0.9165375462487194              1.3999999999999999              1.3999999999999999
      0.040933927      0.61328125               0.8409052327398026              1.8799233355670824              0.3178106681221284              0.9448468618950405              1.3999999999999999              1.3999999999999999
      0.040933927      0.62109375               0.9177535497113373              1.9387587663366332              0.3561659471482191              0.9702113036235185              1.3999999999999999              1.3999999999999999
      0.040933927      0.62890625               0.9695930058563510              1.9774606810639992              0.3833961978491677              0.9885493076307560              1.3999999999999999              1.3999999999999999
      0.040933927      0.63671875               0.9941721441285059              1.9956691042857786              0.3967679467560066              0.9977345198698326              1.3999999999999999              1.3999999999999999
      0.040933927      0.64453125               1.0000000000000000              2.0000000000000000              0.3999999999999999              1.0000000000000000              1.3999999999999999              1.3999999999999999
      0.040933927      0.65234375               1.0000000000000000              2.0000000000000000              0.3999999999999999              1.0000000000000000              1.3999999999999999              1.3999999999999999
      0.040933927      0.66015625               1.0000000000000000              2.0000000000000000              0.3999999999999999              1.0000000000000000              1.3999999999999999              1.3999999999999999
      0.040933927      0.66796875               1.0000000000000000              2.0000000000000000              0.3999999999999999              1.0000000000000000              1.3999999999999999              1.3999999999999999
      0.040933927      0.67578125               1.0000000000000000              2.0000000000000000              0.3999999999999999              1.0000000000000000              1.3999999999999999              1.3999999999999999
      0.040933927      0.68359375               1.0000000000000000              2.0000000000000000              0.3999999999999999              1.0000000000000000              1.3999999999999999              1.3999999999999999
      0.040933927      0.69140625               1.0000000000000000              2.0000000000000000              0.3999999999999999              1.0000000000000000              1.3999999999999999              1.3999999999999999
      0.040933927      0.69921875               1.0000000000000000              2.0000000000000000              0.3999999999999999              1.0000000000000000              1.3999999999999999              1.3999999999999999
      0.040933927      0.70703125               1.0000000000000000              2.0000000000000000              0.3999999999999999              1.0000000000000000              1.3999999999999999              1.3999999999999999
      0.040933927      0.71484375               1.0000000000000000              2.0000000000000000              0.3999999999999999              1.0000000000000000              1.3999999999999999              1.3999999999999999
      0.040933927      0.72265625               1.0000000000000000              2.0000000000000000              0.3999999999999999              1.0000000000000000              1.3999999999999999              1.3999999999999999
      0.040933927      0.73046875               1.0000000000000000              2.0000000000000000              0.3999999999999999              1.0000000000000000              1.3999999999999999              1.3999999999999999
      0.040933927      0.73828125               1.0000000000000000              2.0000000000000000              0.3999999999999999              1.0000000000000000              1.3999999999999999              1.3999999999999999
      0.040933927      0.74609375               1.0000000000000000              2.0000000000000000              0.3999999999999999              1.0000000000000000              1.3999999999999999              1.3999999999999999
      0.040933927      0.75390625               1.0000000000000000              2.0000000000000000              0.3999999999999999              1.0000000000000000              1.3999999999999999              1.3999999999999999
      0.040933927      0.76171875               1.0000000000000000              2.0000000000000000              0.3999999999999999              1.0000000000000000              1.3999999999999999              1.3999999999999999
      0.040933927      0.76953125               1.0000000000000000              2.0000000000000000              0.3999999999999999              1.0000000000000000              1.3999999999999999              1.3999999999999999
      0.040933927      0.77734375               1.0000000000000000              2.0000000000000000              0.3999999999999999              1.0000000000000000              1.3999999999999999              1.3999999999999999
      0.040933927      0.78515625               1.0000000000000000              2.0000000000000000              0.3999999999999999              1.0000000000000000              1.3999999999999999              1.3999999999999999
      0.040933927      0.79296875               1.0000000000000000              2.0000000000000000              0.3999999999999999              1.0000000000000000              1.3999999999999999              1.3999999999999999
      0.040933927      0.80078125               1.0000000000000000              2.0000000000000000              0.3999999999999999              1.0000000000000000              1.3999999999999999              1.3999999999999999
      0.040933927      0.80859375               1.0000000000000000              2.0000000000000000              0.3999999999999999              1.0000000000000000              1.3999999999999999              1.3999999999999999
      0.040933927      0.81640625               1.0000000000000000              2.0000000000000000              0.3999999999999999              1.0000000000000000              1.3999999999999999              1.3999999999999999
      0.040933927      0.82421875               1.0000000000000000              2.0000000000000000              0.3999999999999999              1.0000000000000000              1.3999999999999999              1.3999999999999999
      0.040933927      0.83203125               1.0000000000000000              2.0000000000000000              0.3999999999999999              1.0000000000000000              1.3999999999999999              1.3999999999999999
      0.040933927      0.83984375               1.0000000000000000              2.0000000000000000              0.3999999999999999              1.0000000000000000              1.3999999999999999              1.3999999999999999
      0.040933927      0.84765625               1.0000000000000000              2.0000000000000000              0.3999999999999999              1.0000000000000000              1.3999999999999999              1.3999999999999999
      0.040933927      0.85546875               1.0000000000000000              2.0000000000000000              0.3999999999999999              1.0000000000000000              1.3999999999999999              1.3999999999999999
      0.040933927      0.86328125               1.0000000000000000              2.0000000000000000              0.3999999999999999              1.0000000000000000              1.3999999999999999              1.3999999999999999
      0.040933927      0.87109375               1.0000000000000000              2.0000000000000000              0.3999999999999999              1.0000000000000000              1.3999999999999999              1.3999999999999999
      0.040933927      0.87890625               1.0000000000000000              2.0000000000000000              0.3999999999999999              1.0000000000000000              1.3999999999999999              1.3999999999999999
      0.040933927      0.88671875               1.0000000000000000              2.0000000000000000              0.3999999999999999              1.0000000000000000              1.3999999999999999              1.3999999999999999
      0.040933927      0.89453125               1.0000000000000000              2.0000000000000000              0.3999999999999999              1.0000000000000000              1.3999999999999999              1.3999999999999999
      0.040933927      0.90234375               1.0000000000000000              2.0000000000000000              0.3999999999999999              1.0000000000000000              1.3999999999999999              1.3999999999999999
      0.040933927      0.91015625               1.0000000000000000              2.0000000000000000              0.3999999999999999              1.0000000000000000              1.3999999999999999              1.3999999999999999
      0.040933927      0.91796875               1.0000000000000000              2.0000000000000000              0.3999999999999999              1.0000000000000000              1.3999999999999999              1.3999999999999999
      0.040933927      0.92578125               1.0000000000000000              2.0000000000000000              0.3999999999999999              1.0000000000000000              1.3999999999999999              1.3999999999999999
      0.040933927      0.93359375               1.0000000000000000              2.0000000000000000              0.3999999999999999              1.0000000000000000              1.3999999999999999              1.3999999999999999
      0.040933927      0.94140625               1.0000000000000000              2.0000000000000000              0.3999999999999999              1.0000000000000000              1.3999999999999999              1.3999999999999999
      0.040933927      0.94921875               1.0000000000000000              2.0000000000000000              0.3999999999999999              1.0000000000000000              1.3999999999999999              1.3999999999999999
      0.040933927      0.95703125               1.0000000000000000              2.0000000000000000              0.3999999999999999              1.0000000000000000              1.3999999999999999              1.3999999999999999
      0.040933927      0.96484375               1.0000000000000000              2.0000000000000000              0.3999999999999999              1.0000000000000000              1.3999999999999999              1.3999999999999999
      0.040933927      0.97265625               1.0000000000000000              2.0000000000000000              0.3999999999999999              1.0000000000000000              1.3999999999999999              1.3999999999999999
      0.040933927      0.98046875               1.0000000000000000              2.0000000000000000              0.3999999999999999              1.0000000000000000              1.3999999999999999              1.3999999999999999
      0.040933927      0.98828125               1.0000000000000000              2.0000000000000000              0.3999999999999999              1.0000000000000000              1.3999999999999999              1.3999999999999999
      0.040933927      0.99609375               1.0000000000000000              2.0000000000000000              0.3999999999999999              1.0000000000000000              1.3999999999999999              1.3999999999999999
