      0.040933927      0.00390625               1.0000000000000000             -2.0000000000000000              0.3999999999999999              1.0000000000000000              1.3999999999999999              1.3999999999999999
      0.040933927      0.01171875               1.0000000000000000             -2.0000000000000000              0.3999999999999999              1.0000000000000000              1.3999999999999999              1.3999999999999999
      0.040933927      0.01953125               1.0000000000000000             -2.0000000000000000              0.3999999999999999              1.0000000000000000              1.3999999999999999              1.3999999999999999
      0.040933927      0.02734375               1.0000000000000000             -2.0000000000000000              0.3999999999999999              1.0000000000000000              1.3999999999999999              1.3999999999999999
      0.040933927      0.03515625               1.0000000000000000             -2.0000000000000000              0.3999999999999999              1.0000000000000000              1.3999999999999999              1.3999999999999999
      0.040933927      0.04296875               1.0000000000000000             -2.0000000000000000              0.3999999999999999              1.0000000000000000              1.3999999999999999              1.3999999999999999
      0.040933927      0.05078125               1.0000000000000000             -2.0000000000000000              0.3999999999999999              1.0000000000000000              1.3999999999999999              1.3999999999999999
      0.040933927      0.05859375               1.0000000000000000             -2.0000000000000000              0.3999999999999999              1.0000000000000000              1.3999999999999999              1.3999999999999999
      0.040933927      0.06640625               1.0000000000000000             -2.0000000000000000              0.3999999999999999              1.0000000000000000              1.3999999999999999              1.3999999999999999
      0.040933927      0.07421875               1.0000000000000000             -2.0000000000000000              0.3999999999999999              1.0000000000000000              1.3999999999999999              1.3999999999999999
      0.040933927      0.08203125               1.0000000000000000             -2.0000000000000000              0.3999999999999999              1.0000000000000000              1.3999999999999999              1.3999999999999999
      0.040933927      0.08984375               1.0000000000000000             -2.0000000000000000              0.3999999999999999              1.0000000000000000              1.3999999999999999              1.3999999999999999
      0.040933927      0.09765625               1.0000000000000000             -2.0000000000000000              0.3999999999999999              1.0000000000000000              1.3999999999999999              1.3999999999999999
      0.040933927      0.10546875               1.0000000000000000             -2.0000000000000000              0.3999999999999999              1.0000000000000000              1.3999999999999999              1.3999999999999999
      0.040933927      0.11328125               1.0000000000000000             -2.0000000000000000              0.3999999999999999              1.0000000000000000              1.3999999999999999              1.3999999999999999
      0.040933927      0.12109375               1.0000000000000000             -2.0000000000000000              0.3999999999999999              1.0000000000000000              1.3999999999999999              1.3999999999999999
      0.040933927      0.12890625               1.0000000000000000             -2.0000000000000000              0.3999999999999999              1.0000000000000000              1.3999999999999999              1.3999999999999999
      0.040933927      0.13671875               1.0000000000000000             -2.0000000000000000              0.3999999999999999              1.0000000000000000              1.3999999999999999              1.3999999999999999
      0.040933927      0.14453125               1.0000000000000000             -2.0000000000000000              0.3999999999999999              1.0000000000000000              1.3999999999999999              1.3999999999999999
      0.040933927      0.15234375               1.0000000000000000             -2.0000000000000000              0.3999999999999999              1.0000000000000000              1.3999999999999999              1.3999999999999999
      0.040933927      0.16015625               1.0000000000000000             -2.0000000000000000              0.3999999999999999              1.0000000000000000              1.3999999999999999              1.3999999999999999
      0.040933927      0.16796875               1.0000000000000000             -2.0000000000000000              0.3999999999999999              1.0000000000000000              1.3999999999999999              1.3999999999999999
      0.040933927      0.17578125               1.0000000000000000             -2.0000000000000000              0.3999999999999999              1.0000000000000000              1.3999999999999999              1.3999999999999999
      0.040933927      0.18359375               1.0000000000000000             -2.0000000000000000              0.3999999999999999              1.0000000000000000              1.3999999999999999              1.3999999999999999
      0.040933927      0.19140625               1.0000000000000000             -2.0000000000000000              0.3999999999999999              1.0000000000000000              1.3999999999999999              1.3999999999999999
      0.040933927      0.19921875               1.0000000000000000             -2.0000000000000000              0.3999999999999999              1.0000000000000000              1.3999999999999999              1.3999999999999999
      0.040933927      0.20703125               1.0000000000000000             -2.0000000000000000              0.3999999999999999              1.0000000000000000              1.3999999999999999              1.3999999999999999
      0.040933927      0.21484375               1.0000000000000000             -2.0000000000000000              0.3999999999999999              1.0000000000000000              1.3999999999999999              1.3999999999999999
      0.040933927      0.22265625               1.0000000000000000             -2.0000000000000000              0.3999999999999999              1.0000000000000000              1.3999999999999999              1.3999999999999999
      0.040933927      0.23046875               1.0000000000000000             -2.0000000000000000              0.3999999999999999              1.0000000000000000              1.3999999999999999              1.3999999999999999
      0.040933927      0.23828125               1.0000000000000000             -2.0000000000000000              0.3999999999999999              1.0000000000000000              1.3999999999999999              1.3999999999999999
      0.040933927      0.24609375               1.0000000000000000             -2.0000000000000000              0.3999999999999999              1.0000000000000000              1.3999999999999999              1.3999999999999999
      0.040933927      0.25390625               1.0000000000000000             -2.0000000000000000              0.3999999999999999              1.0000000000000000              1.3999999999999999              1.3999999999999999
      0.040933927      0.26171875               1.0000000000000000             -2.0000000000000000              0.3999999999999999              1.0000000000000000              1.3999999999999999              1.3999999999999999
      0.040933927      0.26953125               1.0000000000000000             -2.0000000000000000              0.3999999999999999              1.0000000000000000              1.3999999999999999              1.3999999999999999
      0.040933927      0.27734375               1.0000000000000000             -2.0000000000000000              0.3999999999999999              1.0000000000000000              1.3999999999999999              1.3999999999999999
      0.040933927      0.28515625               1.0000000000000000             -2.0000000000000000              0.3999999999999999              1.0000000000000000              1.3999999999999999              1.3999999999999999
      0.040933927      0.29296875               1.0000000000000000             -2.0000000000000000              0.3999999999999999              1.0000000000000000              1.3999999999999999              1.3999999999999999
      0.040933927      0.30078125               1.0000000000000000             -2.0000000000000000              0.3999999999999999              1.0000000000000000              1.3999999999999999              1.3999999999999999
      0.040933927      0.30859375               1.0000000000000000             -2.0000000000000000              0.3999999999999999              1.0000000000000000              1.3999999999999999              1.3999999999999999
      0.040933927      0.31640625               1.0000000000000000             -2.0000000000000000              0.3999999999999999              1.0000000000000000              1.3999999999999999              1.3999999999999999
      0.040933927      0.32421875               1.0000000000000000             -2.0000000000000000              0.3999999999999999              1.0000000000000000              1.3999999999999999              1.3999999999999999
      0.040933927      0.33203125               1.0000000000000000             -2.0000000000000000              0.3999999999999999              1.0000000000000000              1.3999999999999999              1.3999999999999999
      0.040933927      0.33984375               1.0000000000000000             -2.0000000000000000              0.3999999999999999              1.0000000000000000              1.3999999999999999              1.3999999999999999
      0.040933927      0.34765625               1.0000000000000000             -2.0000000000000000              0.3999999999999999              1.0000000000000000              1.3999999999999999              1.3999999999999999
      0.040933927      0.35546875               1.0000000000000000             -2.0000000000000000              0.3999999999999999              1.0000000000000000              1.3999999999999999              1.3999999999999999
      0.040933927      0.36328125               1.0000000000000000             -2.0000000000000000              0.3999999999999999              1.0000000000000000              1.3999999999999999              1.3999999999999999
      0.040933927      0.37109375               1.0000000000000000             -2.0000000000000000              0.3999999999999999              1.0000000000000000              1.3999999999999999              1.3999999999999999
      0.040933927      0.37890625               1.0000000000000000             -2.0000000000000000              0.3999999999999999              1.0000000000000000              1.3999999999999999              1.3999999999999999
      0.040933927      0.38671875               1.0000000000000000             -2.0000000000000000              0.3999999999999999              1.0000000000000000              1.3999999999999999              1.3999999999999999
      0.040933927      0.39453125               1.0000000000000000             -2.0000000000000000              0.3999999999999999              1.0000000000000000              1.3999999999999999              1.3999999999999999
      0.040933927      0.40234375               1.0000000000000000             -2.0000000000000000              0.3999999999999999              1.0000000000000000              1.3999999999999999              1.3999999999999999
      0.040933927      0.41015625               1.0000000000000000             -2.0000000000000000              0.3999999999999999              1.0000000000000000              1.3999999999999999              1.3999999999999999
      0.040933927      0.41796875               1.0000000000000000             -2.0000000000000000              0.3999999999999999              1.0000000000000000              1.3999999999999999              1.3999999999999999
      0.040933927      0.42578125               1.0000000000000000             -2.0000000000000000              0.3999999999999999              1.0000000000000000              1.3999999999999999              1.3999999999999999
      0.040933927      0.43359375               1.0000000000000000             -2.0000000000000000              0.3999999999999999              1.0000000000000000              1.3999999999999999              1.3999999999999999
      0.040933927      0.44140625               1.0000000000000000             -2.0000000000000000              0.3999999999999999              1.0000000000000000              1.3999999999999999              1.3999999999999999
      0.040933927      0.44921875               1.0000000000000000             -2.0000000000000000              0.3999999999999999              1.0000000000000000              1.3999999999999999              1.3999999999999999
      0.040933927      0.45703125               1.0000000000000000             -2.0000000000000000              0.3999999999999999              1.0000000000000000              1.3999999999999999              1.3999999999999999
      0.040933927      0.46484375               1.0000000000000000             -2.0000000000000000              0.3999999999999999              1.0000000000000000              1.3999999999999999              1.3999999999999999
      0.040933927      0.47265625               1.0000000000000000             -2.0000000000000000              0.3999999999999999              1.0000000000000000              1.3999999999999999              1.3999999999999999
      0.040933927      0.48046875               1.0000000000000000             -2.0000000000000000              0.3999999999999999              1.0000000000000000              1.3999999999999999              1.3999999999999999
      0.040933927      0.48828125               1.0000000000000000             -2.0000000000000000              0.3999999999999999              1.0000000000000000              1.3999999999999999              1.3999999999999999
      0.040933927      0.49609375               1.0000000000000000             -2.0000000000000000              0.3999999999999999              1.0000000000000000              1.3999999999999999              1.3999999999999999
      0.040933927      0.50390625               1.0000000000000000             -2.0000000000000000              0.3999999999999999              1.0000000000000000              1.3999999999999999              1.3999999999999999
      0.040933927      0.51171875               1.0000000000000000             -2.0000000000000000              0.3999999999999999              1.0000000000000000              1.3999999999999999              1.3999999999999999
      0.040933927      0.51953125               1.0000000000000000             -2.0000000000000000              0.3999999999999999              1.0000000000000000              1.3999999999999999              1.3999999999999999
      0.040933927      0.52734375               1.0000000000000000             -2.0000000000000000              0.3999999999999999              1.0000000000000000              1.3999999999999999              1.3999999999999999
      0.040933927      0.53515625               1.0000000000000000             -2.0000000000000000              0.3999999999999999              1.0000000000000000              1.3999999999999999              1.3999999999999999
      0.040933927      0.54296875               1.0000000000000000             -2.0000000000000000              0.3999999999999999              1.0000000000000000              1.3999999999999999              1.3999999999999999
      0.040933927      0.55078125               1.0000000000000000             -2.0000000000000000              0.3999999999999999              1.0000000000000000              1.3999999999999999              1.3999999999999999
      0.040933927      0.55859375               1.0000000000000000             -2.0000000000000000              0.3999999999999999              1.0000000000000000              1.3999999999999999              1.3999999999999999
      0.040933927      0.56640625               1.0000000000000000             -2.0000000000000000              0.3999999999999999              1.0000000000000000              1.3999999999999999              1.3999999999999999
      0.040933927      0.57421875               1.0000000000000000             -2.0000000000000000              0.3999999999999999              1.0000000000000000              1.3999999999999999              1.3999999999999999
      0.040933927      0.58203125               1.0000000000000000             -2.0000000000000000              0.3999999999999999              1.0000000000000000              1.3999999999999999              1.3999999999999999
      0.040933927      0.58984375               1.0000000000000000             -2.0000000000000000              0.3999999999999999              1.0000000000000000              1.3999999999999999              1.3999999999999999
      0.040933927      0.59765625               1.0000000000000000             -2.0000000000000000              0.3999999999999999              1.0000000000000000              1.3999999999999999              1.3999999999999999
      0.040933927      0.60546875               0.9997038242781798             -1.9983337823637968              0.3995015496070838              0.9987538740177098              1.3999999999999999              1.3999999999999999
      0.040933927      0.61328125               0.9965525493833571             -1.9865406916012855              0.3951527031370020              0.9878817578425052              1.3999999999999999              1.3999999999999999
      0.040933927      0.62109375               0.9825656721366272             -1.9511171419286786              0.3793766862505363              0.9484417156263412              1.3999999999999999              1.3999999999999999
      0.040933927      0.62890625               0.9469819455789540             -1.8892360639082779              0.3463297540291443              0.8658243850728611              1.3999999999999999              1.3999999999999999
      0.040933927      0.63671875               0.8798861604568844             -1.8159633182750112              0.2971955886068167              0.7429889715170419              1.3999999999999999              1.3999999999999999
      0.040933927      0.64453125               0.7698329298246652             -1.7414855108535541              0.2405047574002845              0.6012618935007115              1.3999999999999999              1.3999999999999999
      0.040933927      0.65234375               0.6278162856079872             -1.6457508724684771              0.1882632222978800              0.4706580557446999              1.3999999999999999              1.3999999999999999
      0.040933927      0.66015625               0.4674264929668944             -1.5091963873356604              0.1451488972500603              0.3628722431251509              1.3999999999999999              1.3999999999999999
      0.040933927      0.66796875               0.3236654603602002             -1.3499053258469684              0.1098107029646785              0.2745267574116964              1.3999999999999999              1.3999999999999999
      0.040933927      0.67578125               0.2258990716524366             -1.1932132835447677              0.0842909574353906              0.2107273935884765              1.3999999999999999              1.3999999999999999
      0.040933927      0.68359375               0.1632155069780565             -1.0425016019116786              0.0664624864044626              0.1661562160111565              1.3999999999999999              1.3999999999999999
      0.040933927      0.69140625               0.1239804568254537             -0.8977469617910376              0.0535355880093908              0.1338389700234769              1.3999999999999999              1.3999999999999999
      0.040933927      0.69921875               0.1009766274763315             -0.7528730828874328              0.0440147140935714              0.1100367852339286              1.3999999999999999              1.3999999999999999
      0.040933927      0.70703125               0.0850747556807923             -0.6044464973608659              0.0367360865037215              0.0918402162593037              1.3999999999999999              1.3999999999999999
      0.040933927      0.71484375               0.0720644507979505             -0.4552231227911284              0.0309642290048028              0.0774105725120069              1.3999999999999999              1.3999999999999999
      0.040933927      0.72265625               0.0618907317946817             -0.2860892690571627              0.0273845311713271              0.0684613279283178              1.3999999999999999              1.3999999999999999
      0.040933927      0.73046875               0.0538705498078974             -0.1200066788919646              0.0251535184537014              0.0628837961342536              1.3999999999999999              1.3999999999999999
      0.040933927      0.73828125               0.0479517880614182              0.0455230413535698              0.0238464694312331              0.0596161735780827              1.3999999999999999              1.3999999999999999
      0.040933927      0.74609375               0.0441497644888641              0.2003163950696647              0.0232133291012930              0.0580333227532324              1.3999999999999999              1.3999999999999999
      0.040933927      0.75390625               0.0429441791391283              0.3230197718495265              0.0237108965673547              0.0592772414183866              1.3999999999999999              1.3999999999999999
      0.040933927      0.76171875               0.0437243929207806              0.3998279618664976              0.0259495012370230              0.0648737530925575              1.3999999999999999              1.3999999999999999
      0.040933927      0.76953125               0.0468203358518943              0.4644472036500470              0.0300701359401317              0.0751753398503292              1.3999999999999999              1.3999999999999999
      0.040933927      0.77734375               0.0517212365988833              0.5813964814646915              0.0343542799857792              0.0858856999644479              1.3999999999999999              1.3999999999999999
      0.040933927      0.78515625               0.0588797405516286              0.7004393089267192              0.0395107254631732              0.0987768136579331              1.3999999999999999              1.3999999999999999
      0.040933927      0.79296875               0.0710559155279183              0.8436680651965194              0.0474139021016560              0.1185347552541399              1.3999999999999999              1.3999999999999999
      0.040933927      0.80078125               0.0969163334355751              1.0263906075980371              0.0607830274382433              0.1519575685956082              1.3999999999999999              1.3999999999999999
      0.040933927      0.80859375               0.1503356886681296              1.2153951940007175              0.0796313692405383              0.1990784231013459              1.3999999999999999              1.3999999999999999
      0.040933927      0.81640625               0.2491897493242643              1.3623941805996538              0.1047266466606337              0.2618166166515844              1.3999999999999999              1.3999999999999999
      0.040933927      0.82421875               0.3617746620102141              1.4448318383089607              0.1264758128712375              0.3161895321780939              1.3999999999999999              1.3999999999999999
      0.040933927      0.83203125               0.4548985927824611              1.5197245570718223              0.1485871195477367              0.3714677988693419              1.3999999999999999              1.3999999999999999
      0.040933927      0.83984375               0.5411054404455866              1.5956985637683052              0.1744503170469704              0.4361257926174260              1.3999999999999999              1.3999999999999999
      0.040933927      0.84765625               0.6172490407634167              1.6621400999482834              0.2001204414865552              0.5003011037163880              1.3999999999999999              1.3999999999999999
      0.040933927      0.85546875               0.6958317767178237              1.7326470351435155              0.2314737013625485              0.5786842534063714              1.3999999999999999              1.3999999999999999
      0.040933927      0.86328125               0.7642148092421814              1.7924392130316993              0.2609646925529597              0.6524117313823994              1.3999999999999999              1.3999999999999999
      0.040933927      0.87109375               0.8361310625950513              1.8545394253850442              0.2962882361466497              0.7407205903666243              1.3999999999999999              1.3999999999999999
      0.040933927      0.87890625               0.8925210340993462              1.9020159245376489              0.3252908612881862              0.8132271532204658              1.3999999999999999              1.3999999999999999
      0.040933927      0.88671875               0.9470421081087425              1.9489186360245283              0.3583637839774072              0.8959094599435182              1.3999999999999999              1.3999999999999999
      0.040933927      0.89453125               0.9816254535625707              1.9796179317237141              0.3816473428980203              0.9541183572450509              1.3999999999999999              1.3999999999999999
      0.040933927      0.90234375               1.0000000000000000              2.0000000000000000              0.3999999999999999              1.0000000000000000              1.3999999999999999              1.3999999999999999
      0.040933927      0.91015625               1.0000000000000000              2.0000000000000000              0.3999999999999999              1.0000000000000000              1.3999999999999999              1.3999999999999999
      0.040933927      0.91796875               1.0000000000000000              2.0000000000000000              0.3999999999999999              1.0000000000000000              1.3999999999999999              1.3999999999999999
      0.040933927      0.92578125               1.0000000000000000              2.0000000000000000              0.3999999999999999              1.0000000000000000              1.3999999999999999              1.3999999999999999
      0.040933927      0.93359375               1.0000000000000000              2.0000000000000000              0.3999999999999999              1.0000000000000000              1.3999999999999999              1.3999999999999999
      0.040933927      0.94140625               1.0000000000000000              2.0000000000000000              0.3999999999999999              1.0000000000000000              1.3999999999999999              1.3999999999999999
      0.040933927      0.94921875               1.0000000000000000              2.0000000000000000              0.3999999999999999              1.0000000000000000              1.3999999999999999              1.3999999999999999
      0.040933927      0.95703125               1.0000000000000000              2.0000000000000000              0.3999999999999999              1.0000000000000000              1.3999999999999999              1.3999999999999999
      0.040933927      0.96484375               1.0000000000000000              2.0000000000000000              0.3999999999999999              1.0000000000000000              1.3999999999999999              1.3999999999999999
      0.040933927      0.97265625               1.0000000000000000              2.0000000000000000              0.3999999999999999              1.0000000000000000              1.3999999999999999              1.3999999999999999
      0.040933927      0.98046875               1.0000000000000000              2.0000000000000000              0.3999999999999999              1.0000000000000000              1.3999999999999999              1.3999999999999999
      0.040933927      0.98828125               1.0000000000000000              2.0000000000000000              0.3999999999999999              1.0000000000000000              1.3999999999999999              1.3999999999999999
      0.040933927      0.99609375               1.0000000000000000              2.0000000000000000              0.3999999999999999              1.0000000000000000              1.3999999999999999              1.3999999999999999
