      0.136446423      0.00390625               1.0000000000000000             -2.0000000000000000              0.3999999999999999              1.0000000000000000              1.3999999999999999              1.3999999999999999
      0.136446423      0.01171875               1.0000000000000000             -2.0000000000000000              0.3999999999999999              1.0000000000000000              1.3999999999999999              1.3999999999999999
      0.136446423      0.01953125               1.0000000000000000             -2.0000000000000000              0.3999999999999999              1.0000000000000000              1.3999999999999999              1.3999999999999999
      0.136446423      0.02734375               1.0000000000000000             -2.0000000000000000              0.3999999999999999              1.0000000000000000              1.3999999999999999              1.3999999999999999
      0.136446423      0.03515625               1.0000000000000000             -2.0000000000000000              0.3999999999999999              1.0000000000000000              1.3999999999999999              1.3999999999999999
      0.136446423      0.04296875               1.0000000000000000             -2.0000000000000000              0.3999999999999999              1.0000000000000000              1.3999999999999999              1.3999999999999999
      0.136446423      0.05078125               1.0000000000000000             -2.0000000000000000              0.3999999999999999              1.0000000000000000              1.3999999999999999              1.3999999999999999
      0.136446423      0.05859375               1.0000000000000000             -2.0000000000000000              0.3999999999999999              1.0000000000000000              1.3999999999999999              1.3999999999999999
      0.136446423      0.06640625               1.0000000000000000             -2.0000000000000000              0.3999999999999999              1.0000000000000000              1.3999999999999999              1.3999999999999999
      0.136446423      0.07421875               1.0000000000000000             -2.0000000000000000              0.3999999999999999              1.0000000000000000              1.3999999999999999              1.3999999999999999
      0.136446423      0.08203125               1.0000000000000000             -2.0000000000000000              0.3999999999999999              1.0000000000000000              1.3999999999999999              1.3999999999999999
      0.136446423      0.08984375               1.0000000000000000             -2.0000000000000000              0.3999999999999999              1.0000000000000000              1.3999999999999999              1.3999999999999999
      0.136446423      0.09765625               1.0000000000000000             -2.0000000000000000              0.3999999999999999              1.0000000000000000              1.3999999999999999              1.3999999999999999
      0.136446423      0.10546875               1.0000000000000000             -2.0000000000000000              0.3999999999999999              1.0000000000000000              1.3999999999999999              1.3999999999999999
      0.136446423      0.11328125               1.0000000000000000             -2.0000000000000000              0.3999999999999999              1.0000000000000000              1.3999999999999999              1.3999999999999999
      0.136446423      0.12109375               1.0000000000000000             -2.0000000000000000              0.3999999999999999              1.0000000000000000              1.3999999999999999              1.3999999999999999
      0.136446423      0.12890625               1.0000000000000000             -2.0000000000000000              0.3999999999999999              1.0000000000000000              1.3999999999999999              1.3999999999999999
      0.136446423      0.13671875               1.0000000000000000             -2.0000000000000000              0.3999999999999999              1.0000000000000000              1.3999999999999999              1.3999999999999999
      0.136446423      0.14453125               1.0000000000000000             -2.0000000000000000              0.3999999999999999              1.0000000000000000              1.3999999999999999              1.3999999999999999
      0.136446423      0.15234375               1.0000000000000000             -2.0000000000000000              0.3999999999999999              1.0000000000000000              1.3999999999999999              1.3999999999999999
      0.136446423      0.16015625               1.0000000000000000             -2.0000000000000000              0.3999999999999999              1.0000000000000000              1.3999999999999999              1.3999999999999999
      0.136446423      0.16796875               1.0000000000000000             -2.0000000000000000              0.3999999999999999              1.0000000000000000              1.3999999999999999              1.3999999999999999
      0.136446423      0.17578125               1.0000000000000000             -2.0000000000000000              0.3999999999999999              1.0000000000000000              1.3999999999999999              1.3999999999999999
      0.136446423      0.18359375               1.0000000000000000             -2.0000000000000000              0.3999999999999999              1.0000000000000000              1.3999999999999999              1.3999999999999999
      0.136446423      0.19140625               1.0000000000000000             -2.0000000000000000              0.3999999999999999              1.0000000000000000              1.3999999999999999              1.3999999999999999
      0.136446423      0.19921875               1.0000000000000000             -2.0000000000000000              0.3999999999999999              1.0000000000000000              1.3999999999999999              1.3999999999999999
      0.136446423      0.20703125               1.0000000000000000             -2.0000000000000000              0.3999999999999999              1.0000000000000000              1.3999999999999999              1.3999999999999999
      0.136446423      0.21484375               1.0000000000000000             -2.0000000000000000              0.3999999999999999              1.0000000000000000              1.3999999999999999              1.3999999999999999
      0.136446423      0.22265625               1.0000000000000000             -2.0000000000000000              0.3999999999999999              1.0000000000000000              1.3999999999999999              1.3999999999999999
      0.136446423      0.23046875               1.0000000000000000             -2.0000000000000000              0.3999999999999999              1.0000000000000000              1.3999999999999999              1.3999999999999999
      0.136446423      0.23828125               1.0000000000000000             -2.0000000000000000              0.3999999999999999              1.0000000000000000              1.3999999999999999              1.3999999999999999
      0.136446423      0.24609375               1.0000000000000000             -2.0000000000000000              0.3999999999999999              1.0000000000000000              1.3999999999999999              1.3999999999999999
      0.136446423      0.25390625               1.0000000000000000             -2.0000000000000000              0.3999999999999999              1.0000000000000000              1.3999999999999999              1.3999999999999999
      0.136446423      0.26171875               1.0000000000000000             -2.0000000000000000              0.3999999999999999              1.0000000000000000              1.3999999999999999              1.3999999999999999
      0.136446423      0.26953125               1.0000000000000000             -2.0000000000000000              0.3999999999999999              1.0000000000000000              1.3999999999999999              1.3999999999999999
      0.136446423      0.27734375               0.9999999988827588             -1.9999999936767907              0.3999999980936934              0.9999999952342336              1.3999999999999999              1.3999999999999999
      0.136446423      0.28515625               0.9999999652540862             -1.9999998268413386              0.3999999441560117              0.9999998603900295              1.3999999999999999              1.3999999999999999
      0.136446423      0.29296875               0.9999994835073404             -1.9999977402337370              0.3999992192659091              0.9999980481647730              1.3999999999999999              1.3999999999999999
      0.136446423      0.30078125               0.9999951183154152             -1.9999813161598670              0.3999930729990442              0.9999826824976106              1.3999999999999999              1.3999999999999999
      0.136446423      0.30859375               0.9999670778047488             -1.9998902418683615              0.3999562528220844              0.9998906320552112              1.3999999999999999              1.3999999999999999
      0.136446423      0.31640625               0.9998314594774522             -1.9995128497080938              0.3997909135306318              0.9994772838265797              1.3999999999999999              1.3999999999999999
      0.136446423      0.32421875               0.9993194878466918             -1.9983020949013977              0.3992147074335206              0.9980367685838016              1.3999999999999999              1.3999999999999999
      0.136446423      0.33203125               0.9977749814041692             -1.9952191143478397              0.3976207330154204              0.9940518325385514              1.3999999999999999              1.3999999999999999
      0.136446423      0.33984375               0.9939847161576744             -1.9888475729920403              0.3940576704559242              0.9851441761398108              1.3999999999999999              1.3999999999999999
      0.136446423      0.34765625               0.9862880308920693             -1.9778831136979613              0.3874991053599287              0.9687477633998220              1.3999999999999999              1.3999999999999999
      0.136446423      0.35546875               0.9730953413630818             -1.9616732520306230              0.3773192707308098              0.9432981768270248              1.3999999999999999              1.3999999999999999
      0.136446423      0.36328125               0.9535431743898883             -1.9403521456658448              0.3636008420479770              0.9090021051199428              1.3999999999999999              1.3999999999999999
      0.136446423      0.37109375               0.9277982704830104             -1.9145570684024100              0.3470262146744607              0.8675655366861519              1.3999999999999999              1.3999999999999999
      0.136446423      0.37890625               0.8968394266801412             -1.8850775738115573              0.3285167190877067              0.8212917977192671              1.3999999999999999              1.3999999999999999
      0.136446423      0.38671875               0.8619797778616299             -1.8526776630691768              0.3089220271756180              0.7723050679390451              1.3999999999999999              1.3999999999999999
      0.136446423      0.39453125               0.8242914926956102             -1.8181245774158237              0.2888730327213118              0.7221825818032797              1.3999999999999999              1.3999999999999999
      0.136446423      0.40234375               0.7850121009094438             -1.7816531681187220              0.2690059537923176              0.6725148844807940              1.3999999999999999              1.3999999999999999
      0.136446423      0.41015625               0.7451323588767547             -1.7433472818377247              0.2496460343969888              0.6241150859924722              1.3999999999999999              1.3999999999999999
      0.136446423      0.41796875               0.7053253150027976             -1.7034548512621908              0.2309626426353547              0.5774066065883869              1.3999999999999999              1.3999999999999999
      0.136446423      0.42578125               0.6663799518782942             -1.6625441282132936              0.2129949847439016              0.5324874618597542              1.3999999999999999              1.3999999999999999
      0.136446423      0.43359375               0.6287937548084804             -1.6209292787004224              0.1957968675259048              0.4894921688147621              1.3999999999999999              1.3999999999999999
      0.136446423      0.44140625               0.5924813603553264             -1.5787022221539089              0.1793473994473955              0.4483684986184889              1.3999999999999999              1.3999999999999999
      0.136446423      0.44921875               0.5569895582385050             -1.5357612625776380              0.1636304325074946              0.4090760812687366              1.3999999999999999              1.3999999999999999
      0.136446423      0.45703125               0.5217283808694113             -1.4921548775535161              0.1486034485319130              0.3715086213297825              1.3999999999999999              1.3999999999999999
      0.136446423      0.46484375               0.4862320224002099             -1.4482856164189268              0.1341907937529743              0.3354769843824359              1.3999999999999999              1.3999999999999999
      0.136446423      0.47265625               0.4499318232569030             -1.4040391068383073              0.1204366739423762              0.3010916848559405              1.3999999999999999              1.3999999999999999
      0.136446423      0.48046875               0.4124579295640607             -1.3586572152131895              0.1075019638755026              0.2687549096887566              1.3999999999999999              1.3999999999999999
      0.136446423      0.48828125               0.3740524538641308             -1.3108102469670733              0.0956666082946212              0.2391665207365531              1.3999999999999999              1.3999999999999999
      0.136446423      0.49609375               0.3356740023186553             -1.2607257403958294              0.0849794652018636              0.2124486630046590              1.3999999999999999              1.3999999999999999
      0.136446423      0.50390625               0.2994245286010606             -1.2103790664180754              0.0754328341265165              0.1885820853162913              1.3999999999999999              1.3999999999999999
      0.136446423      0.51171875               0.2662414472647136             -1.1599743624276144              0.0670583126274253              0.1676457815685633              1.3999999999999999              1.3999999999999999
      0.136446423      0.51953125               0.2361691347664690             -1.1094903536005392              0.0597236752869102              0.1493091882172754              1.3999999999999999              1.3999999999999999
      0.136446423      0.52734375               0.2091425386977392             -1.0589836146917297              0.0533019192265121              0.1332547980662804              1.3999999999999999              1.3999999999999999
      0.136446423      0.53515625               0.1850335206119809             -1.0085024051169247              0.0476853355760943              0.1192133389402358              1.3999999999999999              1.3999999999999999
      0.136446423      0.54296875               0.1636455652969815             -0.9580949526974993              0.0427737442921346              0.1069343607303365              1.3999999999999999              1.3999999999999999
      0.136446423      0.55078125               0.1447498403181061             -0.9078031008350359              0.0384787528265747              0.0961968820664368              1.3999999999999999              1.3999999999999999
      0.136446423      0.55859375               0.1281011707689729             -0.8576635857319409              0.0347219475361909              0.0868048688404772              1.3999999999999999              1.3999999999999999
      0.136446423      0.56640625               0.1134620818548437             -0.8077024329171211              0.0314360776077218              0.0785901940193046              1.3999999999999999              1.3999999999999999
      0.136446423      0.57421875               0.1006358719772261             -0.7579739143690605              0.0285633822323617              0.0714084555809043              1.3999999999999999              1.3999999999999999
      0.136446423      0.58203125               0.0895128307941215             -0.7086329321301800              0.0260486308671642              0.0651215771679105              1.3999999999999999              1.3999999999999999
      0.136446423      0.58984375               0.0801098320133930             -0.6598489048811484              0.0238255466835158              0.0595638667087895              1.3999999999999999              1.3999999999999999
      0.136446423      0.59765625               0.0723702458791505             -0.6111708692401139              0.0218638012326041              0.0546595030815102              1.3999999999999999              1.3999999999999999
      0.136446423      0.60546875               0.0657822186870377             -0.5625550914054109              0.0201353247901096              0.0503383119752739              1.3999999999999999              1.3999999999999999
      0.136446423      0.61328125               0.0600932554045773             -0.5142273092769828              0.0186045063137986              0.0465112657844966              1.3999999999999999              1.3999999999999999
      0.136446423      0.62109375               0.0551662799889568             -0.4663406717861767              0.0172419832545334              0.0431049581363335              1.3999999999999999              1.3999999999999999
      0.136446423      0.62890625               0.0508799530954931             -0.4190827134457114              0.0160273219128230              0.0400683047820575              1.3999999999999999              1.3999999999999999
      0.136446423      0.63671875               0.0471296941997536             -0.3728029332153222              0.0149456491221577              0.0373641228053943              1.3999999999999999              1.3999999999999999
      0.136446423      0.64453125               0.0438253903105519             -0.3280893390247726              0.0139880104652546              0.0349700261631365              1.3999999999999999              1.3999999999999999
      0.136446423      0.65234375               0.0408901335523862             -0.2857924689227209              0.0131536727698658              0.0328841819246645              1.3999999999999999              1.3999999999999999
      0.136446423      0.66015625               0.0382705640075597             -0.2469841908921767              0.0124522056334863              0.0311305140837156              1.3999999999999999              1.3999999999999999
      0.136446423      0.66796875               0.0359619069366678             -0.2128065467291810              0.0119035424846021              0.0297588562115053              1.3999999999999999              1.3999999999999999
      0.136446423      0.67578125               0.0340173348143781             -0.1842248725695229              0.0115291874747019              0.0288229686867548              1.3999999999999999              1.3999999999999999
      0.136446423      0.68359375               0.0324908117526636             -0.1616414286763727              0.0113318731659080              0.0283296829147699              1.3999999999999999              1.3999999999999999
      0.136446423      0.69140625               0.0313297452210102             -0.1442862703390569              0.0112828505754269              0.0282071264385674              1.3999999999999999              1.3999999999999999
      0.136446423      0.69921875               0.0303834210790153             -0.1301817629762001              0.0113383672490312              0.0283459181225780              1.3999999999999999              1.3999999999999999
      0.136446423      0.70703125               0.0295547650052731             -0.1171963971666540              0.0114428744527360              0.0286071861318400              1.3999999999999999              1.3999999999999999
      0.136446423      0.71484375               0.0288075357314586             -0.1040818261392285              0.0115619268133038              0.0289048170332595              1.3999999999999999              1.3999999999999999
      0.136446423      0.72265625               0.0280802576406622             -0.0890948259481298              0.0116775804965868              0.0291939512414670              1.3999999999999999              1.3999999999999999
      0.136446423      0.73046875               0.0273315640153890             -0.0717262061236494              0.0117835615722965              0.0294589039307414              1.3999999999999999              1.3999999999999999
      0.136446423      0.73828125               0.0266231825287482             -0.0527416818358796              0.0119081290592276              0.0297703226480691              1.3999999999999999              1.3999999999999999
      0.136446423      0.74609375               0.0260179634653457             -0.0335785751047416              0.0120613210915998              0.0301533027289994              1.3999999999999999              1.3999999999999999
      0.136446423      0.75390625               0.0255397004077445             -0.0135715510169646              0.0122399134813981              0.0305997837034951              1.3999999999999999              1.3999999999999999
      0.136446423      0.76171875               0.0251745528415949              0.0086084879321481              0.0124368995165548              0.0310922487913871              1.3999999999999999              1.3999999999999999
      0.136446423      0.76953125               0.0249191522041861              0.0322268733737857              0.0126558414948124              0.0316396037370311              1.3999999999999999              1.3999999999999999
      0.136446423      0.77734375               0.0247894466714958              0.0567579642208955              0.0129018571598828              0.0322546428997070              1.3999999999999999              1.3999999999999999
      0.136446423      0.78515625               0.0247643224992544              0.0831818984975979              0.0131754491028409              0.0329386227571023              1.3999999999999999              1.3999999999999999
      0.136446423      0.79296875               0.0249614908571200              0.1138287001562838              0.0135272294899904              0.0338180737249761              1.3999999999999999              1.3999999999999999
      0.136446423      0.80078125               0.0253517214322606              0.1443382335513724              0.0139091116288493              0.0347727790721233              1.3999999999999999              1.3999999999999999
      0.136446423      0.80859375               0.0258359092482388              0.1765736154062997              0.0143221750808092              0.0358054377020230              1.3999999999999999              1.3999999999999999
      0.136446423      0.81640625               0.0264700175138697              0.2113250382940789              0.0147983073743921              0.0369957684359802              1.3999999999999999              1.3999999999999999
      0.136446423      0.82421875               0.0273338954158239              0.2481172857065424              0.0153437839966748              0.0383594599916871              1.3999999999999999              1.3999999999999999
      0.136446423      0.83203125               0.0284334106480025              0.2862121123324262              0.0159533878002157              0.0398834695005393              1.3999999999999999              1.3999999999999999
      0.136446423      0.83984375               0.0297642944422372              0.3264664754802967              0.0166372791508183              0.0415931978770457              1.3999999999999999              1.3999999999999999
      0.136446423      0.84765625               0.0313926667078564              0.3689849425091890              0.0174287450502087              0.0435718626255218              1.3999999999999999              1.3999999999999999
      0.136446423      0.85546875               0.0334476984802149              0.4151257166022205              0.0183632410734755              0.0459081026836888              1.3999999999999999              1.3999999999999999
      0.136446423      0.86328125               0.0361104266701741              0.4649591469237385              0.0194903396512107              0.0487258491280269              1.3999999999999999              1.3999999999999999
      0.136446423      0.87109375               0.0396341141688135              0.5194976639838428              0.0208861425454739              0.0522153563636849              1.3999999999999999              1.3999999999999999
      0.136446423      0.87890625               0.0444131180314503              0.5799287707865235              0.0226686371012450              0.0566715927531126              1.3999999999999999              1.3999999999999999
      0.136446423      0.88671875               0.0511140535588814              0.6473676655534835              0.0250230835742423              0.0625577089356059              1.3999999999999999              1.3999999999999999
      0.136446423      0.89453125               0.0608490179005005              0.7217196817471985              0.0282105789307876              0.0705264473269690              1.3999999999999999              1.3999999999999999
      0.136446423      0.90234375               0.0751774703894669              0.8000992692169674              0.0323767352451824              0.0809418381129561              1.3999999999999999              1.3999999999999999
      0.136446423      0.91015625               0.0954616061754489              0.8754466830892036              0.0371117439762819              0.0927793599407047              1.3999999999999999              1.3999999999999999
      0.136446423      0.91796875               0.1201878996015774              0.9339494749895042              0.0417890602629749              0.1044726506574373              1.3999999999999999              1.3999999999999999
      0.136446423      0.92578125               0.1444119459430084              0.9824793289141006              0.0462993520798850              0.1157483801997125              1.3999999999999999              1.3999999999999999
      0.136446423      0.93359375               0.1677936218120402              1.0290633392317388              0.0511479437495306              0.1278698593738265              1.3999999999999999              1.3999999999999999
      0.136446423      0.94140625               0.1910451918434897              1.0736302363871750              0.0563364983035730              0.1408412457589325              1.3999999999999999              1.3999999999999999
      0.136446423      0.94921875               0.2144267536265969              1.1167699103295519              0.0619260145038439              0.1548150362596098              1.3999999999999999              1.3999999999999999
      0.136446423      0.95703125               0.2379136813832928              1.1583855342425693              0.0678847421471954              0.1697118553679886              1.3999999999999999              1.3999999999999999
      0.136446423      0.96484375               0.2616925339086906              1.1987641099207267              0.0742424090177833              0.1856060225444584              1.3999999999999999              1.3999999999999999
      0.136446423      0.97265625               0.2858754242053532              1.2381158064476852              0.0810322490887166              0.2025806227217916              1.3999999999999999              1.3999999999999999
      0.136446423      0.98046875               0.3105767996505875              1.2766452276100650              0.0882714084144911              0.2206785210362278              1.3999999999999999              1.3999999999999999
      0.136446423      0.98828125               0.3360822042941369              1.3138815597892544              0.0950064336241725              0.2375160840604313              1.3999999999999999              1.3999999999999999
      0.136446423      0.99609375               0.3569995293856239              1.3409637798784750              0.0979098007406837              0.2447745018517094              1.3999999999999999              1.3999999999999999
