      0.131898209      0.00390625               1.0000000000000000             -2.0000000000000000              0.3999999999999999              1.0000000000000000              1.3999999999999999              1.3999999999999999
      0.131898209      0.01171875               1.0000000000000000             -2.0000000000000000              0.3999999999999999              1.0000000000000000              1.3999999999999999              1.3999999999999999
      0.131898209      0.01953125               1.0000000000000000             -2.0000000000000000              0.3999999999999999              1.0000000000000000              1.3999999999999999              1.3999999999999999
      0.131898209      0.02734375               1.0000000000000000             -2.0000000000000000              0.3999999999999999              1.0000000000000000              1.3999999999999999              1.3999999999999999
      0.131898209      0.03515625               1.0000000000000000             -2.0000000000000000              0.3999999999999999              1.0000000000000000              1.3999999999999999              1.3999999999999999
      0.131898209      0.04296875               1.0000000000000000             -2.0000000000000000              0.3999999999999999              1.0000000000000000              1.3999999999999999              1.3999999999999999
      0.131898209      0.05078125               1.0000000000000000             -2.0000000000000000              0.3999999999999999              1.0000000000000000              1.3999999999999999              1.3999999999999999
      0.131898209      0.05859375               1.0000000000000000             -2.0000000000000000              0.3999999999999999              1.0000000000000000              1.3999999999999999              1.3999999999999999
      0.131898209      0.06640625               1.0000000000000000             -2.0000000000000000              0.3999999999999999              1.0000000000000000              1.3999999999999999              1.3999999999999999
      0.131898209      0.07421875               1.0000000000000000             -2.0000000000000000              0.3999999999999999              1.0000000000000000              1.3999999999999999              1.3999999999999999
      0.131898209      0.08203125               1.0000000000000000             -2.0000000000000000              0.3999999999999999              1.0000000000000000              1.3999999999999999              1.3999999999999999
      0.131898209      0.08984375               1.0000000000000000             -2.0000000000000000              0.3999999999999999              1.0000000000000000              1.3999999999999999              1.3999999999999999
      0.131898209      0.09765625               1.0000000000000000             -2.0000000000000000              0.3999999999999999              1.0000000000000000              1.3999999999999999              1.3999999999999999
      0.131898209      0.10546875               1.0000000000000000             -2.0000000000000000              0.3999999999999999              1.0000000000000000              1.3999999999999999              1.3999999999999999
      0.131898209      0.11328125               1.0000000000000000             -2.0000000000000000              0.3999999999999999              1.0000000000000000              1.3999999999999999              1.3999999999999999
      0.131898209      0.12109375               1.0000000000000000             -2.0000000000000000              0.3999999999999999              1.0000000000000000              1.3999999999999999              1.3999999999999999
      0.131898209      0.12890625               1.0000000000000000             -2.0000000000000000              0.3999999999999999              1.0000000000000000              1.3999999999999999              1.3999999999999999
      0.131898209      0.13671875               1.0000000000000000             -2.0000000000000000              0.3999999999999999              1.0000000000000000              1.3999999999999999              1.3999999999999999
      0.131898209      0.14453125               1.0000000000000000             -2.0000000000000000              0.3999999999999999              1.0000000000000000              1.3999999999999999              1.3999999999999999
      0.131898209      0.15234375               1.0000000000000000             -2.0000000000000000              0.3999999999999999              1.0000000000000000              1.3999999999999999              1.3999999999999999
      0.131898209      0.16015625               1.0000000000000000             -2.0000000000000000              0.3999999999999999              1.0000000000000000              1.3999999999999999              1.3999999999999999
      0.131898209      0.16796875               1.0000000000000000             -2.0000000000000000              0.3999999999999999              1.0000000000000000              1.3999999999999999              1.3999999999999999
      0.131898209      0.17578125               1.0000000000000000             -2.0000000000000000              0.3999999999999999              1.0000000000000000              1.3999999999999999              1.3999999999999999
      0.131898209      0.18359375               1.0000000000000000             -2.0000000000000000              0.3999999999999999              1.0000000000000000              1.3999999999999999              1.3999999999999999
      0.131898209      0.19140625               1.0000000000000000             -2.0000000000000000              0.3999999999999999              1.0000000000000000              1.3999999999999999              1.3999999999999999
      0.131898209      0.19921875               1.0000000000000000             -2.0000000000000000              0.3999999999999999              1.0000000000000000              1.3999999999999999              1.3999999999999999
      0.131898209      0.20703125               1.0000000000000000             -2.0000000000000000              0.3999999999999999              1.0000000000000000              1.3999999999999999              1.3999999999999999
      0.131898209      0.21484375               1.0000000000000000             -2.0000000000000000              0.3999999999999999              1.0000000000000000              1.3999999999999999              1.3999999999999999
      0.131898209      0.22265625               1.0000000000000000             -2.0000000000000000              0.3999999999999999              1.0000000000000000              1.3999999999999999              1.3999999999999999
      0.131898209      0.23046875               1.0000000000000000             -2.0000000000000000              0.3999999999999999              1.0000000000000000              1.3999999999999999              1.3999999999999999
      0.131898209      0.23828125               1.0000000000000000             -2.0000000000000000              0.3999999999999999              1.0000000000000000              1.3999999999999999              1.3999999999999999
      0.131898209      0.24609375               1.0000000000000000             -2.0000000000000000              0.3999999999999999              1.0000000000000000              1.3999999999999999              1.3999999999999999
      0.131898209      0.25390625               1.0000000000000000             -2.0000000000000000              0.3999999999999999              1.0000000000000000              1.3999999999999999              1.3999999999999999
      0.131898209      0.26171875               1.0000000000000000             -2.0000000000000000              0.3999999999999999              1.0000000000000000              1.3999999999999999              1.3999999999999999
      0.131898209      0.26953125               1.0000000000000000             -2.0000000000000000              0.3999999999999999              1.0000000000000000              1.3999999999999999              1.3999999999999999
      0.131898209      0.27734375               1.0000000000000000             -2.0000000000000000              0.3999999999999999              1.0000000000000000              1.3999999999999999              1.3999999999999999
      0.131898209      0.28515625               1.0000000000000000             -2.0000000000000000              0.3999999999999999              1.0000000000000000              1.3999999999999999              1.3999999999999999
      0.131898209      0.29296875               0.9999999979760499             -1.9999999885451234              0.3999999965466096              0.9999999913665243              1.3999999999999999              1.3999999999999999
      0.131898209      0.30078125               0.9999999389370523             -1.9999996969607430              0.3999999020454327              0.9999997551135820              1.3999999999999999              1.3999999999999999
      0.131898209      0.30859375               0.9999991207822596             -1.9999961861842706              0.3999986761668158              0.9999966904170399              1.3999999999999999              1.3999999999999999
      0.131898209      0.31640625               0.9999919641031714             -1.9999696504611202              0.3999886666582076              0.9999716666455194              1.3999999999999999              1.3999999999999999
      0.131898209      0.32421875               0.9999476887775260             -1.9998287702739801              0.3999310794824305              0.9998276987060766              1.3999999999999999              1.3999999999999999
      0.131898209      0.33203125               0.9997420082195021             -1.9992716894816669              0.3996835330832524              0.9992088327081314              1.3999999999999999              1.3999999999999999
      0.131898209      0.33984375               0.9989984202307793             -1.9975716718594418              0.3988606271730838              0.9971515679327099              1.3999999999999999              1.3999999999999999
      0.131898209      0.34765625               0.9968563186088250             -1.9934631599399451              0.3966963869819502              0.9917409674548758              1.3999999999999999              1.3999999999999999
      0.131898209      0.35546875               0.9918464680802380             -1.9854028584490568              0.3921058764189812              0.9802646910474533              1.3999999999999999              1.3999999999999999
      0.131898209      0.36328125               0.9821519729643130             -1.9721871038788705              0.3840822115548286              0.9602055288870719              1.3999999999999999              1.3999999999999999
      0.131898209      0.37109375               0.9662776795335428             -1.9534360884931743              0.3722082705382470              0.9305206763456177              1.3999999999999999              1.3999999999999999
      0.131898209      0.37890625               0.9436895539484657             -1.9295467562327675              0.3568444532084465              0.8921111330211164              1.3999999999999999              1.3999999999999999
      0.131898209      0.38671875               0.9149370283705720             -1.9013014812101356              0.3388683411018701              0.8471708527546755              1.3999999999999999              1.3999999999999999
      0.131898209      0.39453125               0.8812634287608836             -1.8695367707364303              0.3192654301479387              0.7981635753698468              1.3999999999999999              1.3999999999999999
      0.131898209      0.40234375               0.8440165653707453             -1.8350676116239202              0.2988444693155392              0.7471111732888482              1.3999999999999999              1.3999999999999999
      0.131898209      0.41015625               0.8042831224629733             -1.7985267624330910              0.2782676592039491              0.6956691480098729              1.3999999999999999              1.3999999999999999
      0.131898209      0.41796875               0.7635566114014380             -1.7599121128052320              0.2581167867832919              0.6452919669582298              1.3999999999999999              1.3999999999999999
      0.131898209      0.42578125               0.7225848484718731             -1.7194100585406906              0.2386202912134451              0.5965507280336129              1.3999999999999999              1.3999999999999999
      0.131898209      0.43359375               0.6822114212295899             -1.6776565164694004              0.2198150295008504              0.5495375737521262              1.3999999999999999              1.3999999999999999
      0.131898209      0.44140625               0.6431328535787356             -1.6350961537752657              0.2017843672641728              0.5044609181604323              1.3999999999999999              1.3999999999999999
      0.131898209      0.44921875               0.6053916906754767             -1.5918730274425399              0.1845336149673244              0.4613340374183110              1.3999999999999999              1.3999999999999999
      0.131898209      0.45703125               0.5684928199631383             -1.5478622374717688              0.1680544851319918              0.4201362128299796              1.3999999999999999              1.3999999999999999
      0.131898209      0.46484375               0.5317738976946352             -1.5031848801766963              0.1522807134107979              0.3807017835269949              1.3999999999999999              1.3999999999999999
      0.131898209      0.47265625               0.4947138341488684             -1.4582507462659484              0.1371406831042683              0.3428517077606709              1.3999999999999999              1.3999999999999999
      0.131898209      0.48046875               0.4566556810437145             -1.4128615442055192              0.1226935746172205              0.3067339365430514              1.3999999999999999              1.3999999999999999
      0.131898209      0.48828125               0.4172517230704493             -1.3661163623691539              0.1091371445459538              0.2728428613648846              1.3999999999999999              1.3999999999999999
      0.131898209      0.49609375               0.3768377815178532             -1.3165647081974050              0.0967839539609171              0.2419598849022929              1.3999999999999999              1.3999999999999999
      0.131898209      0.50390625               0.3366008591489741             -1.2647018049687413              0.0856611432774413              0.2141528581936032              1.3999999999999999              1.3999999999999999
      0.131898209      0.51171875               0.2988446072768364             -1.2125837702844489              0.0757777346909003              0.1894443367272508              1.3999999999999999              1.3999999999999999
      0.131898209      0.51953125               0.2644936863205148             -1.1604124526634594              0.0671505220441749              0.1678763051104374              1.3999999999999999              1.3999999999999999
      0.131898209      0.52734375               0.2335567007066904             -1.1081820311160264              0.0596296060667251              0.1490740151668127              1.3999999999999999              1.3999999999999999
      0.131898209      0.53515625               0.2059295828748957             -1.0559476307575124              0.0530760936012030              0.1326902340030076              1.3999999999999999              1.3999999999999999
      0.131898209      0.54296875               0.1814335726755752             -1.0037577957409096              0.0473695475084918              0.1184238687712296              1.3999999999999999              1.3999999999999999
      0.131898209      0.55078125               0.1598297248332783             -0.9516630518987912              0.0424010130945862              0.1060025327364656              1.3999999999999999              1.3999999999999999
      0.131898209      0.55859375               0.1408482841175162             -0.8997132744270124              0.0380736195670292              0.0951840489175730              1.3999999999999999              1.3999999999999999
      0.131898209      0.56640625               0.1242133666526669             -0.8479416478435655              0.0343038147433123              0.0857595368582808              1.3999999999999999              1.3999999999999999
      0.131898209      0.57421875               0.1096708648627533             -0.7963840149468563              0.0310200824748351              0.0775502061870879              1.3999999999999999              1.3999999999999999
      0.131898209      0.58203125               0.0970290683282272             -0.7451313429140578              0.0281601891683072              0.0704004729207681              1.3999999999999999              1.3999999999999999
      0.131898209      0.58984375               0.0862137402662513             -0.6944042212210285              0.0256578779367144              0.0641446948417859              1.3999999999999999              1.3999999999999999
      0.131898209      0.59765625               0.0772603475340212             -0.6441587430035429              0.0234460901758218              0.0586152254395546              1.3999999999999999              1.3999999999999999
      0.131898209      0.60546875               0.0698789049820294             -0.5938290747741500              0.0215082102251993              0.0537705255629982              1.3999999999999999              1.3999999999999999
      0.131898209      0.61328125               0.0635507857053349             -0.5436950603054284              0.0198009335721645              0.0495023339304113              1.3999999999999999              1.3999999999999999
      0.131898209      0.62109375               0.0580994046732003             -0.4939562505434844              0.0182875904756591              0.0457189761891478              1.3999999999999999              1.3999999999999999
      0.131898209      0.62890625               0.0533820116127234             -0.4447402381288167              0.0169425032159625              0.0423562580399062              1.3999999999999999              1.3999999999999999
      0.131898209      0.63671875               0.0492731947481305             -0.3963193305024683              0.0157453900567114              0.0393634751417785              1.3999999999999999              1.3999999999999999
      0.131898209      0.64453125               0.0456663573530737             -0.3491799434421404              0.0146821285321637              0.0367053213304092              1.3999999999999999              1.3999999999999999
      0.131898209      0.65234375               0.0424703300796325             -0.3040654532526660              0.0137470783453525              0.0343676958633811              1.3999999999999999              1.3999999999999999
      0.131898209      0.66015625               0.0396131870076090             -0.2619879279741932              0.0129449642548522              0.0323624106371306              1.3999999999999999              1.3999999999999999
      0.131898209      0.66796875               0.0370650893134083             -0.2241321206419455              0.0122930502084647              0.0307326255211618              1.3999999999999999              1.3999999999999999
      0.131898209      0.67578125               0.0348637913603847             -0.1916578160760637              0.0118168000685991              0.0295420001714977              1.3999999999999999              1.3999999999999999
      0.131898209      0.68359375               0.0330875752575471             -0.1653846414759486              0.0115325038763356              0.0288312596908391              1.3999999999999999              1.3999999999999999
      0.131898209      0.69140625               0.0317485005642664             -0.1452202153989017              0.0114226119133487              0.0285565297833717              1.3999999999999999              1.3999999999999999
      0.131898209      0.69921875               0.0307164882642128             -0.1293626023970633              0.0114525324764718              0.0286313311911796              1.3999999999999999              1.3999999999999999
      0.131898209      0.70703125               0.0298376350856658             -0.1158412320872449              0.0115521427706099              0.0288803569265247              1.3999999999999999              1.3999999999999999
      0.131898209      0.71484375               0.0290826348511840             -0.1024386490504217              0.0116854968620240              0.0292137421550599              1.3999999999999999              1.3999999999999999
      0.131898209      0.72265625               0.0283717518214671             -0.0878703626531535              0.0118193252500757              0.0295483131251892              1.3999999999999999              1.3999999999999999
      0.131898209      0.73046875               0.0276488197775471             -0.0704428509689490              0.0119432510062084              0.0298581275155210              1.3999999999999999              1.3999999999999999
      0.131898209      0.73828125               0.0269415001081465             -0.0507691589324946              0.0120760646477679              0.0301901616194198              1.3999999999999999              1.3999999999999999
      0.131898209      0.74609375               0.0263274574321792             -0.0305581798933185              0.0122392647010155              0.0305981617525389              1.3999999999999999              1.3999999999999999
      0.131898209      0.75390625               0.0258513959137480             -0.0099320627365476              0.0124350149691374              0.0310875374228435              1.3999999999999999              1.3999999999999999
      0.131898209      0.76171875               0.0255014030510025              0.0128573521285973              0.0126529768143805              0.0316324420359512              1.3999999999999999              1.3999999999999999
      0.131898209      0.76953125               0.0252623923388003              0.0375373594216999              0.0128924088554181              0.0322310221385453              1.3999999999999999              1.3999999999999999
      0.131898209      0.77734375               0.0251424669518378              0.0631414696267205              0.0131622425933291              0.0329056064833228              1.3999999999999999              1.3999999999999999
      0.131898209      0.78515625               0.0251639543024229              0.0913493334536146              0.0134752988477801              0.0336882471194502              1.3999999999999999              1.3999999999999999
      0.131898209      0.79296875               0.0254269159421017              0.1232970057919900              0.0138630922156195              0.0346577305390487              1.3999999999999999              1.3999999999999999
      0.131898209      0.80078125               0.0258599536526126              0.1551248284366647              0.0142767799813972              0.0356919499534930              1.3999999999999999              1.3999999999999999
      0.131898209      0.80859375               0.0263935327134302              0.1890843269847449              0.0147334806233643              0.0368337015584108              1.3999999999999999              1.3999999999999999
      0.131898209      0.81640625               0.0271092168561362              0.2256819255606330              0.0152614105153072              0.0381535262882681              1.3999999999999999              1.3999999999999999
      0.131898209      0.82421875               0.0280729638167796              0.2642826093328111              0.0158605651444441              0.0396514128611103              1.3999999999999999              1.3999999999999999
      0.131898209      0.83203125               0.0292850553673375              0.3042111084663333              0.0165312752122032              0.0413281880305081              1.3999999999999999              1.3999999999999999
      0.131898209      0.83984375               0.0307576359006797              0.3466953104653489              0.0172898985449124              0.0432247463622811              1.3999999999999999              1.3999999999999999
      0.131898209      0.84765625               0.0325837396934974              0.3917464639783774              0.0181765771412297              0.0454414428530742              1.3999999999999999              1.3999999999999999
      0.131898209      0.85546875               0.0349238265686349              0.4408243829026082              0.0192349767602169              0.0480874419005422              1.3999999999999999              1.3999999999999999
      0.131898209      0.86328125               0.0379999817653252              0.4941870587232517              0.0205272406159292              0.0513181015398230              1.3999999999999999              1.3999999999999999
      0.131898209      0.87109375               0.0421382071825886              0.5529444994545992              0.0221542254999969              0.0553855637499922              1.3999999999999999              1.3999999999999999
      0.131898209      0.87890625               0.0478703256968636              0.6184371252914769              0.0242746419640315              0.0606866049100787              1.3999999999999999              1.3999999999999999
      0.131898209      0.88671875               0.0561103809600617              0.6915494796919754              0.0271327788430736              0.0678319471076841              1.3999999999999999              1.3999999999999999
      0.131898209      0.89453125               0.0683563884291243              0.7711388146648636              0.0310422108765403              0.0776055271913508              1.3999999999999999              1.3999999999999999
      0.131898209      0.90234375               0.0863083151571122              0.8521673551444230              0.0357679291977573              0.0894198229943934              1.3999999999999999              1.3999999999999999
      0.131898209      0.91015625               0.1107037862425325              0.9227568641840895              0.0409401865414402              0.1023504663536005              1.3999999999999999              1.3999999999999999
      0.131898209      0.91796875               0.1369527030362875              0.9745829597600983              0.0456494222252196              0.1141235555630490              1.3999999999999999              1.3999999999999999
      0.131898209      0.92578125               0.1618105826668725              1.0229574437373248              0.0505855847185599              0.1264639617963998              1.3999999999999999              1.3999999999999999
      0.131898209      0.93359375               0.1864217511086448              1.0695994390148100              0.0559392754720739              0.1398481886801847              1.3999999999999999              1.3999999999999999
      0.131898209      0.94140625               0.2107991565962396              1.1139295132506772              0.0616122053965360              0.1540305134913400              1.3999999999999999              1.3999999999999999
      0.131898209      0.94921875               0.2353907372326186              1.1569894267451306              0.0677316209838953              0.1693290524597383              1.3999999999999999              1.3999999999999999
      0.131898209      0.95703125               0.2601263395431114              1.1986563877190366              0.0742622452823048              0.1856556132057620              1.3999999999999999              1.3999999999999999
      0.131898209      0.96484375               0.2852125971891867              1.2391037708273267              0.0812232409241878              0.2030581023104694              1.3999999999999999              1.3999999999999999
      0.131898209      0.97265625               0.3106909211542281              1.2785285377594511              0.0886413804939784              0.2216034512349461              1.3999999999999999              1.3999999999999999
      0.131898209      0.98046875               0.3367278415130177              1.3171747923066917              0.0965695880642542              0.2414239701606355              1.3999999999999999              1.3999999999999999
      0.131898209      0.98828125               0.3637862620806573              1.3548439704359951              0.1040633671102983              0.2601584177757458              1.3999999999999999              1.3999999999999999
      0.131898209      0.99609375               0.3860792183086686              1.3828694824789138              0.1074331406857240              0.2685828517143100              1.3999999999999999              1.3999999999999999
