      0.120527674      0.00390625               1.0000000000000000             -2.0000000000000000              0.3999999999999999              1.0000000000000000              1.3999999999999999              1.3999999999999999
      0.120527674      0.01171875               1.0000000000000000             -2.0000000000000000              0.3999999999999999              1.0000000000000000              1.3999999999999999              1.3999999999999999
      0.120527674      0.01953125               1.0000000000000000             -2.0000000000000000              0.3999999999999999              1.0000000000000000              1.3999999999999999              1.3999999999999999
      0.120527674      0.02734375               1.0000000000000000             -2.0000000000000000              0.3999999999999999              1.0000000000000000              1.3999999999999999              1.3999999999999999
      0.120527674      0.03515625               1.0000000000000000             -2.0000000000000000              0.3999999999999999              1.0000000000000000              1.3999999999999999              1.3999999999999999
      0.120527674      0.04296875               1.0000000000000000             -2.0000000000000000              0.3999999999999999              1.0000000000000000              1.3999999999999999              1.3999999999999999
      0.120527674      0.05078125               1.0000000000000000             -2.0000000000000000              0.3999999999999999              1.0000000000000000              1.3999999999999999              1.3999999999999999
      0.120527674      0.05859375               1.0000000000000000             -2.0000000000000000              0.3999999999999999              1.0000000000000000              1.3999999999999999              1.3999999999999999
      0.120527674      0.06640625               1.0000000000000000             -2.0000000000000000              0.3999999999999999              1.0000000000000000              1.3999999999999999              1.3999999999999999
      0.120527674      0.07421875               1.0000000000000000             -2.0000000000000000              0.3999999999999999              1.0000000000000000              1.3999999999999999              1.3999999999999999
      0.120527674      0.08203125               1.0000000000000000             -2.0000000000000000              0.3999999999999999              1.0000000000000000              1.3999999999999999              1.3999999999999999
      0.120527674      0.08984375               1.0000000000000000             -2.0000000000000000              0.3999999999999999              1.0000000000000000              1.3999999999999999              1.3999999999999999
      0.120527674      0.09765625               1.0000000000000000             -2.0000000000000000              0.3999999999999999              1.0000000000000000              1.3999999999999999              1.3999999999999999
      0.120527674      0.10546875               1.0000000000000000             -2.0000000000000000              0.3999999999999999              1.0000000000000000              1.3999999999999999              1.3999999999999999
      0.120527674      0.11328125               1.0000000000000000             -2.0000000000000000              0.3999999999999999              1.0000000000000000              1.3999999999999999              1.3999999999999999
      0.120527674      0.12109375               1.0000000000000000             -2.0000000000000000              0.3999999999999999              1.0000000000000000              1.3999999999999999              1.3999999999999999
      0.120527674      0.12890625               1.0000000000000000             -2.0000000000000000              0.3999999999999999              1.0000000000000000              1.3999999999999999              1.3999999999999999
      0.120527674      0.13671875               1.0000000000000000             -2.0000000000000000              0.3999999999999999              1.0000000000000000              1.3999999999999999              1.3999999999999999
      0.120527674      0.14453125               1.0000000000000000             -2.0000000000000000              0.3999999999999999              1.0000000000000000              1.3999999999999999              1.3999999999999999
      0.120527674      0.15234375               1.0000000000000000             -2.0000000000000000              0.3999999999999999              1.0000000000000000              1.3999999999999999              1.3999999999999999
      0.120527674      0.16015625               1.0000000000000000             -2.0000000000000000              0.3999999999999999              1.0000000000000000              1.3999999999999999              1.3999999999999999
      0.120527674      0.16796875               1.0000000000000000             -2.0000000000000000              0.3999999999999999              1.0000000000000000              1.3999999999999999              1.3999999999999999
      0.120527674      0.17578125               1.0000000000000000             -2.0000000000000000              0.3999999999999999              1.0000000000000000              1.3999999999999999              1.3999999999999999
      0.120527674      0.18359375               1.0000000000000000             -2.0000000000000000              0.3999999999999999              1.0000000000000000              1.3999999999999999              1.3999999999999999
      0.120527674      0.19140625               1.0000000000000000             -2.0000000000000000              0.3999999999999999              1.0000000000000000              1.3999999999999999              1.3999999999999999
      0.120527674      0.19921875               1.0000000000000000             -2.0000000000000000              0.3999999999999999              1.0000000000000000              1.3999999999999999              1.3999999999999999
      0.120527674      0.20703125               1.0000000000000000             -2.0000000000000000              0.3999999999999999              1.0000000000000000              1.3999999999999999              1.3999999999999999
      0.120527674      0.21484375               1.0000000000000000             -2.0000000000000000              0.3999999999999999              1.0000000000000000              1.3999999999999999              1.3999999999999999
      0.120527674      0.22265625               1.0000000000000000             -2.0000000000000000              0.3999999999999999              1.0000000000000000              1.3999999999999999              1.3999999999999999
      0.120527674      0.23046875               1.0000000000000000             -2.0000000000000000              0.3999999999999999              1.0000000000000000              1.3999999999999999              1.3999999999999999
      0.120527674      0.23828125               1.0000000000000000             -2.0000000000000000              0.3999999999999999              1.0000000000000000              1.3999999999999999              1.3999999999999999
      0.120527674      0.24609375               1.0000000000000000             -2.0000000000000000              0.3999999999999999              1.0000000000000000              1.3999999999999999              1.3999999999999999
      0.120527674      0.25390625               1.0000000000000000             -2.0000000000000000              0.3999999999999999              1.0000000000000000              1.3999999999999999              1.3999999999999999
      0.120527674      0.26171875               1.0000000000000000             -2.0000000000000000              0.3999999999999999              1.0000000000000000              1.3999999999999999              1.3999999999999999
      0.120527674      0.26953125               1.0000000000000000             -2.0000000000000000              0.3999999999999999              1.0000000000000000              1.3999999999999999              1.3999999999999999
      0.120527674      0.27734375               1.0000000000000000             -2.0000000000000000              0.3999999999999999              1.0000000000000000              1.3999999999999999              1.3999999999999999
      0.120527674      0.28515625               1.0000000000000000             -2.0000000000000000              0.3999999999999999              1.0000000000000000              1.3999999999999999              1.3999999999999999
      0.120527674      0.29296875               1.0000000000000000             -2.0000000000000000              0.3999999999999999              1.0000000000000000              1.3999999999999999              1.3999999999999999
      0.120527674      0.30078125               1.0000000000000000             -2.0000000000000000              0.3999999999999999              1.0000000000000000              1.3999999999999999              1.3999999999999999
      0.120527674      0.30859375               1.0000000000000000             -2.0000000000000000              0.3999999999999999              1.0000000000000000              1.3999999999999999              1.3999999999999999
      0.120527674      0.31640625               1.0000000000000000             -2.0000000000000000              0.3999999999999999              1.0000000000000000              1.3999999999999999              1.3999999999999999
      0.120527674      0.32421875               1.0000000000000000             -2.0000000000000000              0.3999999999999999              1.0000000000000000              1.3999999999999999              1.3999999999999999
      0.120527674      0.33203125               0.9999999910601113             -1.9999999494032505              0.3999999847462061              0.9999999618655153              1.3999999999999999              1.3999999999999999
      0.120527674      0.33984375               0.9999997510566656             -1.9999987790433476              0.3999996027790368              0.9999990069475924              1.3999999999999999              1.3999999999999999
      0.120527674      0.34765625               0.9999967058444832             -1.9999860534674783              0.3999950944146318              0.9999877360365796              1.3999999999999999              1.3999999999999999
      0.120527674      0.35546875               0.9999724600135252             -1.9998998295763937              0.3999618248266862              0.9999045620667157              1.3999999999999999              1.3999999999999999
      0.120527674      0.36328125               0.9998368499194398             -1.9994929521003140              0.3997902158859087              0.9994755397147721              1.3999999999999999              1.3999999999999999
      0.120527674      0.37109375               0.9992716677095229             -1.9980758553218887              0.3991349773840823              0.9978374434602058              1.3999999999999999              1.3999999999999999
      0.120527674      0.37890625               0.9974533629971376             -1.9942963480751930              0.3972188810198593              0.9930472025496484              1.3999999999999999              1.3999999999999999
      0.120527674      0.38671875               0.9928238904543562             -1.9863374570872316              0.3928190142144336              0.9820475355360843              1.3999999999999999              1.3999999999999999
      0.120527674      0.39453125               0.9832824984875882             -1.9726574861600792              0.3846848222953447              0.9617120557383620              1.3999999999999999              1.3999999999999999
      0.120527674      0.40234375               0.9669550745151594             -1.9526944973940146              0.3722069307848614              0.9305173269621536              1.3999999999999999              1.3999999999999999
      0.120527674      0.41015625               0.9430582016437582             -1.9268860553927476              0.3557427191288884              0.8893567978222212              1.3999999999999999              1.3999999999999999
      0.120527674      0.41796875               0.9121523140246300             -1.8961627061814432              0.3363290811476056              0.8408227028690141              1.3999999999999999              1.3999999999999999
      0.120527674      0.42578125               0.8756857294356578             -1.8615014736379767              0.3151463002293845              0.7878657505734614              1.3999999999999999              1.3999999999999999
      0.120527674      0.43359375               0.8351706586182833             -1.8238596922298727              0.2931345226412453              0.7328363066031134              1.3999999999999999              1.3999999999999999
      0.120527674      0.44140625               0.7922171802807134             -1.7837024366862384              0.2711620844902357              0.6779052112255894              1.3999999999999999              1.3999999999999999
      0.120527674      0.44921875               0.7485036257864403             -1.7410680515036834              0.2497807014915366              0.6244517537288417              1.3999999999999999              1.3999999999999999
      0.120527674      0.45703125               0.7049646281713714             -1.6966162779506528              0.2290891237044992              0.5727228092612482              1.3999999999999999              1.3999999999999999
      0.120527674      0.46484375               0.6625683405466993             -1.6511724801718086              0.2091452895984248              0.5228632239960620              1.3999999999999999              1.3999999999999999
      0.120527674      0.47265625               0.6214372104507938             -1.6048446695761653              0.1900557351090650              0.4751393377726627              1.3999999999999999              1.3999999999999999
      0.120527674      0.48046875               0.5807594079791885             -1.5575764105068246              0.1717937854996572              0.4294844637491430              1.3999999999999999              1.3999999999999999
      0.120527674      0.48828125               0.5397710149340559             -1.5099599323208983              0.1542011803635869              0.3855029509089672              1.3999999999999999              1.3999999999999999
      0.120527674      0.49609375               0.4976115939346573             -1.4619470113979074              0.1373255177986981              0.3433137944967453              1.3999999999999999              1.3999999999999999
      0.120527674      0.50390625               0.4536011021875569             -1.4126687532084454              0.1213740344055091              0.3034350860137728              1.3999999999999999              1.3999999999999999
      0.120527674      0.51171875               0.4079841004757300             -1.3604641679078826              0.1067368813684214              0.2668422034210535              1.3999999999999999              1.3999999999999999
      0.120527674      0.51953125               0.3618076856914533             -1.3044375699959592              0.0936614552094154              0.2341536380235384              1.3999999999999999              1.3999999999999999
      0.120527674      0.52734375               0.3178129788694656             -1.2473570370738918              0.0820342934454791              0.2050857336136977              1.3999999999999999              1.3999999999999999
      0.120527674      0.53515625               0.2780465821405242             -1.1902338575287650              0.0719706398150702              0.1799265995376755              1.3999999999999999              1.3999999999999999
      0.120527674      0.54296875               0.2426843265463564             -1.1330942663379846              0.0633114325582918              0.1582785813957295              1.3999999999999999              1.3999999999999999
      0.120527674      0.55078125               0.2115213404006081             -1.0759678460652584              0.0558627411534956              0.1396568528837391              1.3999999999999999              1.3999999999999999
      0.120527674      0.55859375               0.1842602112214133             -1.0189221617961477              0.0494550738756779              0.1236376846891948              1.3999999999999999              1.3999999999999999
      0.120527674      0.56640625               0.1605453227816353             -0.9620266793564818              0.0439411841516683              0.1098529603791709              1.3999999999999999              1.3999999999999999
      0.120527674      0.57421875               0.1399955775565419             -0.9053365696721919              0.0391939266124741              0.0979848165311852              1.3999999999999999              1.3999999999999999
      0.120527674      0.58203125               0.1222388644127225             -0.8488943567641779              0.0351049086202006              0.0877622715505015              1.3999999999999999              1.3999999999999999
      0.120527674      0.58984375               0.1069571367079504             -0.7927721932318993              0.0315821064730796              0.0789552661826990              1.3999999999999999              1.3999999999999999
      0.120527674      0.59765625               0.0939423571388987             -0.7371552239090405              0.0285418248970014              0.0713545622425036              1.3999999999999999              1.3999999999999999
      0.120527674      0.60546875               0.0831440160805922             -0.6822897915263683              0.0258852731483967              0.0647131828709916              1.3999999999999999              1.3999999999999999
      0.120527674      0.61328125               0.0744944881873842             -0.6274809506401030              0.0235711608780933              0.0589279021952333              1.3999999999999999              1.3999999999999999
      0.120527674      0.62109375               0.0672722594402157             -0.5726594054386847              0.0215533383185400              0.0538833457963500              1.3999999999999999              1.3999999999999999
      0.120527674      0.62890625               0.0611227298132859             -0.5182163307276160              0.0197819243463668              0.0494548108659169              1.3999999999999999              1.3999999999999999
      0.120527674      0.63671875               0.0558496860023334             -0.4642895120327693              0.0182192132523483              0.0455480331308708              1.3999999999999999              1.3999999999999999
      0.120527674      0.64453125               0.0512839591916198             -0.4111577691023551              0.0168336028662777              0.0420840071656942              1.3999999999999999              1.3999999999999999
      0.120527674      0.65234375               0.0472863026706920             -0.3592681408947624              0.0156046283402261              0.0390115708505652              1.3999999999999999              1.3999999999999999
      0.120527674      0.66015625               0.0437397607980603             -0.3093421943985092              0.0145218854834835              0.0363047137087088              1.3999999999999999              1.3999999999999999
      0.120527674      0.66796875               0.0405532399266319             -0.2624006321717712              0.0135887430717372              0.0339718576793429              1.3999999999999999              1.3999999999999999
      0.120527674      0.67578125               0.0376887132945438             -0.2197319954503434              0.0128246715783953              0.0320616789459883              1.3999999999999999              1.3999999999999999
      0.120527674      0.68359375               0.0351984769106659             -0.1827500012295301              0.0122616825891973              0.0306542064729932              1.3999999999999999              1.3999999999999999
      0.120527674      0.69140625               0.0331999718732684             -0.1526644373135486              0.0119250567099214              0.0298126417748035              1.3999999999999999              1.3999999999999999
      0.120527674      0.69921875               0.0317340852287438             -0.1297098141611310              0.0118002828363651              0.0295007070909126              1.3999999999999999              1.3999999999999999
      0.120527674      0.70703125               0.0306581582870179             -0.1120135274018045              0.0118513056142179              0.0296282640355447              1.3999999999999999              1.3999999999999999
      0.120527674      0.71484375               0.0297926926511436             -0.0971501319882049              0.0119915473588648              0.0299788683971621              1.3999999999999999              1.3999999999999999
      0.120527674      0.72265625               0.0290931925629313             -0.0824763260636544              0.0121737008962399              0.0304342522405997              1.3999999999999999              1.3999999999999999
      0.120527674      0.73046875               0.0284491542664046             -0.0660167097443060              0.0123585562013242              0.0308963905033106              1.3999999999999999              1.3999999999999999
      0.120527674      0.73828125               0.0277945892700755             -0.0455289150553494              0.0125352873912274              0.0313382184780684              1.3999999999999999              1.3999999999999999
      0.120527674      0.74609375               0.0271837172994781             -0.0220923603020549              0.0127310891931648              0.0318277229829120              1.3999999999999999              1.3999999999999999
      0.120527674      0.75390625               0.0267041302174246              0.0013019419654981              0.0129694474603466              0.0324236186508664              1.3999999999999999              1.3999999999999999
      0.120527674      0.76171875               0.0263879525029110              0.0257352510527684              0.0132508854969192              0.0331272137422980              1.3999999999999999              1.3999999999999999
      0.120527674      0.76953125               0.0262115123559610              0.0531161758712765              0.0135601720152433              0.0339004300381082              1.3999999999999999              1.3999999999999999
      0.120527674      0.77734375               0.0261449520812470              0.0826977601795673              0.0139038669768331              0.0347596674420827              1.3999999999999999              1.3999999999999999
      0.120527674      0.78515625               0.0263267636525922              0.1156849255759699              0.0143415224000906              0.0358538060002265              1.3999999999999999              1.3999999999999999
      0.120527674      0.79296875               0.0267599548241697              0.1507498327744660              0.0148296000818043              0.0370740002045107              1.3999999999999999              1.3999999999999999
      0.120527674      0.80078125               0.0273107775343076              0.1869298961716183              0.0153480546945755              0.0383701367364387              1.3999999999999999              1.3999999999999999
      0.120527674      0.80859375               0.0280207704625045              0.2259247058985062              0.0159424044830221              0.0398560112075552              1.3999999999999999              1.3999999999999999
      0.120527674      0.81640625               0.0289974395292458              0.2673399325890405              0.0166262946187103              0.0415657365467759              1.3999999999999999              1.3999999999999999
      0.120527674      0.82421875               0.0302664481363325              0.3111378167894939              0.0173919699563414              0.0434799248908536              1.3999999999999999              1.3999999999999999
      0.120527674      0.83203125               0.0318431041871384              0.3565915186571194              0.0182616157367526              0.0456540393418816              1.3999999999999999              1.3999999999999999
      0.120527674      0.83984375               0.0338079726420149              0.4058038009493112              0.0192722643341996              0.0481806608354990              1.3999999999999999              1.3999999999999999
      0.120527674      0.84765625               0.0363485733042564              0.4587449831366761              0.0204888142050770              0.0512220355126925              1.3999999999999999              1.3999999999999999
      0.120527674      0.85546875               0.0397486154022321              0.5170509224136799              0.0219932619403768              0.0549831548509421              1.3999999999999999              1.3999999999999999
      0.120527674      0.86328125               0.0444212483077791              0.5817183429028852              0.0239096726723961              0.0597741816809902              1.3999999999999999              1.3999999999999999
      0.120527674      0.87109375               0.0510580243613079              0.6541263718475231              0.0264549452245365              0.0661373630613412              1.3999999999999999              1.3999999999999999
      0.120527674      0.87890625               0.0608988736996453              0.7353357206018604              0.0299816695634278              0.0749541739085695              1.3999999999999999              1.3999999999999999
      0.120527674      0.88671875               0.0760009331985798              0.8239026276158166              0.0348078023574300              0.0870195058935749              1.3999999999999999              1.3999999999999999
      0.120527674      0.89453125               0.0984162373347566              0.9105307855961509              0.0404602168628453              0.1011505421571133              1.3999999999999999              1.3999999999999999
      0.120527674      0.90234375               0.1278744739836436              0.9795528182649598              0.0463939351871073              0.1159848379677682              1.3999999999999999              1.3999999999999999
      0.120527674      0.91015625               0.1576424706787132              1.0320195509894130              0.0518555831955342              0.1296389579888355              1.3999999999999999              1.3999999999999999
      0.120527674      0.91796875               0.1858525373440674              1.0819274244949053              0.0576903373441384              0.1442258433603461              1.3999999999999999              1.3999999999999999
      0.120527674      0.92578125               0.2138201816492084              1.1299109227902984              0.0640132487704130              0.1600331219260324              1.3999999999999999              1.3999999999999999
      0.120527674      0.93359375               0.2413960891530518              1.1754833164826621              0.0707013062131365              0.1767532655328413              1.3999999999999999              1.3999999999999999
      0.120527674      0.94140625               0.2692872073313075              1.2202235601324540              0.0779974153683347              0.1949935384208367              1.3999999999999999              1.3999999999999999
      0.120527674      0.94921875               0.2971801654820621              1.2632107492619684              0.0857308182459104              0.2143270456147761              1.3999999999999999              1.3999999999999999
      0.120527674      0.95703125               0.3254837347554105              1.3049463623896376              0.0939784067782278              0.2349460169455695              1.3999999999999999              1.3999999999999999
      0.120527674      0.96484375               0.3541998599660185              1.3457532062996203              0.1027905731409855              0.2569764328524637              1.3999999999999999              1.3999999999999999
      0.120527674      0.97265625               0.3833320896461274              1.3855376804983341              0.1121382611466738              0.2803456528666846              1.3999999999999999              1.3999999999999999
      0.120527674      0.98046875               0.4132200009247692              1.4245788363298757              0.1221518458842873              0.3053796147107184              1.3999999999999999              1.3999999999999999
      0.120527674      0.98828125               0.4448519392471199              1.4632960265225337              0.1319958377706372              0.3299895944265931              1.3999999999999999              1.3999999999999999
      0.120527674      0.99609375               0.4712907744367441              1.4936949662858547              0.1368875256684213              0.3422188141710534              1.3999999999999999              1.3999999999999999
