      0.111431246      0.00390625               1.0000000000000000             -2.0000000000000000              0.3999999999999999              1.0000000000000000              1.3999999999999999              1.3999999999999999
      0.111431246      0.01171875               1.0000000000000000             -2.0000000000000000              0.3999999999999999              1.0000000000000000              1.3999999999999999              1.3999999999999999
      0.111431246      0.01953125               1.0000000000000000             -2.0000000000000000              0.3999999999999999              1.0000000000000000              1.3999999999999999              1.3999999999999999
      0.111431246      0.02734375               1.0000000000000000             -2.0000000000000000              0.3999999999999999              1.0000000000000000              1.3999999999999999              1.3999999999999999
      0.111431246      0.03515625               1.0000000000000000             -2.0000000000000000              0.3999999999999999              1.0000000000000000              1.3999999999999999              1.3999999999999999
      0.111431246      0.04296875               1.0000000000000000             -2.0000000000000000              0.3999999999999999              1.0000000000000000              1.3999999999999999              1.3999999999999999
      0.111431246      0.05078125               1.0000000000000000             -2.0000000000000000              0.3999999999999999              1.0000000000000000              1.3999999999999999              1.3999999999999999
      0.111431246      0.05859375               1.0000000000000000             -2.0000000000000000              0.3999999999999999              1.0000000000000000              1.3999999999999999              1.3999999999999999
      0.111431246      0.06640625               1.0000000000000000             -2.0000000000000000              0.3999999999999999              1.0000000000000000              1.3999999999999999              1.3999999999999999
      0.111431246      0.07421875               1.0000000000000000             -2.0000000000000000              0.3999999999999999              1.0000000000000000              1.3999999999999999              1.3999999999999999
      0.111431246      0.08203125               1.0000000000000000             -2.0000000000000000              0.3999999999999999              1.0000000000000000              1.3999999999999999              1.3999999999999999
      0.111431246      0.08984375               1.0000000000000000             -2.0000000000000000              0.3999999999999999              1.0000000000000000              1.3999999999999999              1.3999999999999999
      0.111431246      0.09765625               1.0000000000000000             -2.0000000000000000              0.3999999999999999              1.0000000000000000              1.3999999999999999              1.3999999999999999
      0.111431246      0.10546875               1.0000000000000000             -2.0000000000000000              0.3999999999999999              1.0000000000000000              1.3999999999999999              1.3999999999999999
      0.111431246      0.11328125               1.0000000000000000             -2.0000000000000000              0.3999999999999999              1.0000000000000000              1.3999999999999999              1.3999999999999999
      0.111431246      0.12109375               1.0000000000000000             -2.0000000000000000              0.3999999999999999              1.0000000000000000              1.3999999999999999              1.3999999999999999
      0.111431246      0.12890625               1.0000000000000000             -2.0000000000000000              0.3999999999999999              1.0000000000000000              1.3999999999999999              1.3999999999999999
      0.111431246      0.13671875               1.0000000000000000             -2.0000000000000000              0.3999999999999999              1.0000000000000000              1.3999999999999999              1.3999999999999999
      0.111431246      0.14453125               1.0000000000000000             -2.0000000000000000              0.3999999999999999              1.0000000000000000              1.3999999999999999              1.3999999999999999
      0.111431246      0.15234375               1.0000000000000000             -2.0000000000000000              0.3999999999999999              1.0000000000000000              1.3999999999999999              1.3999999999999999
      0.111431246      0.16015625               1.0000000000000000             -2.0000000000000000              0.3999999999999999              1.0000000000000000              1.3999999999999999              1.3999999999999999
      0.111431246      0.16796875               1.0000000000000000             -2.0000000000000000              0.3999999999999999              1.0000000000000000              1.3999999999999999              1.3999999999999999
      0.111431246      0.17578125               1.0000000000000000             -2.0000000000000000              0.3999999999999999              1.0000000000000000              1.3999999999999999              1.3999999999999999
      0.111431246      0.18359375               1.0000000000000000             -2.0000000000000000              0.3999999999999999              1.0000000000000000              1.3999999999999999              1.3999999999999999
      0.111431246      0.19140625               1.0000000000000000             -2.0000000000000000              0.3999999999999999              1.0000000000000000              1.3999999999999999              1.3999999999999999
      0.111431246      0.19921875               1.0000000000000000             -2.0000000000000000              0.3999999999999999              1.0000000000000000              1.3999999999999999              1.3999999999999999
      0.111431246      0.20703125               1.0000000000000000             -2.0000000000000000              0.3999999999999999              1.0000000000000000              1.3999999999999999              1.3999999999999999
      0.111431246      0.21484375               1.0000000000000000             -2.0000000000000000              0.3999999999999999              1.0000000000000000              1.3999999999999999              1.3999999999999999
      0.111431246      0.22265625               1.0000000000000000             -2.0000000000000000              0.3999999999999999              1.0000000000000000              1.3999999999999999              1.3999999999999999
      0.111431246      0.23046875               1.0000000000000000             -2.0000000000000000              0.3999999999999999              1.0000000000000000              1.3999999999999999              1.3999999999999999
      0.111431246      0.23828125               1.0000000000000000             -2.0000000000000000              0.3999999999999999              1.0000000000000000              1.3999999999999999              1.3999999999999999
      0.111431246      0.24609375               1.0000000000000000             -2.0000000000000000              0.3999999999999999              1.0000000000000000              1.3999999999999999              1.3999999999999999
      0.111431246      0.25390625               1.0000000000000000             -2.0000000000000000              0.3999999999999999              1.0000000000000000              1.3999999999999999              1.3999999999999999
      0.111431246      0.26171875               1.0000000000000000             -2.0000000000000000              0.3999999999999999              1.0000000000000000              1.3999999999999999              1.3999999999999999
      0.111431246      0.26953125               1.0000000000000000             -2.0000000000000000              0.3999999999999999              1.0000000000000000              1.3999999999999999              1.3999999999999999
      0.111431246      0.27734375               1.0000000000000000             -2.0000000000000000              0.3999999999999999              1.0000000000000000              1.3999999999999999              1.3999999999999999
      0.111431246      0.28515625               1.0000000000000000             -2.0000000000000000              0.3999999999999999              1.0000000000000000              1.3999999999999999              1.3999999999999999
      0.111431246      0.29296875               1.0000000000000000             -2.0000000000000000              0.3999999999999999              1.0000000000000000              1.3999999999999999              1.3999999999999999
      0.111431246      0.30078125               1.0000000000000000             -2.0000000000000000              0.3999999999999999              1.0000000000000000              1.3999999999999999              1.3999999999999999
      0.111431246      0.30859375               1.0000000000000000             -2.0000000000000000              0.3999999999999999              1.0000000000000000              1.3999999999999999              1.3999999999999999
      0.111431246      0.31640625               1.0000000000000000             -2.0000000000000000              0.3999999999999999              1.0000000000000000              1.3999999999999999              1.3999999999999999
      0.111431246      0.32421875               1.0000000000000000             -2.0000000000000000              0.3999999999999999              1.0000000000000000              1.3999999999999999              1.3999999999999999
      0.111431246      0.33203125               1.0000000000000000             -2.0000000000000000              0.3999999999999999              1.0000000000000000              1.3999999999999999              1.3999999999999999
      0.111431246      0.33984375               1.0000000000000000             -2.0000000000000000              0.3999999999999999              1.0000000000000000              1.3999999999999999              1.3999999999999999
      0.111431246      0.34765625               1.0000000000000000             -2.0000000000000000              0.3999999999999999              1.0000000000000000              1.3999999999999999              1.3999999999999999
      0.111431246      0.35546875               1.0000000000000000             -2.0000000000000000              0.3999999999999999              1.0000000000000000              1.3999999999999999              1.3999999999999999
      0.111431246      0.36328125               0.9999999706614741             -1.9999998339539964              0.3999999499408322              0.9999998748520806              1.3999999999999999              1.3999999999999999
      0.111431246      0.37109375               0.9999992375655254             -1.9999963018147011              0.3999987894881847              0.9999969737204621              1.3999999999999999              1.3999999999999999
      0.111431246      0.37890625               0.9999906223174387             -1.9999611959998642              0.3999861792063457              0.9999654480158644              1.3999999999999999              1.3999999999999999
      0.111431246      0.38671875               0.9999274469801998             -1.9997453268174747              0.3999010679008359              0.9997526697520900              1.3999999999999999              1.3999999999999999
      0.111431246      0.39453125               0.9996041209415213             -1.9988283200479349              0.3995027085277869              0.9987567713194674              1.3999999999999999              1.3999999999999999
      0.111431246      0.40234375               0.9983799708372914             -1.9959754312577096              0.3981346562820828              0.9953366407052071              1.3999999999999999              1.3999999999999999
      0.111431246      0.41015625               0.9948266705062165             -1.9892105511956626              0.3945646596795135              0.9864116491987840              1.3999999999999999              1.3999999999999999
      0.111431246      0.41796875               0.9866979143985923             -1.9765192261543678              0.3872763802884554              0.9681909507211388              1.3999999999999999              1.3999999999999999
      0.111431246      0.42578125               0.9716274238505667             -1.9568623170540822              0.3752543146678209              0.9381357866695526              1.3999999999999999              1.3999999999999999
      0.111431246      0.43359375               0.9482505382566671             -1.9304988317640714              0.3586032644570916              0.8965081611427292              1.3999999999999999              1.3999999999999999
      0.111431246      0.44140625               0.9168132058503047             -1.8984464861300701              0.3384003440982588              0.8460008602456470              1.3999999999999999              1.3999999999999999
      0.111431246      0.44921875               0.8788235112937205             -1.8618327783896962              0.3160430507083886              0.7901076267709717              1.3999999999999999              1.3999999999999999
      0.111431246      0.45703125               0.8360914418542572             -1.8217202272178268              0.2926916785882733              0.7317291964706836              1.3999999999999999              1.3999999999999999
      0.111431246      0.46484375               0.7906259333346741             -1.7786506394593267              0.2693703217684261              0.6734258044210655              1.3999999999999999              1.3999999999999999
      0.111431246      0.47265625               0.7444519707674183             -1.7328012128546026              0.2466908459837470              0.6167271149593678              1.3999999999999999              1.3999999999999999
      0.111431246      0.48046875               0.6986575158426136             -1.6852400970660439              0.2246734974631972              0.5616837436579931              1.3999999999999999              1.3999999999999999
      0.111431246      0.48828125               0.6539950059358228             -1.6365672654309920              0.2034887208265051              0.5087218020662629              1.3999999999999999              1.3999999999999999
      0.111431246      0.49609375               0.6097631423602848             -1.5868880341301570              0.1831621189307583              0.4579052973268959              1.3999999999999999              1.3999999999999999
      0.111431246      0.50390625               0.5649635375099100             -1.5368686363451518              0.1635130814373650              0.4087827035934126              1.3999999999999999              1.3999999999999999
      0.111431246      0.51171875               0.5184401292934494             -1.4863014329455959              0.1446321893775111              0.3615804734437778              1.3999999999999999              1.3999999999999999
      0.111431246      0.51953125               0.4694646217303642             -1.4340322779022787              0.1268201766561404              0.3170504416403510              1.3999999999999999              1.3999999999999999
      0.111431246      0.52734375               0.4185198344836578             -1.3780006428988083              0.1105868269403342              0.2764670673508356              1.3999999999999999              1.3999999999999999
      0.111431246      0.53515625               0.3670344023463337             -1.3173598235228472              0.0961936420499320              0.2404841051248300              1.3999999999999999              1.3999999999999999
      0.111431246      0.54296875               0.3185283318597119             -1.2555605677938004              0.0835096229565761              0.2087740573914403              1.3999999999999999              1.3999999999999999
      0.111431246      0.55078125               0.2753586172721250             -1.1937556346291183              0.0726671325209391              0.1816678313023478              1.3999999999999999              1.3999999999999999
      0.111431246      0.55859375               0.2375705074246606             -1.1319748911905663              0.0634520796815738              0.1586301992039345              1.3999999999999999              1.3999999999999999
      0.111431246      0.56640625               0.2047842917527560             -1.0702727441204125              0.0556166801334321              0.1390417003335803              1.3999999999999999              1.3999999999999999
      0.111431246      0.57421875               0.1765368081838810             -1.0087306797955264              0.0489509470134052              0.1223773675335130              1.3999999999999999              1.3999999999999999
      0.111431246      0.58203125               0.1523229691099498             -0.9474242102126151              0.0432760461249395              0.1081901153123488              1.3999999999999999              1.3999999999999999
      0.111431246      0.58984375               0.1316413078463735             -0.8864156481948388              0.0384404352092759              0.0961010880231898              1.3999999999999999              1.3999999999999999
      0.111431246      0.59765625               0.1140458073301665             -0.8257785070331797              0.0343173329384370              0.0857933323460926              1.3999999999999999              1.3999999999999999
      0.111431246      0.60546875               0.0992073692962728             -0.7656973931599481              0.0307951552451090              0.0769878881127724              1.3999999999999999              1.3999999999999999
      0.111431246      0.61328125               0.0869875579051876             -0.7064714540220226              0.0277538144446072              0.0693845361115181              1.3999999999999999              1.3999999999999999
      0.111431246      0.62109375               0.0773242088776021             -0.6475874430933440              0.0251141329342566              0.0627853323356414              1.3999999999999999              1.3999999999999999
      0.111431246      0.62890625               0.0694629834796787             -0.5883821558036626              0.0228390107146722              0.0570975267866806              1.3999999999999999              1.3999999999999999
      0.111431246      0.63671875               0.0628264127663192             -0.5295800051480215              0.0208567587937592              0.0521418969843979              1.3999999999999999              1.3999999999999999
      0.111431246      0.64453125               0.0571710024753626             -0.4714022829839895              0.0191160280399993              0.0477900700999982              1.3999999999999999              1.3999999999999999
      0.111431246      0.65234375               0.0522911085444250             -0.4141017237498161              0.0175790197394325              0.0439475493485812              1.3999999999999999              1.3999999999999999
      0.111431246      0.66015625               0.0480185648548261             -0.3581400073843949              0.0162192948157767              0.0405482370394417              1.3999999999999999              1.3999999999999999
      0.111431246      0.66796875               0.0442172726490735             -0.3042279342785534              0.0150260080397596              0.0375650200993990              1.3999999999999999              1.3999999999999999
      0.111431246      0.67578125               0.0407850805799217             -0.2534539474190378              0.0140031021835924              0.0350077554589810              1.3999999999999999              1.3999999999999999
      0.111431246      0.68359375               0.0376930305021392             -0.2072766194062945              0.0131732990402263              0.0329332476005658              1.3999999999999999              1.3999999999999999
      0.111431246      0.69140625               0.0350319011377806             -0.1673487750692544              0.0125762315406613              0.0314405788516531              1.3999999999999999              1.3999999999999999
      0.111431246      0.69921875               0.0329595648187749             -0.1351275027424644              0.0122408297173448              0.0306020742933619              1.3999999999999999              1.3999999999999999
      0.111431246      0.70703125               0.0315002352828468             -0.1107754915281788              0.0121506239518149              0.0303765598795371              1.3999999999999999              1.3999999999999999
      0.111431246      0.71484375               0.0304658585107089             -0.0921657562591997              0.0122537255990726              0.0306343139976816              1.3999999999999999              1.3999999999999999
      0.111431246      0.72265625               0.0296871226183825             -0.0759436545019427              0.0124572151674476              0.0311430379186191              1.3999999999999999              1.3999999999999999
      0.111431246      0.73046875               0.0290812248124614             -0.0596806993480897              0.0126976087366574              0.0317440218416434              1.3999999999999999              1.3999999999999999
      0.111431246      0.73828125               0.0285186680363634             -0.0399757911312407              0.0129402787259519              0.0323506968148798              1.3999999999999999              1.3999999999999999
      0.111431246      0.74609375               0.0279574406115761             -0.0147953245658518              0.0131842646392218              0.0329606615980545              1.3999999999999999              1.3999999999999999
      0.111431246      0.75390625               0.0274920463530349              0.0124039965021035              0.0134639877198097              0.0336599692995243              1.3999999999999999              1.3999999999999999
      0.111431246      0.76171875               0.0272033190234104              0.0393591129884710              0.0138021121761446              0.0345052804403615              1.3999999999999999              1.3999999999999999
      0.111431246      0.76953125               0.0270692211789727              0.0684583185480442              0.0141874311135871              0.0354685777839679              1.3999999999999999              1.3999999999999999
      0.111431246      0.77734375               0.0271204651705536              0.1032837243833194              0.0146350785144166              0.0365876962860415              1.3999999999999999              1.3999999999999999
      0.111431246      0.78515625               0.0274707461819820              0.1397044027494110              0.0151786864587607              0.0379467161469018              1.3999999999999999              1.3999999999999999
      0.111431246      0.79296875               0.0280250921930814              0.1777277408282525              0.0157649024342337              0.0394122560855843              1.3999999999999999              1.3999999999999999
      0.111431246      0.80078125               0.0287136446674297              0.2183541358359971              0.0164079297164134              0.0410198242910335              1.3999999999999999              1.3999999999999999
      0.111431246      0.80859375               0.0296382134444572              0.2621703699815821              0.0171464284772258              0.0428660711930644              1.3999999999999999              1.3999999999999999
      0.111431246      0.81640625               0.0308936781900486              0.3078857971401720              0.0179919610650628              0.0449799026626570              1.3999999999999999              1.3999999999999999
      0.111431246      0.82421875               0.0324954149486571              0.3567804195395624              0.0189425905616416              0.0473564764041040              1.3999999999999999              1.3999999999999999
      0.111431246      0.83203125               0.0345068181901315              0.4080630435232211              0.0200451261271981              0.0501128153179953              1.3999999999999999              1.3999999999999999
      0.111431246      0.83984375               0.0371057101423074              0.4643522576327532              0.0213653335117716              0.0534133337794291              1.3999999999999999              1.3999999999999999
      0.111431246      0.84765625               0.0406096380791045              0.5258949028658108              0.0230051177282132              0.0575127943205331              1.3999999999999999              1.3999999999999999
      0.111431246      0.85546875               0.0455008989657407              0.5944822677544291              0.0251150043665637              0.0627875109164093              1.3999999999999999              1.3999999999999999
      0.111431246      0.86328125               0.0525655577431611              0.6718512543791634              0.0279410786920944              0.0698526967302360              1.3999999999999999              1.3999999999999999
      0.111431246      0.87109375               0.0632653822135948              0.7591583190335899              0.0319297117900083              0.0798242794750207              1.3999999999999999              1.3999999999999999
      0.111431246      0.87890625               0.0801094112410824              0.8550628067492225              0.0374125228300598              0.0935313070751495              1.3999999999999999              1.3999999999999999
      0.111431246      0.88671875               0.1055285292511254              0.9471243315573701              0.0438463773659052              0.1096159434147631              1.3999999999999999              1.3999999999999999
      0.111431246      0.89453125               0.1389635479759171              1.0182584171281357              0.0505547289206179              0.1263868223015447              1.3999999999999999              1.3999999999999999
      0.111431246      0.90234375               0.1722539591303834              1.0724091654800967              0.0567301179684414              0.1418252949211035              1.3999999999999999              1.3999999999999999
      0.111431246      0.91015625               0.2038689389231341              1.1245193953601580              0.0634359863497745              0.1585899658744364              1.3999999999999999              1.3999999999999999
      0.111431246      0.91796875               0.2346401463356970              1.1730439148406520              0.0704639505968099              0.1761598764920248              1.3999999999999999              1.3999999999999999
      0.111431246      0.92578125               0.2657512956196563              1.2212716706628604              0.0782997865512688              0.1957494663781722              1.3999999999999999              1.3999999999999999
      0.111431246      0.93359375               0.2961002495738850              1.2666294478448166              0.0864432110538876              0.2161080276347191              1.3999999999999999              1.3999999999999999
      0.111431246      0.94140625               0.3271516860723167              1.3113548367248027              0.0953413416628228              0.2383533541570571              1.3999999999999999              1.3999999999999999
      0.111431246      0.94921875               0.3582565550207839              1.3545690362759923              0.1047850735082974              0.2619626837707437              1.3999999999999999              1.3999999999999999
      0.111431246      0.95703125               0.3898409367276930              1.3965798421591573              0.1148270557472538              0.2870676393681346              1.3999999999999999              1.3999999999999999
      0.111431246      0.96484375               0.4220177229666167              1.4377892850962350              0.1255608165484070              0.3139020413710176              1.3999999999999999              1.3999999999999999
      0.111431246      0.97265625               0.4547835481400762              1.4780446948106920              0.1369482300555278              0.3423705751388195              1.3999999999999999              1.3999999999999999
      0.111431246      0.98046875               0.4884263265489113              1.5174516423486759              0.1490956249739786              0.3727390624349466              1.3999999999999999              1.3999999999999999
      0.111431246      0.98828125               0.5242109965585876              1.5566590086037713              0.1613208547292040              0.4033021368230100              1.3999999999999999              1.3999999999999999
      0.111431246      0.99609375               0.5545198967311775              1.5889108962565657              0.1679352209578581              0.4198380523946453              1.3999999999999999              1.3999999999999999
