      0.090964282      0.00390625               1.0000000000000000             -2.0000000000000000              0.3999999999999999              1.0000000000000000              1.3999999999999999              1.3999999999999999
      0.090964282      0.01171875               1.0000000000000000             -2.0000000000000000              0.3999999999999999              1.0000000000000000              1.3999999999999999              1.3999999999999999
      0.090964282      0.01953125               1.0000000000000000             -2.0000000000000000              0.3999999999999999              1.0000000000000000              1.3999999999999999              1.3999999999999999
      0.090964282      0.02734375               1.0000000000000000             -2.0000000000000000              0.3999999999999999              1.0000000000000000              1.3999999999999999              1.3999999999999999
      0.090964282      0.03515625               1.0000000000000000             -2.0000000000000000              0.3999999999999999              1.0000000000000000              1.3999999999999999              1.3999999999999999
      0.090964282      0.04296875               1.0000000000000000             -2.0000000000000000              0.3999999999999999              1.0000000000000000              1.3999999999999999              1.3999999999999999
      0.090964282      0.05078125               1.0000000000000000             -2.0000000000000000              0.3999999999999999              1.0000000000000000              1.3999999999999999              1.3999999999999999
      0.090964282      0.05859375               1.0000000000000000             -2.0000000000000000              0.3999999999999999              1.0000000000000000              1.3999999999999999              1.3999999999999999
      0.090964282      0.06640625               1.0000000000000000             -2.0000000000000000              0.3999999999999999              1.0000000000000000              1.3999999999999999              1.3999999999999999
      0.090964282      0.07421875               1.0000000000000000             -2.0000000000000000              0.3999999999999999              1.0000000000000000              1.3999999999999999              1.3999999999999999
      0.090964282      0.08203125               1.0000000000000000             -2.0000000000000000              0.3999999999999999              1.0000000000000000              1.3999999999999999              1.3999999999999999
      0.090964282      0.08984375               1.0000000000000000             -2.0000000000000000              0.3999999999999999              1.0000000000000000              1.3999999999999999              1.3999999999999999
      0.090964282      0.09765625               1.0000000000000000             -2.0000000000000000              0.3999999999999999              1.0000000000000000              1.3999999999999999              1.3999999999999999
      0.090964282      0.10546875               1.0000000000000000             -2.0000000000000000              0.3999999999999999              1.0000000000000000              1.3999999999999999              1.3999999999999999
      0.090964282      0.11328125               1.0000000000000000             -2.0000000000000000              0.3999999999999999              1.0000000000000000              1.3999999999999999              1.3999999999999999
      0.090964282      0.12109375               1.0000000000000000             -2.0000000000000000              0.3999999999999999              1.0000000000000000              1.3999999999999999              1.3999999999999999
      0.090964282      0.12890625               1.0000000000000000             -2.0000000000000000              0.3999999999999999              1.0000000000000000              1.3999999999999999              1.3999999999999999
      0.090964282      0.13671875               1.0000000000000000             -2.0000000000000000              0.3999999999999999              1.0000000000000000              1.3999999999999999              1.3999999999999999
      0.090964282      0.14453125               1.0000000000000000             -2.0000000000000000              0.3999999999999999              1.0000000000000000              1.3999999999999999              1.3999999999999999
      0.090964282      0.15234375               1.0000000000000000             -2.0000000000000000              0.3999999999999999              1.0000000000000000              1.3999999999999999              1.3999999999999999
      0.090964282      0.16015625               1.0000000000000000             -2.0000000000000000              0.3999999999999999              1.0000000000000000              1.3999999999999999              1.3999999999999999
      0.090964282      0.16796875               1.0000000000000000             -2.0000000000000000              0.3999999999999999              1.0000000000000000              1.3999999999999999              1.3999999999999999
      0.090964282      0.17578125               1.0000000000000000             -2.0000000000000000              0.3999999999999999              1.0000000000000000              1.3999999999999999              1.3999999999999999
      0.090964282      0.18359375               1.0000000000000000             -2.0000000000000000              0.3999999999999999              1.0000000000000000              1.3999999999999999              1.3999999999999999
      0.090964282      0.19140625               1.0000000000000000             -2.0000000000000000              0.3999999999999999              1.0000000000000000              1.3999999999999999              1.3999999999999999
      0.090964282      0.19921875               1.0000000000000000             -2.0000000000000000              0.3999999999999999              1.0000000000000000              1.3999999999999999              1.3999999999999999
      0.090964282      0.20703125               1.0000000000000000             -2.0000000000000000              0.3999999999999999              1.0000000000000000              1.3999999999999999              1.3999999999999999
      0.090964282      0.21484375               1.0000000000000000             -2.0000000000000000              0.3999999999999999              1.0000000000000000              1.3999999999999999              1.3999999999999999
      0.090964282      0.22265625               1.0000000000000000             -2.0000000000000000              0.3999999999999999              1.0000000000000000              1.3999999999999999              1.3999999999999999
      0.090964282      0.23046875               1.0000000000000000             -2.0000000000000000              0.3999999999999999              1.0000000000000000              1.3999999999999999              1.3999999999999999
      0.090964282      0.23828125               1.0000000000000000             -2.0000000000000000              0.3999999999999999              1.0000000000000000              1.3999999999999999              1.3999999999999999
      0.090964282      0.24609375               1.0000000000000000             -2.0000000000000000              0.3999999999999999              1.0000000000000000              1.3999999999999999              1.3999999999999999
      0.090964282      0.25390625               1.0000000000000000             -2.0000000000000000              0.3999999999999999              1.0000000000000000              1.3999999999999999              1.3999999999999999
      0.090964282      0.26171875               1.0000000000000000             -2.0000000000000000              0.3999999999999999              1.0000000000000000              1.3999999999999999              1.3999999999999999
      0.090964282      0.26953125               1.0000000000000000             -2.0000000000000000              0.3999999999999999              1.0000000000000000              1.3999999999999999              1.3999999999999999
      0.090964282      0.27734375               1.0000000000000000             -2.0000000000000000              0.3999999999999999              1.0000000000000000              1.3999999999999999              1.3999999999999999
      0.090964282      0.28515625               1.0000000000000000             -2.0000000000000000              0.3999999999999999              1.0000000000000000              1.3999999999999999              1.3999999999999999
      0.090964282      0.29296875               1.0000000000000000             -2.0000000000000000              0.3999999999999999              1.0000000000000000              1.3999999999999999              1.3999999999999999
      0.090964282      0.30078125               1.0000000000000000             -2.0000000000000000              0.3999999999999999              1.0000000000000000              1.3999999999999999              1.3999999999999999
      0.090964282      0.30859375               1.0000000000000000             -2.0000000000000000              0.3999999999999999              1.0000000000000000              1.3999999999999999              1.3999999999999999
      0.090964282      0.31640625               1.0000000000000000             -2.0000000000000000              0.3999999999999999              1.0000000000000000              1.3999999999999999              1.3999999999999999
      0.090964282      0.32421875               1.0000000000000000             -2.0000000000000000              0.3999999999999999              1.0000000000000000              1.3999999999999999              1.3999999999999999
      0.090964282      0.33203125               1.0000000000000000             -2.0000000000000000              0.3999999999999999              1.0000000000000000              1.3999999999999999              1.3999999999999999
      0.090964282      0.33984375               1.0000000000000000             -2.0000000000000000              0.3999999999999999              1.0000000000000000              1.3999999999999999              1.3999999999999999
      0.090964282      0.34765625               1.0000000000000000             -2.0000000000000000              0.3999999999999999              1.0000000000000000              1.3999999999999999              1.3999999999999999
      0.090964282      0.35546875               1.0000000000000000             -2.0000000000000000              0.3999999999999999              1.0000000000000000              1.3999999999999999              1.3999999999999999
      0.090964282      0.36328125               1.0000000000000000             -2.0000000000000000              0.3999999999999999              1.0000000000000000              1.3999999999999999              1.3999999999999999
      0.090964282      0.37109375               1.0000000000000000             -2.0000000000000000              0.3999999999999999              1.0000000000000000              1.3999999999999999              1.3999999999999999
      0.090964282      0.37890625               1.0000000000000000             -2.0000000000000000              0.3999999999999999              1.0000000000000000              1.3999999999999999              1.3999999999999999
      0.090964282      0.38671875               1.0000000000000000             -2.0000000000000000              0.3999999999999999              1.0000000000000000              1.3999999999999999              1.3999999999999999
      0.090964282      0.39453125               1.0000000000000000             -2.0000000000000000              0.3999999999999999              1.0000000000000000              1.3999999999999999              1.3999999999999999
      0.090964282      0.40234375               1.0000000000000000             -2.0000000000000000              0.3999999999999999              1.0000000000000000              1.3999999999999999              1.3999999999999999
      0.090964282      0.41015625               1.0000000000000000             -2.0000000000000000              0.3999999999999999              1.0000000000000000              1.3999999999999999              1.3999999999999999
      0.090964282      0.41796875               1.0000000000000000             -2.0000000000000000              0.3999999999999999              1.0000000000000000              1.3999999999999999              1.3999999999999999
      0.090964282      0.42578125               1.0000000000000000             -2.0000000000000000              0.3999999999999999              1.0000000000000000              1.3999999999999999              1.3999999999999999
      0.090964282      0.43359375               0.9999995747132119             -1.9999975930456835              0.3999992743604585              0.9999981859011464              1.3999999999999999              1.3999999999999999
      0.090964282      0.44140625               0.9999907254449217             -1.9999564580050966              0.3999854884581557              0.9999637211453896              1.3999999999999999              1.3999999999999999
      0.090964282      0.44921875               0.9999053714708795             -1.9996340849456105              0.3998647938571782              0.9996619846429458              1.3999999999999999              1.3999999999999999
      0.090964282      0.45703125               0.9994002580899816             -1.9981043840721349              0.3992220542168100              0.9980551355420253              1.3999999999999999              1.3999999999999999
      0.090964282      0.46484375               0.9973537112445862             -1.9931947247455473              0.3969042749047497              0.9922606872618744              1.3999999999999999              1.3999999999999999
      0.090964282      0.47265625               0.9913321045625240             -1.9818029693036721              0.3909022950242004              0.9772557375605013              1.3999999999999999              1.3999999999999999
      0.090964282      0.48046875               0.9778972460078588             -1.9615426231021607              0.3792110777112795              0.9480276942781989              1.3999999999999999              1.3999999999999999
      0.090964282      0.48828125               0.9541970929973069             -1.9321152176138690              0.3612242565413073              0.9030606413532685              1.3999999999999999              1.3999999999999999
      0.090964282      0.49609375               0.9196422857047538             -1.8948404308862119              0.3381556732731192              0.8453891831827982              1.3999999999999999              1.3999999999999999
      0.090964282      0.50390625               0.8760987733136003             -1.8513219692434810              0.3121082290915836              0.7802705727289592              1.3999999999999999              1.3999999999999999
      0.090964282      0.51171875               0.8266329975331734             -1.8028972041459179              0.2849193091633446              0.7122982729083618              1.3999999999999999              1.3999999999999999
      0.090964282      0.51953125               0.7744215702411631             -1.7506731346674056              0.2577979099448688              0.6444947748621723              1.3999999999999999              1.3999999999999999
      0.090964282      0.52734375               0.7215133895549418             -1.6959607556743601              0.2312112030469587              0.5780280076173969              1.3999999999999999              1.3999999999999999
      0.090964282      0.53515625               0.6676588343017734             -1.6401786353471255              0.2051820453768630              0.5129551134421576              1.3999999999999999              1.3999999999999999
      0.090964282      0.54296875               0.6112150302482191             -1.5837566767705038              0.1798037667264103              0.4495094168160260              1.3999999999999999              1.3999999999999999
      0.090964282      0.55078125               0.5504826286903228             -1.5256814180967393              0.1554598038132037              0.3886495095330094              1.3999999999999999              1.3999999999999999
      0.090964282      0.55859375               0.4854838993040910             -1.4633056490026959              0.1329344420088819              0.3323361050222047              1.3999999999999999              1.3999999999999999
      0.090964282      0.56640625               0.4179817238682788             -1.3929641468790417              0.1131488218223192              0.2828720545557982              1.3999999999999999              1.3999999999999999
      0.090964282      0.57421875               0.3523259621715827             -1.3175978256734293              0.0959037544445795              0.2397593861114487              1.3999999999999999              1.3999999999999999
      0.090964282      0.58203125               0.2946463947248249             -1.2419232467369958              0.0813623013029604              0.2034057532574010              1.3999999999999999              1.3999999999999999
      0.090964282      0.58984375               0.2460683084918785             -1.1664608376812313              0.0694192817264959              0.1735482043162397              1.3999999999999999              1.3999999999999999
      0.090964282      0.59765625               0.2055756752406212             -1.0912857434972174              0.0595987729438595              0.1489969323596487              1.3999999999999999              1.3999999999999999
      0.090964282      0.60546875               0.1720641616089504             -1.0165287076145437              0.0515058212354628              0.1287645530886571              1.3999999999999999              1.3999999999999999
      0.090964282      0.61328125               0.1444775469096247             -0.9423059922456689              0.0448231978676949              0.1120579946692373              1.3999999999999999              1.3999999999999999
      0.090964282      0.62109375               0.1218961892278598             -0.8687933574352343              0.0392881449574870              0.0982203623937175              1.3999999999999999              1.3999999999999999
      0.090964282      0.62890625               0.1036435082242360             -0.7962731073086302              0.0346848102111733              0.0867120255279332              1.3999999999999999              1.3999999999999999
      0.090964282      0.63671875               0.0893523808779790             -0.7251006013689142              0.0307789647711293              0.0769474119278232              1.3999999999999999              1.3999999999999999
      0.090964282      0.64453125               0.0786386796287869             -0.6536583268460446              0.0274909612229566              0.0687274030573914              1.3999999999999999              1.3999999999999999
      0.090964282      0.65234375               0.0700260325592779             -0.5818907211187064              0.0246991815865776              0.0617479539664441              1.3999999999999999              1.3999999999999999
      0.090964282      0.66015625               0.0628437516045289             -0.5110416555565664              0.0222899034931720              0.0557247587329301              1.3999999999999999              1.3999999999999999
      0.090964282      0.66796875               0.0567404832303078             -0.4411220550146142              0.0202048107848496              0.0505120269621241              1.3999999999999999              1.3999999999999999
      0.090964282      0.67578125               0.0514298674783965             -0.3725638694999922              0.0183900354626986              0.0459750886567466              1.3999999999999999              1.3999999999999999
      0.090964282      0.68359375               0.0466986509172316             -0.3062022751699396              0.0168056800667202              0.0420142001668004              1.3999999999999999              1.3999999999999999
      0.090964282      0.69140625               0.0424151584935055             -0.2430335158971743              0.0154542304514617              0.0386355761286541              1.3999999999999999              1.3999999999999999
      0.090964282      0.69921875               0.0385714357131381             -0.1845518060104712              0.0143713064811252              0.0359282662028130              1.3999999999999999              1.3999999999999999
      0.090964282      0.70703125               0.0353467910633945             -0.1329899904499008              0.0136177955143058              0.0340444887857645              1.3999999999999999              1.3999999999999999
      0.090964282      0.71484375               0.0330061190951965             -0.0910397578510128              0.0132353464623114              0.0330883661557786              1.3999999999999999              1.3999999999999999
      0.090964282      0.72265625               0.0315562830411152             -0.0592118854599535              0.0132314286126746              0.0330785715316864              1.3999999999999999              1.3999999999999999
      0.090964282      0.73046875               0.0306840924561888             -0.0354548390196818              0.0134952357098095              0.0337380892745238              1.3999999999999999              1.3999999999999999
      0.090964282      0.73828125               0.0302202694266880             -0.0136310191690436              0.0139254373315268              0.0348135933288171              1.3999999999999999              1.3999999999999999
      0.090964282      0.74609375               0.0299432601604172              0.0103014841183902              0.0144158192145237              0.0360395480363093              1.3999999999999999              1.3999999999999999
      0.090964282      0.75390625               0.0297117423400152              0.0433539283075004              0.0149210181903533              0.0373025454758833              1.3999999999999999              1.3999999999999999
      0.090964282      0.76171875               0.0295557639548821              0.0831415437822442              0.0154558239613067              0.0386395599032667              1.3999999999999999              1.3999999999999999
      0.090964282      0.76953125               0.0296712745446315              0.1232749131854516              0.0161140320167855              0.0402850800419638              1.3999999999999999              1.3999999999999999
      0.090964282      0.77734375               0.0301751908568255              0.1672991282118372              0.0169123744309556              0.0422809360773891              1.3999999999999999              1.3999999999999999
      0.090964282      0.78515625               0.0309218964193525              0.2139254150179275              0.0177653889160225              0.0444134722900562              1.3999999999999999              1.3999999999999999
      0.090964282      0.79296875               0.0318667149784334              0.2635763432983272              0.0187126291706921              0.0467815729267302              1.3999999999999999              1.3999999999999999
      0.090964282      0.80078125               0.0331703297039455              0.3159762740341450              0.0198187429116714              0.0495468572791786              1.3999999999999999              1.3999999999999999
      0.090964282      0.80859375               0.0349469003713302              0.3737341250229164              0.0210747752851720              0.0526869382129299              1.3999999999999999              1.3999999999999999
      0.090964282      0.81640625               0.0372773888220201              0.4334982641999667              0.0225347663365898              0.0563369158414745              1.3999999999999999              1.3999999999999999
      0.090964282      0.82421875               0.0403496056477427              0.4997794519870442              0.0242876869308201              0.0607192173270502              1.3999999999999999              1.3999999999999999
      0.090964282      0.83203125               0.0446211922389280              0.5730105289067202              0.0265091839650762              0.0662729599126905              1.3999999999999999              1.3999999999999999
      0.090964282      0.83984375               0.0508901109496941              0.6562191831990906              0.0294674076446176              0.0736685191115441              1.3999999999999999              1.3999999999999999
      0.090964282      0.84765625               0.0605783955624307              0.7515403530867708              0.0336527124054584              0.0841317810136461              1.3999999999999999              1.3999999999999999
      0.090964282      0.85546875               0.0766019174331476              0.8614974082174374              0.0399072381724298              0.0997680954310744              1.3999999999999999              1.3999999999999999
      0.090964282      0.86328125               0.1029218482093666              0.9755636446475847              0.0477931355856041              0.1194828389640103              1.3999999999999999              1.3999999999999999
      0.090964282      0.87109375               0.1427834876108135              1.0727084696199787              0.0571425425608156              0.1428563564020390              1.3999999999999999              1.3999999999999999
      0.090964282      0.87890625               0.1885952781434474              1.1373857391398641              0.0656024467199698              0.1640061167999246              1.3999999999999999              1.3999999999999999
      0.090964282      0.88671875               0.2308193792915550              1.1953862321573834              0.0742747560487426              0.1856868901218566              1.3999999999999999              1.3999999999999999
      0.090964282      0.89453125               0.2710793491716738              1.2498963369924854              0.0835330702950706              0.2088326757376765              1.3999999999999999              1.3999999999999999
      0.090964282      0.90234375               0.3110497232207023              1.3030742863647060              0.0937840434818950              0.2344601087047377              1.3999999999999999              1.3999999999999999
      0.090964282      0.91015625               0.3495792405480633              1.3527303230722676              0.1044316018380150              0.2610790045950376              1.3999999999999999              1.3999999999999999
      0.090964282      0.91796875               0.3890363361729122              1.4026774233737083              0.1163527191859320              0.2908817979648300              1.3999999999999999              1.3999999999999999
      0.090964282      0.92578125               0.4276099463869029              1.4500675905146649              0.1287947307036686              0.3219868267591716              1.3999999999999999              1.3999999999999999
      0.090964282      0.93359375               0.4673106757500942              1.4966448228340086              0.1422971920926056              0.3557429802315141              1.3999999999999999              1.3999999999999999
      0.090964282      0.94140625               0.5072972906101731              1.5419290950421787              0.1566791631826101              0.3916979079565254              1.3999999999999999              1.3999999999999999
      0.090964282      0.94921875               0.5479674239348215              1.5857703278973803              0.1718702407673872              0.4296756019184680              1.3999999999999999              1.3999999999999999
      0.090964282      0.95703125               0.5892692539820132              1.6285820115424254              0.1879923096526558              0.4699807741316397              1.3999999999999999              1.3999999999999999
      0.090964282      0.96484375               0.6313410369087528              1.6703066187270910              0.2050561939713910              0.5126404849284777              1.3999999999999999              1.3999999999999999
      0.090964282      0.97265625               0.6727100513963794              1.7101878777684207              0.2225616198247029              0.5564040495617575              1.3999999999999999              1.3999999999999999
      0.090964282      0.98046875               0.7156157799538747              1.7499470635218519              0.2415679074545592              0.6039197686363982              1.3999999999999999              1.3999999999999999
      0.090964282      0.98828125               0.7572897023488113              1.7871569074445663              0.2601108517218363              0.6502771293045908              1.3999999999999999              1.3999999999999999
      0.090964282      0.99609375               0.7964346853143790              1.8214821757528914              0.2735994022642383              0.6839985056605959              1.3999999999999999              1.3999999999999999
